         350           0     0.00762     1.10528     7.50746     7.82398
         375           0     0.00914     1.12077     7.54095     7.86201
         375          25     0.00834     1.14682     7.60213     7.93148
         400           0     0.00825     1.11657     7.53165     7.85144
         400          25     0.00890     1.12312     7.54626     7.86804
         400          50     0.00766     1.14701     7.60260     7.93201
         425           0     0.00911     1.10077     7.49819     7.81346
         425          25     0.01006     1.10086     7.49836     7.81365
         425          50     0.00848     1.13020     7.56248     7.88646
         425          75     0.00829     1.13346     7.57009     7.89510
         450           0     0.01058     1.11705     7.53270     7.85264
         450          25     0.01084     1.11250     7.52276     7.84135
         450          50     0.00883     1.10806     7.51329     7.83060
         450          75     0.00857     1.12373     7.54763     7.86959
         450         100     0.00952     1.10801     7.51318     7.83047
         475           0     0.01005     1.11103     7.51960     7.83777
         475          25     0.00990     1.09708     7.49078     7.80504
         475          50     0.00967     1.10391     7.50461     7.82075
         475          75     0.01035     1.11889     7.53676     7.85726
         475         100     0.00932     1.12756     7.55637     7.87952
         475         125     0.00794     1.13020     7.56247     7.88645
         500           0     0.01022     1.11162     7.52087     7.83921
         500          25     0.01088     1.10590     7.50875     7.82544
         500          50     0.01162     1.12275     7.54541     7.86707
         500          75     0.01145     1.11023     7.51789     7.83582
         500         100     0.00964     1.13536     7.57457     7.90018
         500         125     0.00888     1.11282     7.52345     7.84214
         500         150     0.00934     1.11344     7.52480     7.84367
         525           0     0.01222     1.12171     7.54306     7.86441
         525          25     0.01203     1.11165     7.52094     7.83929
         525          50     0.01225     1.10643     7.50985     7.82670
         525          75     0.01104     1.10389     7.50457     7.82070
         525         100     0.01081     1.12003     7.53931     7.86015
         525         125     0.01084     1.12006     7.53937     7.86022
         525         150     0.00953     1.11933     7.53774     7.85836
         525         175     0.00893     1.11520     7.52864     7.84803
         550           0     0.01155     1.10083     7.49830     7.81358
         550          25     0.01120     1.11512     7.52846     7.84782
         550          50     0.01136     1.10021     7.49705     7.81216
         550          75     0.01151     1.10881     7.51488     7.83241
         550         100     0.01117     1.10899     7.51525     7.83283
         550         125     0.00945     1.11273     7.52326     7.84192
         550         150     0.00971     1.12135     7.54226     7.86350
         550         175     0.01052     1.10956     7.51645     7.83419
         550         200     0.00869     1.14220     7.59089     7.91872
         575           0     0.01203     1.09999     7.49660     7.81164
         575          25     0.01197     1.11201     7.52171     7.84016
         575          50     0.01153     1.10121     7.49909     7.81447
         575          75     0.01082     1.11035     7.51815     7.83612
         575         100     0.01177     1.10890     7.51505     7.83260
         575         125     0.01189     1.11128     7.52015     7.83839
         575         150     0.01010     1.12188     7.54346     7.86485
         575         175     0.00866     1.12185     7.54338     7.86477
         575         200     0.00973     1.11696     7.53249     7.85241
         575         225     0.00899     1.12655     7.55405     7.87688
         600           0     0.01196     1.11262     7.52302     7.84165
         600          25     0.01251     1.10047     7.49758     7.81276
         600          50     0.01221     1.09239     7.48161     7.79463
         600          75     0.01076     1.11284     7.52350     7.84219
         600         100     0.01084     1.10065     7.49793     7.81316
         600         125     0.01276     1.09761     7.49182     7.80623
         600         150     0.01097     1.09862     7.49385     7.80853
         600         175     0.01060     1.11674     7.53201     7.85186
         600         200     0.01172     1.12058     7.54054     7.86155
         600         225     0.01025     1.10256     7.50183     7.81759
         600         250     0.00946     1.12533     7.55128     7.87374
         625           0     0.01220     1.10493     7.50673     7.82315
         625          25     0.01325     1.10333     7.50341     7.81938
         625          50     0.01307     1.09956     7.49573     7.81066
         625          75     0.01312     1.10698     7.51102     7.82802
         625         100     0.01172     1.11705     7.53269     7.85262
         625         125     0.01155     1.11084     7.51919     7.83730
         625         150     0.01154     1.10044     7.49751     7.81268
         625         175     0.01094     1.11548     7.52925     7.84872
         625         200     0.01154     1.10347     7.50371     7.81972
         625         225     0.01105     1.11207     7.52183     7.84030
         625         250     0.00981     1.12073     7.54087     7.86192
         625         275     0.00878     1.14325     7.59345     7.92162
         650           0     0.01202     1.12087     7.54119     7.86228
         650          25     0.01244     1.10043     7.49749     7.81265
         650          50     0.01296     1.10682     7.51068     7.82764
         650          75     0.01297     1.10207     7.50084     7.81646
         650         100     0.01217     1.10507     7.50701     7.82347
         650         125     0.01093     1.10268     7.50207     7.81786
         650         150     0.01118     1.10964     7.51663     7.83440
         650         175     0.01175     1.11791     7.53459     7.85479
         650         200     0.01098     1.11414     7.52633     7.84541
         650         225     0.01166     1.10018     7.49699     7.81209
         650         250     0.01101     1.12828     7.55803     7.88140
         650         275     0.00951     1.11127     7.52013     7.83836
         650         300     0.00921     1.10886     7.51498     7.83252
         675           0     0.01249     1.11857     7.53605     7.85645
         675          25     0.01346     1.11825     7.53535     7.85565
         675          50     0.01237     1.10990     7.51719     7.83503
         675          75     0.01264     1.11141     7.52041     7.83869
         675         100     0.01370     1.10328     7.50331     7.81926
         675         125     0.01224     1.10391     7.50461     7.82074
         675         150     0.01196     1.10784     7.51283     7.83007
         675         175     0.01125     1.10777     7.51268     7.82991
         675         200     0.01149     1.12017     7.53962     7.86050
         675         225     0.01141     1.10508     7.50703     7.82350
         675         250     0.01109     1.10072     7.49809     7.81333
         675         275     0.01002     1.11015     7.51772     7.83564
         675         300     0.00981     1.11074     7.51898     7.83707
         675         325     0.00919     1.15721     7.62789     7.96074
         700           0     0.01230     1.10471     7.50626     7.82262
         700          25     0.01300     1.10252     7.50174     7.81749
         700          50     0.01356     1.10591     7.50878     7.82548
         700          75     0.01343     1.10088     7.49840     7.81370
         700         100     0.01296     1.10157     7.49981     7.81530
         700         125     0.01218     1.10824     7.51366     7.83102
         700         150     0.01178     1.11128     7.52014     7.83838
         700         175     0.01276     1.09996     7.49655     7.81160
         700         200     0.01220     1.12278     7.54549     7.86717
         700         225     0.01131     1.10378     7.50436     7.82046
         700         250     0.01077     1.11040     7.51826     7.83624
         700         275     0.01143     1.11068     7.51886     7.83693
         700         300     0.01091     1.11136     7.52032     7.83858
         700         325     0.00993     1.11060     7.51868     7.83672
         700         350     0.00917     1.13211     7.56693     7.89151
         725           0     0.01353     1.10123     7.49911     7.81450
         725          25     0.01290     1.11148     7.52057     7.83886
         725          50     0.01336     1.10267     7.50206     7.81785
         725          75     0.01281     1.10262     7.50195     7.81773
         725         100     0.01306     1.11174     7.52112     7.83950
         725         125     0.01190     1.11432     7.52671     7.84584
         725         150     0.01168     1.09927     7.49516     7.81001
         725         175     0.01186     1.10911     7.51551     7.83313
         725         200     0.01261     1.11111     7.51979     7.83798
         725         225     0.01172     1.12738     7.55596     7.87906
         725         250     0.01228     1.11319     7.52427     7.84307
         725         275     0.01052     1.11098     7.51949     7.83764
         725         300     0.01138     1.10645     7.50990     7.82675
         725         325     0.01041     1.10469     7.50623     7.82258
         725         350     0.01035     1.11458     7.52729     7.84649
         725         375     0.00970     1.13613     7.57638     7.90224
         750           0     0.01356     1.11207     7.52183     7.84030
         750          25     0.01352     1.11196     7.52160     7.84004
         750          50     0.01348     1.10673     7.51048     7.82741
         750          75     0.01316     1.10782     7.51277     7.83001
         750         100     0.01296     1.11176     7.52117     7.83955
         750         125     0.01282     1.10880     7.51485     7.83238
         750         150     0.01216     1.10531     7.50752     7.82404
         750         175     0.01283     1.10527     7.50744     7.82396
         750         200     0.01213     1.10112     7.49890     7.81426
         750         225     0.01218     1.12647     7.55388     7.87669
         750         250     0.01176     1.10466     7.50617     7.82251
         750         275     0.01244     1.10811     7.51339     7.83071
         750         300     0.01081     1.11049     7.51845     7.83646
         750         325     0.00999     1.10038     7.49739     7.81254
         750         350     0.01126     1.11240     7.52256     7.84113
         750         375     0.00966     1.12942     7.56065     7.88438
         750         400     0.00991     1.12434     7.54902     7.87117
         775           0     0.01407     1.10620     7.50939     7.82617
         775          25     0.01311     1.11385     7.52569     7.84469
         775          50     0.01476     1.10867     7.51458     7.83206
         775          75     0.01415     1.11449     7.52709     7.84627
         775         100     0.01414     1.11781     7.53437     7.85454
         775         125     0.01325     1.10647     7.50993     7.82679
         775         150     0.01298     1.11186     7.52139     7.83979
         775         175     0.01248     1.10817     7.51351     7.83085
         775         200     0.01303     1.11302     7.52389     7.84263
         775         225     0.01193     1.09668     7.48998     7.80413
         775         250     0.01212     1.10865     7.51453     7.83201
         775         275     0.01124     1.11530     7.52885     7.84828
         775         300     0.01194     1.10225     7.50119     7.81686
         775         325     0.01026     1.12039     7.54010     7.86105
         775         350     0.00985     1.10897     7.51520     7.83277
         775         375     0.01011     1.11318     7.52423     7.84303
         775         400     0.00918     1.11799     7.53477     7.85499
         775         425     0.00848     1.11781     7.53438     7.85455
         800           0     0.01342     1.11573     7.52979     7.84934
         800          25     0.01367     1.10931     7.51594     7.83361
         800          50     0.01432     1.11091     7.51936     7.83749
         800          75     0.01448     1.10211     7.50091     7.81654
         800         100     0.01337     1.10924     7.51578     7.83343
         800         125     0.01482     1.10315     7.50305     7.81897
         800         150     0.01337     1.10357     7.50392     7.81996
         800         175     0.01314     1.10834     7.51389     7.83128
         800         200     0.01282     1.10559     7.50811     7.82472
         800         225     0.01314     1.10872     7.51467     7.83217
         800         250     0.01285     1.10629     7.50957     7.82638
         800         275     0.01276     1.11001     7.51743     7.83530
         800         300     0.01160     1.11306     7.52397     7.84273
         800         325     0.01137     1.10212     7.50094     7.81658
         800         350     0.01055     1.10538     7.50765     7.82420
         800         375     0.01089     1.11997     7.53917     7.85999
         800         400     0.01056     1.12710     7.55531     7.87832
         800         425     0.01030     1.13988     7.58532     7.91240
         800         450     0.00927     1.12633     7.55355     7.87631
         825           0     0.01267     1.10989     7.51716     7.83500
         825          25     0.01290     1.11724     7.53312     7.85312
         825          50     0.01358     1.12002     7.53928     7.86011
         825          75     0.01352     1.11479     7.52775     7.84701
         825         100     0.01442     1.10540     7.50770     7.82425
         825         125     0.01327     1.10845     7.51411     7.83154
         825         150     0.01278     1.10396     7.50471     7.82086
         825         175     0.01382     1.10138     7.49942     7.81485
         825         200     0.01233     1.10332     7.50339     7.81936
         825         225     0.01324     1.10734     7.51176     7.82887
         825         250     0.01302     1.10562     7.50816     7.82477
         825         275     0.01270     1.11343     7.52479     7.84366
         825         300     0.01257     1.10956     7.51647     7.83421
         825         325     0.01180     1.11051     7.51849     7.83651
         825         350     0.01220     1.10729     7.51166     7.82875
         825         375     0.01164     1.10189     7.50046     7.81603
         825         400     0.01186     1.11168     7.52099     7.83935
         825         425     0.00940     1.11532     7.52889     7.84831
         825         450     0.00947     1.13745     7.57952     7.90580
         825         475     0.00880     1.12443     7.54922     7.87140
         850           0     0.01354     1.11047     7.51841     7.83641
         850          25     0.01495     1.12127     7.54209     7.86330
         850          50     0.01331     1.11447     7.52704     7.84622
         850          75     0.01311     1.10886     7.51498     7.83252
         850         100     0.01319     1.11332     7.52453     7.84337
         850         125     0.01327     1.11418     7.52640     7.84549
         850         150     0.01408     1.10846     7.51414     7.83156
         850         175     0.01272     1.12143     7.54244     7.86370
         850         200     0.01293     1.10880     7.51486     7.83238
         850         225     0.01444     1.10494     7.50676     7.82318
         850         250     0.01276     1.09705     7.49073     7.80498
         850         275     0.01302     1.11201     7.52172     7.84017
         850         300     0.01261     1.11042     7.51830     7.83629
         850         325     0.01133     1.11449     7.52708     7.84625
         850         350     0.01239     1.11069     7.51887     7.83694
         850         375     0.01240     1.10488     7.50663     7.82304
         850         400     0.01085     1.11252     7.52281     7.84141
         850         425     0.01042     1.11268     7.52316     7.84180
         850         450     0.01052     1.12748     7.55620     7.87932
         850         475     0.01012     1.12430     7.54893     7.87107
         850         500     0.00948     1.11254     7.52285     7.84146
         875           0     0.01374     1.11140     7.52041     7.83868
         875          25     0.01392     1.11138     7.52037     7.83864
         875          50     0.01380     1.11407     7.52616     7.84522
         875          75     0.01298     1.11470     7.52755     7.84679
         875         100     0.01473     1.11094     7.51940     7.83754
         875         125     0.01290     1.09844     7.49348     7.80811
         875         150     0.01320     1.11362     7.52518     7.84410
         875         175     0.01468     1.09838     7.49337     7.80798
         875         200     0.01371     1.10876     7.51476     7.83227
         875         225     0.01368     1.11051     7.51849     7.83651
         875         250     0.01350     1.10078     7.49821     7.81348
         875         275     0.01363     1.10524     7.50737     7.82387
         875         300     0.01276     1.10291     7.50255     7.81841
         875         325     0.01288     1.11146     7.52053     7.83882
         875         350     0.01245     1.10416     7.50513     7.82133
         875         375     0.01231     1.11116     7.51988     7.83809
         875         400     0.01223     1.10385     7.50448     7.82060
         875         425     0.01231     1.10471     7.50627     7.82263
         875         450     0.01133     1.10176     7.50019     7.81573
         875         475     0.00949     1.12012     7.53952     7.86038
         875         500     0.00938     1.11247     7.52270     7.84129
         875         525     0.00897     1.12346     7.54703     7.86891
         900           0     0.01350     1.11743     7.53353     7.85358
         900          25     0.01367     1.11687     7.53229     7.85218
         900          50     0.01373     1.11788     7.53453     7.85472
         900          75     0.01371     1.11710     7.53280     7.85276
         900         100     0.01446     1.11369     7.52534     7.84428
         900         125     0.01291     1.12053     7.54042     7.86141
         900         150     0.01436     1.10694     7.51092     7.82791
         900         175     0.01309     1.10831     7.51382     7.83120
         900         200     0.01325     1.10692     7.51088     7.82787
         900         225     0.01298     1.10471     7.50626     7.82262
         900         250     0.01416     1.10281     7.50235     7.81818
         900         275     0.01316     1.10639     7.50978     7.82661
         900         300     0.01439     1.10608     7.50913     7.82588
         900         325     0.01254     1.10166     7.50000     7.81551
         900         350     0.01190     1.10798     7.51312     7.83040
         900         375     0.01262     1.11340     7.52472     7.84358
         900         400     0.01161     1.11291     7.52365     7.84236
         900         425     0.01231     1.10601     7.50897     7.82570
         900         450     0.01190     1.10977     7.51690     7.83470
         900         475     0.01085     1.10899     7.51526     7.83284
         900         500     0.01072     1.11085     7.51922     7.83733
         900         525     0.00935     1.11682     7.53219     7.85206
         900         550     0.00846     1.12039     7.54012     7.86106
         925           0     0.01281     1.11542     7.52911     7.84857
         925          25     0.01384     1.12567     7.55204     7.87460
         925          50     0.01401     1.11704     7.53268     7.85262
         925          75     0.01396     1.11299     7.52383     7.84257
         925         100     0.01356     1.11124     7.52005     7.83828
         925         125     0.01295     1.11334     7.52458     7.84342
         925         150     0.01429     1.11239     7.52253     7.84109
         925         175     0.01501     1.10224     7.50118     7.81685
         925         200     0.01355     1.11197     7.52163     7.84007
         925         225     0.01354     1.10910     7.51548     7.83309
         925         250     0.01386     1.10273     7.50219     7.81800
         925         275     0.01322     1.11212     7.52195     7.84044
         925         300     0.01278     1.11726     7.53315     7.85315
         925         325     0.01227     1.11047     7.51841     7.83642
         925         350     0.01230     1.11794     7.53465     7.85486
         925         375     0.01262     1.11097     7.51948     7.83763
         925         400     0.01188     1.09691     7.49043     7.80465
         925         425     0.01221     1.10423     7.50527     7.82150
         925         450     0.01167     1.09945     7.49552     7.81042
         925         475     0.01054     1.10978     7.51693     7.83474
         925         500     0.01203     1.11421     7.52648     7.84558
         925         525     0.01034     1.10537     7.50763     7.82418
         925         550     0.00956     1.13775     7.58023     7.90661
         925         575     0.00905     1.11254     7.52285     7.84146
         950           0     0.01247     1.11973     7.53865     7.85939
         950          25     0.01433     1.11408     7.52619     7.84525
         950          50     0.01407     1.11525     7.52874     7.84814
         950          75     0.01357     1.11749     7.53367     7.85374
         950         100     0.01478     1.12031     7.53992     7.86084
         950         125     0.01405     1.11865     7.53623     7.85666
         950         150     0.01408     1.11866     7.53625     7.85667
         950         175     0.01407     1.11463     7.52739     7.84661
         950         200     0.01359     1.10976     7.51689     7.83469
         950         225     0.01391     1.11361     7.52516     7.84408
         950         250     0.01373     1.11190     7.52146     7.83988
         950         275     0.01360     1.11332     7.52453     7.84337
         950         300     0.01343     1.10864     7.51452     7.83199
         950         325     0.01253     1.10857     7.51436     7.83182
         950         350     0.01315     1.10032     7.49728     7.81242
         950         375     0.01280     1.10889     7.51504     7.83258
         950         400     0.01222     1.11433     7.52674     7.84587
         950         425     0.01227     1.11623     7.53089     7.85058
         950         450     0.01147     1.09814     7.49288     7.80743
         950         475     0.01199     1.11048     7.51843     7.83644
         950         500     0.01200     1.09970     7.49602     7.81099
         950         525     0.01021     1.11165     7.52094     7.83929
         950         550     0.01012     1.11416     7.52637     7.84546
         950         575     0.00999     1.11244     7.52263     7.84121
         950         600     0.00857     1.11687     7.53230     7.85218
         975           0     0.01391     1.12258     7.54503     7.86665
         975          25     0.01313     1.11530     7.52884     7.84826
         975          50     0.01364     1.11403     7.52609     7.84513
         975          75     0.01366     1.11613     7.53068     7.85035
         975         100     0.01319     1.11624     7.53091     7.85061
         975         125     0.01273     1.11301     7.52387     7.84261
         975         150     0.01436     1.11249     7.52274     7.84133
         975         175     0.01337     1.11393     7.52586     7.84487
         975         200     0.01251     1.11738     7.53342     7.85346
         975         225     0.01392     1.10534     7.50759     7.82412
         975         250     0.01425     1.10760     7.51232     7.82950
         975         275     0.01266     1.11495     7.52808     7.84740
         975         300     0.01337     1.10971     7.51679     7.83457
         975         325     0.01404     1.10285     7.50242     7.81826
         975         350     0.01186     1.11571     7.52974     7.84928
         975         375     0.01437     1.10215     7.50101     7.81665
         975         400     0.01382     1.10414     7.50509     7.82129
         975         425     0.01280     1.10510     7.50709     7.82356
         975         450     0.01251     1.10199     7.50066     7.81626
         975         475     0.01274     1.10113     7.49892     7.81429
         975         500     0.01231     1.11924     7.53755     7.85815
         975         525     0.01158     1.10345     7.50367     7.81968
         975         550     0.01085     1.11780     7.53435     7.85452
         975         575     0.01138     1.12975     7.56142     7.88526
         975         600     0.00959     1.12098     7.54142     7.86255
         975         625     0.00916     1.14774     7.60439     7.93405
        1000           0     0.01291     1.12529     7.55118     7.87362
        1000          25     0.01437     1.11775     7.53424     7.85439
        1000          50     0.01362     1.11643     7.53133     7.85109
        1000          75     0.01412     1.12298     7.54593     7.86767
        1000         100     0.01374     1.12086     7.54117     7.86226
        1000         125     0.01471     1.11699     7.53256     7.85249
        1000         150     0.01365     1.11555     7.52939     7.84889
        1000         175     0.01389     1.11388     7.52575     7.84475
        1000         200     0.01391     1.11817     7.53517     7.85545
        1000         225     0.01336     1.11051     7.51849     7.83651
        1000         250     0.01346     1.10751     7.51213     7.82928
        1000         275     0.01476     1.10601     7.50897     7.82570
        1000         300     0.01294     1.10612     7.50921     7.82596
        1000         325     0.01398     1.10836     7.51392     7.83131
        1000         350     0.01448     1.11471     7.52756     7.84680
        1000         375     0.01288     1.10241     7.50152     7.81724
        1000         400     0.01231     1.09844     7.49348     7.80811
        1000         425     0.01287     1.11647     7.53141     7.85118
        1000         450     0.01235     1.09899     7.49459     7.80937
        1000         475     0.01247     1.10188     7.50045     7.81601
        1000         500     0.01190     1.11049     7.51844     7.83645
        1000         525     0.01123     1.13962     7.58470     7.91168
        1000         550     0.01097     1.10726     7.51159     7.82867
        1000         575     0.01111     1.11158     7.52079     7.83912
        1000         600     0.01091     1.11916     7.53738     7.85795
        1000         625     0.00963     1.10371     7.50420     7.82028
        1000         650     0.00847     1.14333     7.59363     7.92183
        1025           0     0.01414     1.11949     7.53810     7.85877
        1025          25     0.01370     1.12039     7.54010     7.86105
        1025          50     0.01347     1.11939     7.53789     7.85853
        1025          75     0.01400     1.11688     7.53233     7.85222
        1025         100     0.01343     1.12044     7.54022     7.86118
        1025         125     0.01399     1.11503     7.52826     7.84760
        1025         150     0.01306     1.11653     7.53155     7.85133
        1025         175     0.01425     1.11662     7.53176     7.85157
        1025         200     0.01381     1.12061     7.54061     7.86163
        1025         225     0.01408     1.11288     7.52359     7.84229
        1025         250     0.01404     1.11163     7.52089     7.83923
        1025         275     0.01305     1.11140     7.52039     7.83866
        1025         300     0.01446     1.11396     7.52592     7.84494
        1025         325     0.01397     1.11103     7.51961     7.83778
        1025         350     0.01347     1.10549     7.50788     7.82446
        1025         375     0.01391     1.10494     7.50675     7.82317
        1025         400     0.01317     1.10963     7.51662     7.83439
        1025         425     0.01388     1.10376     7.50430     7.82039
        1025         450     0.01324     1.10731     7.51171     7.82881
        1025         475     0.01398     1.10639     7.50977     7.82661
        1025         500     0.01327     1.09954     7.49570     7.81063
        1025         525     0.01241     1.10825     7.51369     7.83105
        1025         550     0.01169     1.11208     7.52185     7.84033
        1025         575     0.01058     1.10867     7.51457     7.83206
        1025         600     0.01120     1.12136     7.54228     7.86351
        1025         625     0.01064     1.10806     7.51328     7.83059
        1025         650     0.01125     1.10072     7.49808     7.81332
        1025         675     0.00921     1.13722     7.57897     7.90518
        1050           0     0.01271     1.12123     7.54199     7.86318
        1050          25     0.01259     1.12222     7.54422     7.86573
        1050          50     0.01355     1.12364     7.54742     7.86936
        1050          75     0.01236     1.12209     7.54392     7.86538
        1050         100     0.01207     1.11570     7.52973     7.84926
        1050         125     0.01314     1.11605     7.53050     7.85015
        1050         150     0.01267     1.11374     7.52545     7.84440
        1050         175     0.01326     1.12461     7.54962     7.87186
        1050         200     0.01413     1.10928     7.51588     7.83354
        1050         225     0.01403     1.11505     7.52831     7.84765
        1050         250     0.01434     1.11073     7.51895     7.83703
        1050         275     0.01357     1.11028     7.51800     7.83595
        1050         300     0.01420     1.11119     7.51995     7.83816
        1050         325     0.01217     1.10862     7.51446     7.83193
        1050         350     0.01354     1.11270     7.52320     7.84185
        1050         375     0.01380     1.11023     7.51788     7.83582
        1050         400     0.01374     1.10679     7.51060     7.82755
        1050         425     0.01329     1.10819     7.51356     7.83091
        1050         450     0.01337     1.10470     7.50625     7.82261
        1050         475     0.01263     1.10934     7.51600     7.83368
        1050         500     0.01189     1.10158     7.49984     7.81532
        1050         525     0.01219     1.10648     7.50995     7.82681
        1050         550     0.01191     1.11516     7.52855     7.84793
        1050         575     0.01244     1.10626     7.50949     7.82629
        1050         600     0.01124     1.11166     7.52097     7.83932
        1050         625     0.01056     1.11142     7.52045     7.83873
        1050         650     0.01096     1.11532     7.52889     7.84831
        1050         675     0.01058     1.14030     7.58633     7.91354
        1050         700     0.00911     1.12203     7.54379     7.86524
        1075           0     0.01269     1.12641     7.55374     7.87654
        1075          25     0.01425     1.12104     7.54156     7.86270
        1075          50     0.01374     1.12059     7.54056     7.86157
        1075          75     0.01401     1.12453     7.54944     7.87165
        1075         100     0.01407     1.12226     7.54431     7.86582
        1075         125     0.01343     1.12235     7.54451     7.86606
        1075         150     0.01473     1.12097     7.54142     7.86254
        1075         175     0.01211     1.11746     7.53361     7.85367
        1075         200     0.01358     1.11642     7.53132     7.85107
        1075         225     0.01361     1.11700     7.53259     7.85252
        1075         250     0.01460     1.11101     7.51957     7.83773
        1075         275     0.01359     1.10992     7.51723     7.83508
        1075         300     0.01323     1.11206     7.52183     7.84030
        1075         325     0.01352     1.11041     7.51828     7.83626
        1075         350     0.01389     1.10917     7.51564     7.83327
        1075         375     0.01371     1.11827     7.53538     7.85569
        1075         400     0.01364     1.10289     7.50251     7.81836
        1075         425     0.01291     1.10606     7.50908     7.82582
        1075         450     0.01338     1.10837     7.51393     7.83133
        1075         475     0.01371     1.10103     7.49871     7.81405
        1075         500     0.01459     1.09276     7.48232     7.79543
        1075         525     0.01339     1.10944     7.51622     7.83393
        1075         550     0.01288     1.10991     7.51721     7.83505
        1075         575     0.01246     1.11218     7.52208     7.84058
        1075         600     0.01256     1.10835     7.51389     7.83129
        1075         625     0.01013     1.09996     7.49655     7.81159
        1075         650     0.01069     1.11689     7.53235     7.85225
        1075         675     0.01091     1.12036     7.54004     7.86098
        1075         700     0.01104     1.13203     7.56673     7.89129
        1075         725     0.00895     1.12543     7.55149     7.87397
        1100           0     0.01305     1.13285     7.56865     7.89347
        1100          25     0.01410     1.12758     7.55642     7.87958
        1100          50     0.01413     1.12510     7.55075     7.87314
        1100          75     0.01433     1.12120     7.54193     7.86312
        1100         100     0.01395     1.11940     7.53790     7.85855
        1100         125     0.01399     1.12067     7.54074     7.86177
        1100         150     0.01360     1.11974     7.53867     7.85942
        1100         175     0.01440     1.11530     7.52885     7.84827
        1100         200     0.01339     1.11160     7.52084     7.83917
        1100         225     0.01282     1.11564     7.52959     7.84911
        1100         250     0.01510     1.12028     7.53987     7.86078
        1100         275     0.01350     1.11149     7.52058     7.83888
        1100         300     0.01313     1.11439     7.52687     7.84602
        1100         325     0.01256     1.10998     7.51736     7.83522
        1100         350     0.01357     1.10836     7.51391     7.83131
        1100         375     0.01385     1.11340     7.52472     7.84358
        1100         400     0.01314     1.10687     7.51078     7.82775
        1100         425     0.01384     1.10270     7.50212     7.81792
        1100         450     0.01307     1.09820     7.49300     7.80756
        1100         475     0.01448     1.10986     7.51711     7.83494
        1100         500     0.01298     1.10499     7.50685     7.82329
        1100         525     0.01409     1.10260     7.50192     7.81769
        1100         550     0.01237     1.10298     7.50269     7.81856
        1100         575     0.01286     1.10756     7.51223     7.82939
        1100         600     0.01128     1.10905     7.51539     7.83299
        1100         625     0.01205     1.09864     7.49390     7.80858
        1100         650     0.01148     1.11582     7.53000     7.84958
        1100         675     0.01059     1.10873     7.51469     7.83219
        1100         700     0.01112     1.12683     7.55471     7.87763
        1100         725     0.00928     1.12970     7.56130     7.88512
        1100         750     0.00894     1.11405     7.52613     7.84519
        1125           0     0.01259     1.12845     7.55842     7.88185
        1125          25     0.01255     1.12851     7.55856     7.88200
        1125          50     0.01279     1.12699     7.55507     7.87804
        1125          75     0.01412     1.12213     7.54402     7.86550
        1125         100     0.01389     1.12333     7.54672     7.86856
        1125         125     0.01415     1.11946     7.53804     7.85871
        1125         150     0.01414     1.11842     7.53572     7.85607
        1125         175     0.01394     1.12206     7.54385     7.86530
        1125         200     0.01491     1.11916     7.53736     7.85793
        1125         225     0.01445     1.11290     7.52363     7.84234
        1125         250     0.01506     1.11240     7.52256     7.84112
        1125         275     0.01447     1.11245     7.52265     7.84123
        1125         300     0.01413     1.10945     7.51622     7.83393
        1125         325     0.01422     1.10914     7.51558     7.83320
        1125         350     0.01416     1.11573     7.52980     7.84935
        1125         375     0.01325     1.11029     7.51802     7.83597
        1125         400     0.01445     1.10906     7.51539     7.83299
        1125         425     0.01464     1.10749     7.51208     7.82922
        1125         450     0.01518     1.10621     7.50940     7.82619
        1125         475     0.01480     1.11141     7.52042     7.83870
        1125         500     0.01361     1.11034     7.51813     7.83609
        1125         525     0.01485     1.10519     7.50726     7.82376
        1125         550     0.01210     1.10176     7.50021     7.81575
        1125         575     0.01275     1.10998     7.51736     7.83522
        1125         600     0.01335     1.10966     7.51667     7.83444
        1125         625     0.01159     1.11255     7.52287     7.84148
        1125         650     0.01204     1.10908     7.51545     7.83305
        1125         675     0.01096     1.11045     7.51836     7.83636
        1125         700     0.01100     1.10581     7.50856     7.82523
        1125         725     0.01022     1.11320     7.52429     7.84309
        1125         750     0.00935     1.11009     7.51759     7.83549
        1125         775     0.00876     1.12121     7.54194     7.86314
        1150           0     0.01290     1.12970     7.56131     7.88513
        1150          25     0.01293     1.12125     7.54204     7.86325
        1150          50     0.01353     1.12395     7.54813     7.87017
        1150          75     0.01366     1.13172     7.56601     7.89047
        1150         100     0.01277     1.12914     7.56001     7.88366
        1150         125     0.01343     1.12740     7.55600     7.87910
        1150         150     0.01409     1.12370     7.54757     7.86952
        1150         175     0.01352     1.12167     7.54297     7.86431
        1150         200     0.01362     1.12289     7.54572     7.86742
        1150         225     0.01349     1.11209     7.52188     7.84035
        1150         250     0.01399     1.12234     7.54448     7.86602
        1150         275     0.01492     1.11603     7.53045     7.85009
        1150         300     0.01360     1.11186     7.52138     7.83979
        1150         325     0.01320     1.11129     7.52016     7.83840
        1150         350     0.01413     1.11088     7.51929     7.83741
        1150         375     0.01318     1.10354     7.50386     7.81989
        1150         400     0.01519     1.10769     7.51250     7.82971
        1150         425     0.01364     1.11300     7.52386     7.84260
        1150         450     0.01368     1.11332     7.52454     7.84338
        1150         475     0.01438     1.10736     7.51182     7.82893
        1150         500     0.01447     1.10144     7.49955     7.81500
        1150         525     0.01288     1.10547     7.50785     7.82442
        1150         550     0.01321     1.10843     7.51407     7.83149
        1150         575     0.01284     1.10553     7.50798     7.82457
        1150         600     0.01238     1.10759     7.51228     7.82946
        1150         625     0.01283     1.11394     7.52589     7.84491
        1150         650     0.01237     1.11018     7.51778     7.83570
        1150         675     0.01223     1.11178     7.52122     7.83961
        1150         700     0.01162     1.10742     7.51194     7.82906
        1150         725     0.01044     1.10701     7.51108     7.82809
        1150         750     0.01134     1.11499     7.52817     7.84750
        1150         775     0.00983     1.10781     7.51276     7.83000
        1150         800     0.00938     1.11410     7.52624     7.84530
        1175           0     0.01280     1.12662     7.55421     7.87707
        1175          25     0.01311     1.13099     7.56431     7.88853
        1175          50     0.01390     1.13018     7.56243     7.88640
        1175          75     0.01397     1.12268     7.54524     7.86689
        1175         100     0.01428     1.12905     7.55981     7.88342
        1175         125     0.01463     1.13055     7.56328     7.88737
        1175         150     0.01337     1.12598     7.55274     7.87540
        1175         175     0.01407     1.11825     7.53534     7.85563
        1175         200     0.01387     1.11858     7.53607     7.85647
        1175         225     0.01390     1.11999     7.53921     7.86004
        1175         250     0.01407     1.11428     7.52663     7.84575
        1175         275     0.01389     1.11165     7.52093     7.83928
        1175         300     0.01435     1.12320     7.54643     7.86824
        1175         325     0.01375     1.11675     7.53203     7.85188
        1175         350     0.01446     1.11145     7.52051     7.83880
        1175         375     0.01524     1.11393     7.52587     7.84488
        1175         400     0.01486     1.12294     7.54583     7.86755
        1175         425     0.01437     1.11366     7.52527     7.84421
        1175         450     0.01429     1.10798     7.51311     7.83039
        1175         475     0.01375     1.11167     7.52097     7.83933
        1175         500     0.01372     1.10468     7.50621     7.82256
        1175         525     0.01413     1.10175     7.50018     7.81571
        1175         550     0.01358     1.10355     7.50388     7.81991
        1175         575     0.01319     1.10590     7.50874     7.82544
        1175         600     0.01238     1.09880     7.49422     7.80894
        1175         625     0.01413     1.10025     7.49712     7.81224
        1175         650     0.01256     1.10896     7.51518     7.83275
        1175         675     0.01255     1.10400     7.50481     7.82097
        1175         700     0.01192     1.11260     7.52299     7.84161
        1175         725     0.01194     1.09890     7.49441     7.80917
        1175         750     0.01151     1.12667     7.55433     7.87720
        1175         775     0.00938     1.12879     7.55921     7.88274
        1175         800     0.01085     1.12414     7.54855     7.87064
        1175         825     0.00849     1.15582     7.62440     7.95677
        1200           0     0.01331     1.13838     7.58173     7.90831
        1200          25     0.01343     1.12651     7.55397     7.87679
        1200          50     0.01305     1.13328     7.56965     7.89460
        1200          75     0.01341     1.12261     7.54509     7.86672
        1200         100     0.01419     1.12853     7.55861     7.88206
        1200         125     0.01388     1.12504     7.55061     7.87298
        1200         150     0.01341     1.12603     7.55286     7.87554
        1200         175     0.01350     1.12492     7.55032     7.87265
        1200         200     0.01251     1.12361     7.54736     7.86929
        1200         225     0.01393     1.12187     7.54344     7.86484
        1200         250     0.01390     1.12371     7.54757     7.86953
        1200         275     0.01426     1.11363     7.52521     7.84413
        1200         300     0.01517     1.11456     7.52725     7.84645
        1200         325     0.01494     1.11660     7.53169     7.85150
        1200         350     0.01285     1.11709     7.53278     7.85273
        1200         375     0.01446     1.11542     7.52912     7.84858
        1200         400     0.01496     1.11238     7.52252     7.84108
        1200         425     0.01338     1.11454     7.52719     7.84639
        1200         450     0.01306     1.10976     7.51689     7.83469
        1200         475     0.01381     1.10372     7.50421     7.82029
        1200         500     0.01388     1.10676     7.51054     7.82748
        1200         525     0.01388     1.10952     7.51639     7.83412
        1200         550     0.01392     1.10493     7.50672     7.82314
        1200         575     0.01219     1.10027     7.49717     7.81230
        1200         600     0.01357     1.09808     7.49277     7.80729
        1200         625     0.01363     1.09751     7.49163     7.80600
        1200         650     0.01342     1.10595     7.50886     7.82556
        1200         675     0.01145     1.11067     7.51884     7.83691
        1200         700     0.01252     1.11230     7.52234     7.84087
        1200         725     0.01248     1.10156     7.49978     7.81526
        1200         750     0.01087     1.10737     7.51183     7.82895
        1200         775     0.01103     1.10428     7.50537     7.82161
        1200         800     0.01112     1.11587     7.53010     7.84968
        1200         825     0.01112     1.11502     7.52825     7.84758
        1200         850     0.00837     1.12770     7.55670     7.87990
