         350           0     0.00166     1.32659     5.96554     4.20278
         375           0     0.00260     1.24053     5.64169     4.01292
         375          25     0.00230     1.28197     5.79025     4.09960
         400           0     0.00254     1.26055     5.71189     4.05379
         400          25     0.00290     1.27416     5.76015     4.08189
         400          50     0.00221     1.24571     5.65976     4.02344
         425           0     0.00326     1.15742     5.38107     3.87603
         425          25     0.00391     1.18964     5.47580     3.92358
         425          50     0.00272     1.30476     5.87934     4.15204
         425          75     0.00298     1.22577     5.59069     3.98322
         450           0     0.00409     1.17555     5.43313     3.90210
         450          25     0.00393     1.22904     5.60192     3.98977
         450          50     0.00318     1.20127     5.51171     3.94165
         450          75     0.00306     1.22868     5.60067     3.98904
         450         100     0.00326     1.20245     5.51539     3.94350
         475           0     0.00412     1.19571     5.49448     3.93298
         475          25     0.00396     1.20978     5.53836     3.95507
         475          50     0.00392     1.19912     5.50503     3.93829
         475          75     0.00409     1.18308     5.45581     3.91351
         475         100     0.00309     1.25872     5.70543     4.05003
         475         125     0.00252     1.29324     5.83418     4.12546
         500           0     0.00487     1.17457     5.43021     3.90063
         500          25     0.00482     1.22532     5.58915     3.98233
         500          50     0.00535     1.20438     5.52143     3.94655
         500          75     0.00489     1.16545     5.40322     3.88704
         500         100     0.00384     1.20640     5.52775     3.94972
         500         125     0.00325     1.23418     5.61965     4.00009
         500         150     0.00318     1.16210     5.39341     3.88210
         525           0     0.00580     1.16017     5.38782     3.87929
         525          25     0.00598     1.16358     5.39775     3.88429
         525          50     0.00576     1.17422     5.42916     3.90010
         525          75     0.00535     1.18589     5.46435     3.91781
         525         100     0.00481     1.21311     5.54887     3.96036
         525         125     0.00463     1.20907     5.53614     3.95395
         525         150     0.00396     1.23807     5.63315     4.00795
         525         175     0.00329     1.23771     5.63190     4.00722
         550           0     0.00570     1.14547     5.35355     3.86293
         550          25     0.00544     1.17001     5.41664     3.89380
         550          50     0.00600     1.20435     5.52134     3.94650
         550          75     0.00565     1.14765     5.35850     3.86529
         550         100     0.00508     1.17680     5.43687     3.90398
         550         125     0.00436     1.16466     5.40091     3.88588
         550         150     0.00456     1.18264     5.45448     3.91284
         550         175     0.00424     1.24335     5.65152     4.01864
         550         200     0.00364     1.19712     5.49885     3.93518
         575           0     0.00626     1.16539     5.40303     3.88695
         575          25     0.00631     1.15948     5.38590     3.87833
         575          50     0.00636     1.11482     5.28746     3.83146
         575          75     0.00552     1.14890     5.36137     3.86665
         575         100     0.00609     1.17748     5.43891     3.90501
         575         125     0.00649     1.16080     5.38966     3.88021
         575         150     0.00496     1.17476     5.43077     3.90091
         575         175     0.00417     1.18032     5.44746     3.90931
         575         200     0.00456     1.18969     5.47595     3.92365
         575         225     0.00338     1.17365     5.42746     3.89924
         600           0     0.00684     1.16307     5.39625     3.88353
         600          25     0.00721     1.15011     5.36413     3.86797
         600          50     0.00666     1.14299     5.34795     3.86026
         600          75     0.00556     1.16084     5.38976     3.88027
         600         100     0.00615     1.16970     5.41573     3.89334
         600         125     0.00617     1.17193     5.42236     3.89667
         600         150     0.00495     1.16600     5.40483     3.88785
         600         175     0.00514     1.19606     5.49556     3.93352
         600         200     0.00519     1.20036     5.50889     3.94023
         600         225     0.00420     1.23652     5.62775     4.00480
         600         250     0.00377     1.21707     5.56140     3.96667
         625           0     0.00708     1.13740     5.33546     3.85432
         625          25     0.00741     1.13567     5.33164     3.85250
         625          50     0.00741     1.12714     5.31314     3.84369
         625          75     0.00745     1.13916     5.33936     3.85617
         625         100     0.00627     1.16259     5.39485     3.88283
         625         125     0.00591     1.13112     5.32172     3.84777
         625         150     0.00632     1.13750     5.33568     3.85442
         625         175     0.00559     1.15025     5.36445     3.86812
         625         200     0.00549     1.15322     5.37129     3.87138
         625         225     0.00535     1.17816     5.44096     3.90604
         625         250     0.00414     1.18329     5.45645     3.91384
         625         275     0.00350     1.24576     5.65991     4.02353
         650           0     0.00652     1.16722     5.40843     3.88966
         650          25     0.00697     1.14446     5.35127     3.86184
         650          50     0.00764     1.12623     5.31120     3.84277
         650          75     0.00741     1.12273     5.30380     3.83924
         650         100     0.00708     1.13402     5.32803     3.85078
         650         125     0.00613     1.11526     5.28836     3.83189
         650         150     0.00653     1.14420     5.35068     3.86156
         650         175     0.00599     1.15664     5.37925     3.87516
         650         200     0.00553     1.17176     5.42185     3.89642
         650         225     0.00561     1.14005     5.34136     3.85713
         650         250     0.00513     1.21633     5.55906     3.96549
         650         275     0.00445     1.16015     5.38776     3.87926
         650         300     0.00401     1.18738     5.46888     3.92009
         675           0     0.00721     1.15671     5.37941     3.87524
         675          25     0.00777     1.13752     5.33572     3.85444
         675          50     0.00730     1.14082     5.34308     3.85795
         675          75     0.00723     1.12552     5.30970     3.84205
         675         100     0.00813     1.11390     5.28560     3.83058
         675         125     0.00730     1.12831     5.31565     3.84488
         675         150     0.00716     1.12670     5.31221     3.84325
         675         175     0.00635     1.15251     5.36966     3.87060
         675         200     0.00589     1.15930     5.38548     3.87813
         675         225     0.00574     1.16833     5.41170     3.89131
         675         250     0.00570     1.16189     5.39281     3.88180
         675         275     0.00474     1.19041     5.47818     3.92477
         675         300     0.00431     1.17483     5.43098     3.90101
         675         325     0.00415     1.19124     5.48072     3.92605
         700           0     0.00727     1.13441     5.32889     3.85119
         700          25     0.00782     1.12517     5.30895     3.84170
         700          50     0.00817     1.13252     5.32476     3.84922
         700          75     0.00793     1.11808     5.29413     3.83464
         700         100     0.00737     1.12806     5.31511     3.84463
         700         125     0.00683     1.15244     5.36949     3.87052
         700         150     0.00656     1.14048     5.34232     3.85758
         700         175     0.00742     1.13220     5.32405     3.84888
         700         200     0.00691     1.16702     5.40783     3.88936
         700         225     0.00610     1.16318     5.39659     3.88370
         700         250     0.00561     1.16538     5.40302     3.88694
         700         275     0.00536     1.15826     5.38302     3.87696
         700         300     0.00529     1.17114     5.41999     3.89549
         700         325     0.00434     1.17273     5.42472     3.89786
         700         350     0.00385     1.20230     5.51493     3.94327
         725           0     0.00841     1.12304     5.30446     3.83956
         725          25     0.00779     1.13684     5.33424     3.85374
         725          50     0.00800     1.13486     5.32987     3.85166
         725          75     0.00802     1.13653     5.33353     3.85340
         725         100     0.00783     1.13869     5.33832     3.85568
         725         125     0.00730     1.17296     5.42540     3.89821
         725         150     0.00693     1.12841     5.31588     3.84499
         725         175     0.00702     1.15528     5.37608     3.87366
         725         200     0.00707     1.14911     5.36185     3.86688
         725         225     0.00642     1.19258     5.48484     3.92813
         725         250     0.00705     1.14654     5.35598     3.86409
         725         275     0.00580     1.15317     5.37117     3.87132
         725         300     0.00586     1.14540     5.35339     3.86286
         725         325     0.00512     1.16611     5.40516     3.88802
         725         350     0.00483     1.17014     5.41705     3.89400
         725         375     0.00426     1.20600     5.52651     3.94910
         750           0     0.00860     1.14658     5.35607     3.86413
         750          25     0.00832     1.12854     5.31615     3.84512
         750          50     0.00866     1.11370     5.28520     3.83039
         750          75     0.00798     1.13622     5.33286     3.85308
         750         100     0.00760     1.12818     5.31538     3.84475
         750         125     0.00776     1.12181     5.30188     3.83833
         750         150     0.00745     1.12783     5.31462     3.84439
         750         175     0.00782     1.12555     5.30977     3.84208
         750         200     0.00738     1.12749     5.31390     3.84405
         750         225     0.00670     1.13778     5.33631     3.85472
         750         250     0.00672     1.13478     5.32970     3.85157
         750         275     0.00645     1.16443     5.40022     3.88553
         750         300     0.00575     1.16176     5.39243     3.88161
         750         325     0.00508     1.14433     5.35097     3.86170
         750         350     0.00556     1.18018     5.44706     3.90911
         750         375     0.00441     1.19416     5.48970     3.93057
         750         400     0.00418     1.18498     5.46159     3.91642
         775           0     0.00903     1.13396     5.32789     3.85071
         775          25     0.00801     1.13926     5.33959     3.85628
         775          50     0.00925     1.12767     5.31427     3.84423
         775          75     0.00875     1.12774     5.31442     3.84430
         775         100     0.00900     1.14196     5.34563     3.85916
         775         125     0.00793     1.12551     5.30968     3.84204
         775         150     0.00811     1.12174     5.30174     3.83826
         775         175     0.00740     1.12745     5.31382     3.84401
         775         200     0.00771     1.11686     5.29162     3.83345
         775         225     0.00715     1.12512     5.30885     3.84165
         775         250     0.00663     1.13900     5.33902     3.85601
         775         275     0.00636     1.14111     5.34372     3.85825
         775         300     0.00662     1.14156     5.34474     3.85873
         775         325     0.00543     1.17658     5.43624     3.90366
         775         350     0.00519     1.16081     5.38967     3.88022
         775         375     0.00471     1.17659     5.43627     3.90368
         775         400     0.00449     1.19403     5.48931     3.93037
         775         425     0.00321     1.23609     5.62627     4.00394
         800           0     0.00878     1.14673     5.35641     3.86429
         800          25     0.00860     1.12462     5.30778     3.84114
         800          50     0.00913     1.13166     5.32289     3.84833
         800          75     0.00934     1.12368     5.30580     3.84019
         800         100     0.00835     1.13095     5.32134     3.84759
         800         125     0.00928     1.11751     5.29295     3.83408
         800         150     0.00814     1.13545     5.33115     3.85227
         800         175     0.00820     1.11253     5.28283     3.82926
         800         200     0.00772     1.12962     5.31846     3.84622
         800         225     0.00807     1.14562     5.35388     3.86309
         800         250     0.00769     1.14319     5.34839     3.86047
         800         275     0.00766     1.14720     5.35747     3.86480
         800         300     0.00669     1.13033     5.32001     3.84696
         800         325     0.00642     1.12891     5.31695     3.84550
         800         350     0.00581     1.14131     5.34418     3.85847
         800         375     0.00579     1.18257     5.45428     3.91274
         800         400     0.00509     1.18643     5.46599     3.91864
         800         425     0.00480     1.21723     5.56191     3.96692
         800         450     0.00402     1.21105     5.54236     3.95708
         825           0     0.00784     1.12415     5.30681     3.84067
         825          25     0.00826     1.13481     5.32975     3.85160
         825          50     0.00848     1.13871     5.33836     3.85570
         825          75     0.00831     1.12507     5.30875     3.84160
         825         100     0.00902     1.12492     5.30842     3.84144
         825         125     0.00827     1.13303     5.32586     3.84974
         825         150     0.00774     1.12674     5.31228     3.84328
         825         175     0.00861     1.11067     5.27912     3.82749
         825         200     0.00743     1.12865     5.31638     3.84523
         825         225     0.00808     1.13099     5.32142     3.84763
         825         250     0.00796     1.12157     5.30138     3.83809
         825         275     0.00746     1.13709     5.33479     3.85400
         825         300     0.00764     1.13191     5.32343     3.84859
         825         325     0.00655     1.13936     5.33982     3.85639
         825         350     0.00659     1.13377     5.32747     3.85051
         825         375     0.00652     1.14192     5.34553     3.85911
         825         400     0.00614     1.15958     5.38613     3.87844
         825         425     0.00463     1.18260     5.45436     3.91279
         825         450     0.00436     1.20262     5.51594     3.94378
         825         475     0.00362     1.18769     5.46986     3.92059
         850           0     0.00877     1.12846     5.31597     3.84504
         850          25     0.00941     1.12440     5.30733     3.84093
         850          50     0.00838     1.12195     5.30216     3.83846
         850          75     0.00829     1.12860     5.31627     3.84518
         850         100     0.00840     1.12932     5.31783     3.84592
         850         125     0.00875     1.13392     5.32781     3.85067
         850         150     0.00916     1.12818     5.31537     3.84475
         850         175     0.00795     1.13619     5.33278     3.85304
         850         200     0.00827     1.11573     5.28932     3.83235
         850         225     0.00909     1.13427     5.32857     3.85104
         850         250     0.00811     1.10977     5.27733     3.82664
         850         275     0.00811     1.15434     5.37389     3.87261
         850         300     0.00767     1.13322     5.32628     3.84995
         850         325     0.00655     1.14645     5.35576     3.86398
         850         350     0.00713     1.14279     5.34750     3.86005
         850         375     0.00715     1.12603     5.31077     3.84256
         850         400     0.00584     1.15755     5.38136     3.87617
         850         425     0.00579     1.13434     5.32873     3.85111
         850         450     0.00561     1.13507     5.33033     3.85187
         850         475     0.00460     1.16552     5.40341     3.88714
         850         500     0.00429     1.20236     5.51512     3.94337
         875           0     0.00886     1.12035     5.29884     3.83688
         875          25     0.00894     1.12630     5.31135     3.84284
         875          50     0.00921     1.12302     5.30442     3.83954
         875          75     0.00816     1.13802     5.33685     3.85498
         875         100     0.00926     1.11925     5.29655     3.83579
         875         125     0.00824     1.10220     5.26262     3.81964
         875         150     0.00825     1.12448     5.30749     3.84100
         875         175     0.00948     1.10673     5.27136     3.82380
         875         200     0.00856     1.11989     5.29788     3.83643
         875         225     0.00904     1.12207     5.30243     3.83859
         875         250     0.00870     1.12351     5.30546     3.84003
         875         275     0.00838     1.11575     5.28936     3.83237
         875         300     0.00755     1.12990     5.31907     3.84651
         875         325     0.00790     1.13630     5.33303     3.85316
         875         350     0.00703     1.15216     5.36884     3.87021
         875         375     0.00718     1.12849     5.31604     3.84507
         875         400     0.00689     1.14201     5.34573     3.85921
         875         425     0.00656     1.13449     5.32905     3.85126
         875         450     0.00619     1.13674     5.33401     3.85363
         875         475     0.00482     1.18972     5.47604     3.92370
         875         500     0.00447     1.15722     5.38060     3.87581
         875         525     0.00380     1.20201     5.51402     3.94281
         900           0     0.00919     1.12549     5.30963     3.84202
         900          25     0.00899     1.12439     5.30730     3.84091
         900          50     0.00913     1.12787     5.31471     3.84444
         900          75     0.00879     1.12166     5.30156     3.83817
         900         100     0.00946     1.12347     5.30537     3.83999
         900         125     0.00840     1.13906     5.33914     3.85607
         900         150     0.00921     1.12619     5.31113     3.84273
         900         175     0.00840     1.12873     5.31656     3.84532
         900         200     0.00836     1.11899     5.29602     3.83554
         900         225     0.00843     1.11997     5.29804     3.83650
         900         250     0.00906     1.11005     5.27789     3.82691
         900         275     0.00838     1.13674     5.33401     3.85363
         900         300     0.00935     1.11708     5.29207     3.83366
         900         325     0.00760     1.11026     5.27831     3.82711
         900         350     0.00746     1.13398     5.32794     3.85074
         900         375     0.00772     1.13622     5.33285     3.85307
         900         400     0.00674     1.12362     5.30568     3.84014
         900         425     0.00707     1.13754     5.33578     3.85447
         900         450     0.00669     1.14953     5.36280     3.86733
         900         475     0.00570     1.14003     5.34130     3.85710
         900         500     0.00539     1.17835     5.44155     3.90634
         900         525     0.00450     1.18608     5.46495     3.91811
         900         550     0.00380     1.21815     5.56484     3.96839
         925           0     0.00852     1.12005     5.29820     3.83658
         925          25     0.00918     1.13114     5.32176     3.84780
         925          50     0.00926     1.12935     5.31789     3.84595
         925          75     0.00904     1.12127     5.30074     3.83779
         925         100     0.00872     1.11563     5.28910     3.83225
         925         125     0.00868     1.11966     5.29739     3.83619
         925         150     0.00924     1.12459     5.30772     3.84111
         925         175     0.01004     1.11355     5.28490     3.83025
         925         200     0.00922     1.13439     5.32883     3.85116
         925         225     0.00916     1.11454     5.28689     3.83119
         925         250     0.00882     1.11642     5.29072     3.83302
         925         275     0.00834     1.12034     5.29880     3.83686
         925         300     0.00827     1.13864     5.33822     3.85563
         925         325     0.00755     1.12413     5.30674     3.84064
         925         350     0.00780     1.13726     5.33515     3.85417
         925         375     0.00793     1.14149     5.34458     3.85866
         925         400     0.00716     1.13247     5.32465     3.84917
         925         425     0.00737     1.13808     5.33697     3.85503
         925         450     0.00684     1.12942     5.31805     3.84603
         925         475     0.00579     1.14942     5.36255     3.86721
         925         500     0.00648     1.15237     5.36933     3.87044
         925         525     0.00533     1.16184     5.39266     3.88173
         925         550     0.00429     1.21321     5.54917     3.96051
         925         575     0.00413     1.19237     5.48418     3.92780
         950           0     0.00825     1.13103     5.32151     3.84768
         950          25     0.00966     1.12075     5.29967     3.83728
         950          50     0.00924     1.12339     5.30520     3.83991
         950          75     0.00906     1.13521     5.33064     3.85202
         950         100     0.00995     1.12339     5.30520     3.83991
         950         125     0.00936     1.13379     5.32753     3.85054
         950         150     0.00959     1.11982     5.29774     3.83636
         950         175     0.00954     1.13123     5.32195     3.84788
         950         200     0.00892     1.13073     5.32086     3.84737
         950         225     0.00908     1.12780     5.31456     3.84437
         950         250     0.00894     1.13015     5.31961     3.84677
         950         275     0.00855     1.12106     5.30030     3.83758
         950         300     0.00842     1.13009     5.31948     3.84671
         950         325     0.00794     1.11885     5.29572     3.83539
         950         350     0.00804     1.11838     5.29475     3.83494
         950         375     0.00781     1.12792     5.31482     3.84449
         950         400     0.00768     1.14071     5.34283     3.85783
         950         425     0.00721     1.16260     5.39489     3.88285
         950         450     0.00685     1.12093     5.30004     3.83745
         950         475     0.00644     1.17550     5.43300     3.90203
         950         500     0.00713     1.12634     5.31143     3.84288
         950         525     0.00545     1.15710     5.38033     3.87568
         950         550     0.00507     1.16304     5.39616     3.88349
         950         575     0.00482     1.17605     5.43465     3.90286
         950         600     0.00370     1.16031     5.38824     3.87950
         975           0     0.00933     1.12301     5.30439     3.83952
         975          25     0.00906     1.11903     5.29609     3.83557
         975          50     0.00942     1.12427     5.30705     3.84079
         975          75     0.00901     1.12482     5.30822     3.84135
         975         100     0.00873     1.12519     5.30900     3.84172
         975         125     0.00859     1.12808     5.31516     3.84465
         975         150     0.00954     1.12758     5.31409     3.84414
         975         175     0.00896     1.12996     5.31920     3.84658
         975         200     0.00821     1.12412     5.30674     3.84064
         975         225     0.00941     1.11646     5.29082     3.83306
         975         250     0.00926     1.12698     5.31280     3.84353
         975         275     0.00779     1.14315     5.34831     3.86044
         975         300     0.00866     1.12352     5.30546     3.84004
         975         325     0.00904     1.11255     5.28287     3.82928
         975         350     0.00787     1.13701     5.33461     3.85391
         975         375     0.00899     1.12173     5.30171     3.83825
         975         400     0.00832     1.11827     5.29452     3.83482
         975         425     0.00818     1.13966     5.34048     3.85670
         975         450     0.00748     1.10720     5.27227     3.82423
         975         475     0.00723     1.14357     5.34924     3.86088
         975         500     0.00679     1.15073     5.36555     3.86864
         975         525     0.00700     1.13603     5.33245     3.85288
         975         550     0.00574     1.16612     5.40518     3.88803
         975         575     0.00557     1.16270     5.39518     3.88299
         975         600     0.00486     1.19598     5.49533     3.93341
         975         625     0.00377     1.23390     5.61868     3.99953
        1000           0     0.00843     1.13876     5.33849     3.85576
        1000          25     0.00957     1.12450     5.30754     3.84102
        1000          50     0.00934     1.11740     5.29273     3.83397
        1000          75     0.00927     1.13529     5.33080     3.85210
        1000         100     0.00910     1.13840     5.33767     3.85537
        1000         125     0.00993     1.13072     5.32084     3.84736
        1000         150     0.00897     1.12707     5.31300     3.84362
        1000         175     0.00914     1.12583     5.31035     3.84236
        1000         200     0.00918     1.12960     5.31842     3.84620
        1000         225     0.00882     1.12038     5.29890     3.83691
        1000         250     0.00893     1.12291     5.30419     3.83943
        1000         275     0.00958     1.12692     5.31267     3.84347
        1000         300     0.00860     1.11291     5.28361     3.82963
        1000         325     0.00907     1.13167     5.32291     3.84834
        1000         350     0.00933     1.15250     5.36963     3.87058
        1000         375     0.00827     1.12698     5.31280     3.84353
        1000         400     0.00791     1.11704     5.29200     3.83362
        1000         425     0.00795     1.13558     5.33146     3.85241
        1000         450     0.00769     1.11935     5.29675     3.83589
        1000         475     0.00741     1.14885     5.36124     3.86659
        1000         500     0.00708     1.14287     5.34766     3.86013
        1000         525     0.00655     1.17803     5.44058     3.90585
        1000         550     0.00596     1.14359     5.34929     3.86090
        1000         575     0.00588     1.17076     5.41886     3.89492
        1000         600     0.00556     1.15903     5.38482     3.87782
        1000         625     0.00470     1.12167     5.30159     3.83819
        1000         650     0.00366     1.21060     5.54095     3.95637
        1025           0     0.00966     1.13428     5.32861     3.85105
        1025          25     0.00916     1.12214     5.30258     3.83866
        1025          50     0.00937     1.12615     5.31103     3.84269
        1025          75     0.00940     1.12762     5.31418     3.84418
        1025         100     0.00936     1.12762     5.31418     3.84418
        1025         125     0.00940     1.12826     5.31555     3.84484
        1025         150     0.00856     1.12002     5.29815     3.83655
        1025         175     0.00970     1.12577     5.31024     3.84231
        1025         200     0.00923     1.13457     5.32924     3.85135
        1025         225     0.00933     1.12271     5.30377     3.83923
        1025         250     0.00916     1.11672     5.29134     3.83331
        1025         275     0.00867     1.13046     5.32028     3.84709
        1025         300     0.00956     1.12164     5.30152     3.83816
        1025         325     0.00911     1.12927     5.31772     3.84587
        1025         350     0.00879     1.13261     5.32495     3.84931
        1025         375     0.00913     1.12866     5.31641     3.84525
        1025         400     0.00854     1.12250     5.30332     3.83901
        1025         425     0.00895     1.14273     5.34736     3.85998
        1025         450     0.00831     1.12005     5.29820     3.83658
        1025         475     0.00874     1.12773     5.31441     3.84429
        1025         500     0.00811     1.12970     5.31863     3.84630
        1025         525     0.00766     1.14989     5.36362     3.86773
        1025         550     0.00674     1.12966     5.31856     3.84627
        1025         575     0.00606     1.12301     5.30439     3.83952
        1025         600     0.00623     1.15320     5.37125     3.87136
        1025         625     0.00558     1.18818     5.47135     3.92134
        1025         650     0.00526     1.16998     5.41655     3.89375
        1025         675     0.00376     1.21439     5.55291     3.96239
        1050           0     0.00836     1.12122     5.30064     3.83774
        1050          25     0.00885     1.12930     5.31779     3.84590
        1050          50     0.00888     1.13085     5.32112     3.84749
        1050          75     0.00846     1.12510     5.30881     3.84163
        1050         100     0.00823     1.12369     5.30582     3.84021
        1050         125     0.00889     1.12489     5.30836     3.84141
        1050         150     0.00854     1.12229     5.30288     3.83881
        1050         175     0.00861     1.13763     5.33598     3.85456
        1050         200     0.00953     1.11523     5.28830     3.83187
        1050         225     0.00919     1.12667     5.31215     3.84322
        1050         250     0.00995     1.12535     5.30935     3.84188
        1050         275     0.00925     1.11721     5.29234     3.83379
        1050         300     0.00912     1.11096     5.27970     3.82777
        1050         325     0.00774     1.11907     5.29617     3.83561
        1050         350     0.00895     1.12151     5.30125     3.83803
        1050         375     0.00869     1.13416     5.32834     3.85093
        1050         400     0.00901     1.11860     5.29521     3.83515
        1050         425     0.00859     1.11887     5.29577     3.83542
        1050         450     0.00853     1.11988     5.29786     3.83642
        1050         475     0.00777     1.13280     5.32537     3.84951
        1050         500     0.00753     1.11380     5.28539     3.83048
        1050         525     0.00714     1.12985     5.31896     3.84646
        1050         550     0.00731     1.12836     5.31577     3.84494
        1050         575     0.00718     1.12902     5.31717     3.84561
        1050         600     0.00617     1.13815     5.33713     3.85511
        1050         625     0.00557     1.15222     5.36898     3.87027
        1050         650     0.00582     1.19711     5.49880     3.93515
        1050         675     0.00529     1.21461     5.55361     3.96274
        1050         700     0.00438     1.22331     5.58226     3.97832
        1075           0     0.00884     1.13350     5.32688     3.85023
        1075          25     0.00991     1.13347     5.32683     3.85021
        1075          50     0.00933     1.12835     5.31573     3.84492
        1075          75     0.00970     1.12809     5.31518     3.84466
        1075         100     0.00969     1.13024     5.31980     3.84686
        1075         125     0.00900     1.12893     5.31698     3.84552
        1075         150     0.00998     1.12418     5.30686     3.84070
        1075         175     0.00839     1.13265     5.32503     3.84935
        1075         200     0.00930     1.12605     5.31082     3.84258
        1075         225     0.00925     1.13420     5.32843     3.85097
        1075         250     0.01021     1.11638     5.29063     3.83297
        1075         275     0.00896     1.12131     5.30084     3.83783
        1075         300     0.00900     1.12124     5.30069     3.83776
        1075         325     0.00885     1.11510     5.28804     3.83174
        1075         350     0.00948     1.12261     5.30356     3.83913
        1075         375     0.00905     1.12914     5.31743     3.84573
        1075         400     0.00868     1.11617     5.29021     3.83277
        1075         425     0.00863     1.11546     5.28877     3.83209
        1075         450     0.00859     1.12754     5.31399     3.84410
        1075         475     0.00905     1.10653     5.27097     3.82361
        1075         500     0.00864     1.11651     5.29091     3.83311
        1075         525     0.00835     1.12571     5.31009     3.84224
        1075         550     0.00775     1.14567     5.35399     3.86314
        1075         575     0.00691     1.14880     5.36112     3.86653
        1075         600     0.00715     1.14967     5.36312     3.86749
        1075         625     0.00553     1.14427     5.35082     3.86163
        1075         650     0.00543     1.16582     5.40430     3.88759
        1075         675     0.00548     1.17492     5.43125     3.90115
        1075         700     0.00538     1.19197     5.48296     3.92718
        1075         725     0.00420     1.18804     5.47090     3.92111
        1100           0     0.00901     1.13569     5.33170     3.85253
        1100          25     0.00973     1.13061     5.32060     3.84724
        1100          50     0.00978     1.12826     5.31555     3.84484
        1100          75     0.01011     1.12272     5.30378     3.83923
        1100         100     0.00923     1.12788     5.31472     3.84444
        1100         125     0.00973     1.12438     5.30728     3.84090
        1100         150     0.00915     1.12484     5.30825     3.84136
        1100         175     0.00962     1.12588     5.31047     3.84242
        1100         200     0.00922     1.11942     5.29690     3.83596
        1100         225     0.00875     1.12359     5.30562     3.84011
        1100         250     0.01022     1.12763     5.31419     3.84419
        1100         275     0.00915     1.11798     5.29392     3.83454
        1100         300     0.00901     1.12567     5.31002     3.84220
        1100         325     0.00868     1.12453     5.30759     3.84105
        1100         350     0.00884     1.12156     5.30136     3.83808
        1100         375     0.00935     1.12803     5.31505     3.84460
        1100         400     0.00867     1.10906     5.27594     3.82598
        1100         425     0.00899     1.13247     5.32464     3.84917
        1100         450     0.00853     1.10915     5.27611     3.82606
        1100         475     0.00930     1.12531     5.30924     3.84183
        1100         500     0.00840     1.13224     5.32413     3.84892
        1100         525     0.00878     1.11772     5.29340     3.83429
        1100         550     0.00758     1.13799     5.33678     3.85495
        1100         575     0.00786     1.13340     5.32668     3.85014
        1100         600     0.00687     1.11787     5.29371     3.83444
        1100         625     0.00688     1.11014     5.27807     3.82699
        1100         650     0.00656     1.16773     5.40992     3.89041
        1100         675     0.00572     1.14158     5.34477     3.85875
        1100         700     0.00573     1.17556     5.43318     3.90212
        1100         725     0.00460     1.19370     5.48829     3.92986
        1100         750     0.00396     1.19917     5.50519     3.93837
        1125           0     0.00890     1.13381     5.32758     3.85056
        1125          25     0.00878     1.13689     5.33434     3.85378
        1125          50     0.00906     1.13118     5.32184     3.84783
        1125          75     0.00967     1.12580     5.31030     3.84234
        1125         100     0.00960     1.12449     5.30751     3.84101
        1125         125     0.00982     1.12622     5.31119     3.84276
        1125         150     0.00995     1.12341     5.30523     3.83993
        1125         175     0.00967     1.12953     5.31827     3.84613
        1125         200     0.01037     1.12524     5.30910     3.84177
        1125         225     0.00975     1.12245     5.30323     3.83897
        1125         250     0.01018     1.12212     5.30252     3.83863
        1125         275     0.00999     1.11902     5.29607     3.83556
        1125         300     0.00956     1.12135     5.30093     3.83787
        1125         325     0.00949     1.11253     5.28285     3.82927
        1125         350     0.00949     1.11892     5.29587     3.83547
        1125         375     0.00904     1.11704     5.29199     3.83362
        1125         400     0.00988     1.12552     5.30969     3.84205
        1125         425     0.00943     1.12064     5.29944     3.83716
        1125         450     0.00995     1.11486     5.28755     3.83150
        1125         475     0.00947     1.12521     5.30905     3.84174
        1125         500     0.00891     1.11724     5.29240     3.83382
        1125         525     0.00953     1.12396     5.30640     3.84048
        1125         550     0.00720     1.13029     5.31991     3.84691
        1125         575     0.00845     1.12972     5.31869     3.84633
        1125         600     0.00836     1.14014     5.34156     3.85722
        1125         625     0.00695     1.14777     5.35878     3.86542
        1125         650     0.00688     1.15165     5.36767     3.86965
        1125         675     0.00606     1.14915     5.36192     3.86691
        1125         700     0.00619     1.14341     5.34888     3.86071
        1125         725     0.00530     1.16886     5.41326     3.89210
        1125         750     0.00465     1.18324     5.45630     3.91376
        1125         775     0.00403     1.19749     5.49998     3.93575
        1150           0     0.00902     1.13851     5.33792     3.85549
        1150          25     0.00903     1.12079     5.29976     3.83732
        1150          50     0.00947     1.12657     5.31193     3.84311
        1150          75     0.00970     1.13490     5.32996     3.85170
        1150         100     0.00873     1.14014     5.34156     3.85722
        1150         125     0.00928     1.12861     5.31630     3.84519
        1150         150     0.00942     1.13621     5.33283     3.85306
        1150         175     0.00918     1.13533     5.33090     3.85215
        1150         200     0.00928     1.12644     5.31165     3.84298
        1150         225     0.00933     1.11845     5.29490     3.83501
        1150         250     0.00934     1.13198     5.32357     3.84866
        1150         275     0.01047     1.11700     5.29192     3.83359
        1150         300     0.00919     1.12196     5.30219     3.83848
        1150         325     0.00884     1.12372     5.30590     3.84024
        1150         350     0.00979     1.11175     5.28127     3.82851
        1150         375     0.00889     1.11154     5.28085     3.82832
        1150         400     0.01039     1.11323     5.28424     3.82993
        1150         425     0.00944     1.11788     5.29373     3.83445
        1150         450     0.00923     1.12463     5.30781     3.84115
        1150         475     0.00948     1.11818     5.29434     3.83474
        1150         500     0.00924     1.11269     5.28316     3.82942
        1150         525     0.00829     1.12996     5.31921     3.84658
        1150         550     0.00871     1.11696     5.29184     3.83355
        1150         575     0.00794     1.11546     5.28876     3.83208
        1150         600     0.00793     1.12510     5.30881     3.84163
        1150         625     0.00801     1.13761     5.33592     3.85454
        1150         650     0.00750     1.12581     5.31031     3.84234
        1150         675     0.00708     1.14543     5.35345     3.86288
        1150         700     0.00681     1.13048     5.32033     3.84711
        1150         725     0.00563     1.13251     5.32472     3.84920
        1150         750     0.00600     1.15536     5.37626     3.87374
        1150         775     0.00470     1.16648     5.40625     3.88857
        1150         800     0.00431     1.19824     5.50230     3.93691
        1175           0     0.00896     1.13186     5.32331     3.84853
        1175          25     0.00922     1.13914     5.33933     3.85616
        1175          50     0.00985     1.13781     5.33637     3.85475
        1175          75     0.01000     1.12657     5.31194     3.84312
        1175         100     0.01015     1.13431     5.32867     3.85108
        1175         125     0.01055     1.13499     5.33015     3.85179
        1175         150     0.00968     1.13188     5.32337     3.84856
        1175         175     0.01007     1.12058     5.29931     3.83710
        1175         200     0.00978     1.12467     5.30789     3.84119
        1175         225     0.00956     1.12370     5.30585     3.84022
        1175         250     0.00974     1.11780     5.29356     3.83437
        1175         275     0.00965     1.11790     5.29376     3.83446
        1175         300     0.00986     1.13827     5.33740     3.85524
        1175         325     0.00934     1.12380     5.30605     3.84032
        1175         350     0.00985     1.12111     5.30041     3.83763
        1175         375     0.01023     1.12630     5.31136     3.84284
        1175         400     0.01002     1.13336     5.32659     3.85010
        1175         425     0.00952     1.12077     5.29971     3.83730
        1175         450     0.00952     1.11544     5.28873     3.83207
        1175         475     0.00929     1.12697     5.31278     3.84352
        1175         500     0.00910     1.12536     5.30936     3.84189
        1175         525     0.00954     1.11629     5.29045     3.83289
        1175         550     0.00865     1.12117     5.30054     3.83769
        1175         575     0.00870     1.13166     5.32289     3.84833
        1175         600     0.00785     1.12602     5.31076     3.84256
        1175         625     0.00887     1.12780     5.31455     3.84436
        1175         650     0.00791     1.13014     5.31959     3.84676
        1175         675     0.00744     1.12784     5.31464     3.84441
        1175         700     0.00673     1.14240     5.34662     3.85963
        1175         725     0.00669     1.13552     5.33133     3.85235
        1175         750     0.00639     1.17644     5.43579     3.90344
        1175         775     0.00490     1.17371     5.42764     3.89933
        1175         800     0.00514     1.19499     5.49226     3.93186
        1175         825     0.00368     1.22843     5.59981     3.98853
        1200           0     0.00957     1.14402     5.35026     3.86136
        1200          25     0.00959     1.13249     5.32469     3.84919
        1200          50     0.00915     1.13413     5.32826     3.85089
        1200          75     0.00958     1.12974     5.31873     3.84635
        1200         100     0.00994     1.13481     5.32975     3.85160
        1200         125     0.00968     1.13977     5.34072     3.85682
        1200         150     0.00914     1.13916     5.33937     3.85618
        1200         175     0.00878     1.13094     5.32132     3.84759
        1200         200     0.00879     1.13102     5.32149     3.84767
        1200         225     0.00951     1.12759     5.31412     3.84416
        1200         250     0.00953     1.12360     5.30563     3.84012
        1200         275     0.00986     1.12004     5.29819     3.83657
        1200         300     0.01063     1.12865     5.31639     3.84524
        1200         325     0.01027     1.12566     5.30999     3.84219
        1200         350     0.00878     1.12699     5.31282     3.84354
        1200         375     0.01012     1.12219     5.30267     3.83870
        1200         400     0.01024     1.12303     5.30443     3.83955
        1200         425     0.00909     1.12140     5.30102     3.83792
        1200         450     0.00874     1.12094     5.30005     3.83746
        1200         475     0.00940     1.11591     5.28968     3.83252
        1200         500     0.00923     1.11654     5.29098     3.83314
        1200         525     0.00911     1.12080     5.29978     3.83733
        1200         550     0.00937     1.11344     5.28467     3.83014
        1200         575     0.00786     1.10897     5.27574     3.82588
        1200         600     0.00866     1.10907     5.27594     3.82598
        1200         625     0.00853     1.12382     5.30610     3.84034
        1200         650     0.00815     1.12142     5.30107     3.83794
        1200         675     0.00682     1.12398     5.30644     3.84050
        1200         700     0.00738     1.12952     5.31826     3.84613
        1200         725     0.00748     1.13744     5.33556     3.85436
        1200         750     0.00610     1.13199     5.32360     3.84867
        1200         775     0.00586     1.16330     5.39693     3.88388
        1200         800     0.00570     1.17905     5.44365     3.90740
        1200         825     0.00522     1.16712     5.40811     3.88950
        1200         850     0.00359     1.19824     5.50232     3.93693
