         350           0     0.00388     1.23151     7.91827     6.32125
         375           0     0.00514     1.16614     7.63774     6.14078
         375          25     0.00434     1.18467     7.71176     6.18782
         400           0     0.00465     1.16640     7.63876     6.14142
         400          25     0.00494     1.19237     7.74325     6.20783
         400          50     0.00402     1.21482     7.83695     6.26738
         425           0     0.00518     1.13545     7.53843     6.07620
         425          25     0.00610     1.13065     7.52437     6.06699
         425          50     0.00470     1.19495     7.75389     6.21459
         425          75     0.00486     1.19214     7.74232     6.20724
         450           0     0.00630     1.11901     7.49131     6.04533
         450          25     0.00632     1.14721     7.57376     6.09935
         450          50     0.00502     1.14455     7.56566     6.09405
         450          75     0.00516     1.16293     7.62517     6.13278
         450         100     0.00547     1.17869     7.68761     6.17247
         475           0     0.00625     1.14371     7.56311     6.09237
         475          25     0.00563     1.15097     7.58529     6.10691
         475          50     0.00569     1.13945     7.55030     6.08398
         475          75     0.00621     1.14327     7.56179     6.09151
         475         100     0.00536     1.17406     7.66907     6.16068
         475         125     0.00431     1.17886     7.68828     6.17289
         500           0     0.00641     1.12482     7.50763     6.05602
         500          25     0.00680     1.12735     7.51485     6.06076
         500          50     0.00725     1.13841     7.54719     6.08194
         500          75     0.00699     1.14160     7.55675     6.08821
         500         100     0.00579     1.17351     7.66687     6.15929
         500         125     0.00516     1.15531     7.59878     6.11575
         500         150     0.00513     1.14544     7.56837     6.09582
         525           0     0.00782     1.14845     7.57755     6.10183
         525          25     0.00775     1.13982     7.55142     6.08472
         525          50     0.00780     1.13530     7.53798     6.07591
         525          75     0.00703     1.14706     7.57331     6.09906
         525         100     0.00659     1.15980     7.61298     6.12504
         525         125     0.00646     1.15014     7.58276     6.10525
         525         150     0.00581     1.16366     7.62801     6.13459
         525         175     0.00502     1.15884     7.60984     6.12299
         550           0     0.00739     1.11807     7.48870     6.04362
         550          25     0.00721     1.14199     7.55792     6.08898
         550          50     0.00753     1.12042     7.49523     6.04790
         550          75     0.00718     1.12227     7.50044     6.05131
         550         100     0.00711     1.12857     7.51835     6.06305
         550         125     0.00595     1.13218     7.52884     6.06992
         550         150     0.00596     1.13541     7.53831     6.07612
         550         175     0.00598     1.13643     7.54132     6.07810
         550         200     0.00517     1.16311     7.62587     6.13323
         575           0     0.00788     1.11030     7.46762     6.02980
         575          25     0.00774     1.12192     7.49943     6.05065
         575          50     0.00748     1.09895     7.43823     6.01055
         575          75     0.00705     1.12221     7.50024     6.05118
         575         100     0.00739     1.12355     7.50403     6.05367
         575         125     0.00777     1.12237     7.50069     6.05148
         575         150     0.00620     1.14898     7.57918     6.10291
         575         175     0.00536     1.13606     7.54024     6.07739
         575         200     0.00593     1.13899     7.54892     6.08308
         575         225     0.00522     1.15286     7.59114     6.11074
         600           0     0.00787     1.12267     7.50156     6.05205
         600          25     0.00822     1.11020     7.46734     6.02962
         600          50     0.00795     1.10295     7.44837     6.01720
         600          75     0.00668     1.14821     7.57683     6.10137
         600         100     0.00714     1.13389     7.53385     6.07320
         600         125     0.00795     1.12359     7.50416     6.05375
         600         150     0.00699     1.13141     7.52660     6.06845
         600         175     0.00689     1.12969     7.52160     6.06518
         600         200     0.00706     1.13814     7.54641     6.08144
         600         225     0.00615     1.15273     7.59074     6.11048
         600         250     0.00545     1.16740     7.64266     6.14390
         625           0     0.00824     1.11178     7.47158     6.03240
         625          25     0.00897     1.11968     7.49317     6.04654
         625          50     0.00853     1.11483     7.47982     6.03780
         625          75     0.00853     1.12037     7.49509     6.04781
         625         100     0.00760     1.13213     7.52868     6.06982
         625         125     0.00739     1.11727     7.48651     6.04218
         625         150     0.00756     1.11362     7.47652     6.03564
         625         175     0.00680     1.13879     7.54835     6.08270
         625         200     0.00733     1.11559     7.48189     6.03916
         625         225     0.00678     1.14810     7.57647     6.10113
         625         250     0.00596     1.15215     7.58897     6.10932
         625         275     0.00534     1.14382     7.56345     6.09260
         650           0     0.00794     1.13317     7.53171     6.07180
         650          25     0.00823     1.11711     7.48607     6.04189
         650          50     0.00865     1.11046     7.46805     6.03009
         650          75     0.00850     1.11045     7.46800     6.03006
         650         100     0.00809     1.11541     7.48139     6.03883
         650         125     0.00720     1.11415     7.47796     6.03658
         650         150     0.00731     1.12391     7.50505     6.05433
         650         175     0.00742     1.13272     7.53041     6.07095
         650         200     0.00716     1.13740     7.54420     6.07998
         650         225     0.00694     1.12136     7.49787     6.04963
         650         250     0.00679     1.17177     7.65996     6.15489
         650         275     0.00598     1.12559     7.50984     6.05747
         650         300     0.00554     1.12257     7.50126     6.05185
         675           0     0.00835     1.13150     7.52685     6.06862
         675          25     0.00893     1.12518     7.50864     6.05669
         675          50     0.00821     1.11604     7.48314     6.03997
         675          75     0.00828     1.11705     7.48590     6.04178
         675         100     0.00902     1.10905     7.46428     6.02762
         675         125     0.00785     1.11732     7.48665     6.04228
         675         150     0.00804     1.12032     7.49497     6.04773
         675         175     0.00736     1.12073     7.49611     6.04847
         675         200     0.00726     1.12982     7.52198     6.06543
         675         225     0.00725     1.11651     7.48442     6.04081
         675         250     0.00693     1.11860     7.49019     6.04459
         675         275     0.00621     1.13955     7.55061     6.08419
         675         300     0.00563     1.16202     7.62162     6.13053
         675         325     0.00540     1.18712     7.72177     6.19418
         700           0     0.00815     1.11361     7.47651     6.03563
         700          25     0.00867     1.11031     7.46765     6.02982
         700          50     0.00907     1.11299     7.47484     6.03454
         700          75     0.00896     1.10764     7.46056     6.02518
         700         100     0.00857     1.10808     7.46172     6.02594
         700         125     0.00800     1.12120     7.49741     6.04933
         700         150     0.00784     1.12742     7.51505     6.06088
         700         175     0.00818     1.10935     7.46508     6.02814
         700         200     0.00805     1.13470     7.53622     6.07476
         700         225     0.00743     1.11494     7.48011     6.03799
         700         250     0.00692     1.11941     7.49243     6.04606
         700         275     0.00707     1.13491     7.53683     6.07516
         700         300     0.00671     1.14038     7.55310     6.08581
         700         325     0.00583     1.14154     7.55658     6.08809
         700         350     0.00528     1.15073     7.58458     6.10644
         725           0     0.00918     1.10956     7.46563     6.02850
         725          25     0.00874     1.11295     7.47473     6.03446
         725          50     0.00883     1.11097     7.46941     6.03098
         725          75     0.00855     1.11014     7.46720     6.02953
         725         100     0.00879     1.11791     7.48827     6.04334
         725         125     0.00798     1.12419     7.50583     6.05484
         725         150     0.00786     1.10746     7.46009     6.02487
         725         175     0.00782     1.11344     7.47606     6.03534
         725         200     0.00822     1.11812     7.48885     6.04372
         725         225     0.00762     1.13954     7.55056     6.08415
         725         250     0.00802     1.12072     7.49609     6.04846
         725         275     0.00672     1.12671     7.51302     6.05955
         725         300     0.00711     1.12591     7.51074     6.05806
         725         325     0.00654     1.12251     7.50110     6.05175
         725         350     0.00650     1.15625     7.60173     6.11768
         725         375     0.00565     1.16517     7.63394     6.13836
         750           0     0.00926     1.11412     7.47789     6.03653
         750          25     0.00916     1.11849     7.48988     6.04439
         750          50     0.00911     1.11303     7.47495     6.03461
         750          75     0.00876     1.10594     7.45610     6.02226
         750         100     0.00867     1.12243     7.50088     6.05160
         750         125     0.00865     1.11615     7.48343     6.04016
         750         150     0.00820     1.10703     7.45895     6.02413
         750         175     0.00864     1.11874     7.49056     6.04483
         750         200     0.00807     1.11452     7.47899     6.03726
         750         225     0.00772     1.13906     7.54914     6.08322
         750         250     0.00782     1.12201     7.49970     6.05083
         750         275     0.00799     1.12290     7.50218     6.05245
         750         300     0.00703     1.13532     7.53803     6.07594
         750         325     0.00627     1.11370     7.47674     6.03578
         750         350     0.00714     1.13113     7.52579     6.06792
         750         375     0.00582     1.14919     7.57982     6.10332
         750         400     0.00570     1.16850     7.64701     6.14667
         775           0     0.00946     1.11236     7.47312     6.03341
         775          25     0.00888     1.12430     7.50615     6.05505
         775          50     0.00981     1.11120     7.47002     6.03138
         775          75     0.00939     1.12023     7.49472     6.04756
         775         100     0.00941     1.11851     7.48993     6.04442
         775         125     0.00873     1.10797     7.46142     6.02575
         775         150     0.00875     1.10961     7.46577     6.02860
         775         175     0.00827     1.11494     7.48013     6.03800
         775         200     0.00867     1.11540     7.48137     6.03882
         775         225     0.00800     1.10808     7.46171     6.02594
         775         250     0.00787     1.12209     7.49993     6.05098
         775         275     0.00712     1.12061     7.49576     6.04824
         775         300     0.00770     1.11038     7.46782     6.02994
         775         325     0.00661     1.13468     7.53616     6.07472
         775         350     0.00612     1.14079     7.55432     6.08662
         775         375     0.00617     1.14176     7.55723     6.08852
         775         400     0.00576     1.13557     7.53878     6.07643
         775         425     0.00486     1.16524     7.63418     6.13851
         800           0     0.00912     1.12288     7.50215     6.05243
         800          25     0.00917     1.11217     7.47262     6.03308
         800          50     0.00966     1.11765     7.48755     6.04286
         800          75     0.00989     1.10790     7.46124     6.02563
         800         100     0.00911     1.12174     7.49894     6.05033
         800         125     0.01003     1.10783     7.46106     6.02551
         800         150     0.00900     1.11675     7.48507     6.04124
         800         175     0.00896     1.10748     7.46014     6.02491
         800         200     0.00847     1.11645     7.48425     6.04070
         800         225     0.00873     1.12025     7.49477     6.04759
         800         250     0.00869     1.11681     7.48523     6.04134
         800         275     0.00868     1.11839     7.48960     6.04421
         800         300     0.00760     1.12503     7.50824     6.05642
         800         325     0.00743     1.11255     7.47364     6.03375
         800         350     0.00668     1.12411     7.50562     6.05471
         800         375     0.00696     1.14151     7.55648     6.08803
         800         400     0.00651     1.14795     7.57602     6.10083
         800         425     0.00627     1.16101     7.61769     6.12803
         800         450     0.00550     1.17713     7.68136     6.16850
         825           0     0.00843     1.11472     7.47953     6.03761
         825          25     0.00871     1.12177     7.49901     6.05037
         825          50     0.00920     1.12472     7.50735     6.05584
         825          75     0.00908     1.11323     7.47548     6.03495
         825         100     0.00981     1.11318     7.47533     6.03486
         825         125     0.00892     1.12196     7.49954     6.05072
         825         150     0.00869     1.10722     7.45947     6.02447
         825         175     0.00931     1.10148     7.44462     6.01474
         825         200     0.00828     1.11557     7.48184     6.03913
         825         225     0.00900     1.11231     7.47300     6.03333
         825         250     0.00867     1.11383     7.47711     6.03602
         825         275     0.00858     1.12784     7.51626     6.06168
         825         300     0.00831     1.11855     7.49005     6.04450
         825         325     0.00769     1.11294     7.47469     6.03444
         825         350     0.00775     1.12098     7.49681     6.04893
         825         375     0.00761     1.11125     7.47015     6.03147
         825         400     0.00764     1.12765     7.51573     6.06133
         825         425     0.00582     1.14998     7.58227     6.10493
         825         450     0.00580     1.16641     7.63877     6.14143
         825         475     0.00505     1.14206     7.55815     6.08912
         850           0     0.00921     1.11727     7.48649     6.04217
         850          25     0.01002     1.12246     7.50096     6.05165
         850          50     0.00891     1.12218     7.50017     6.05114
         850          75     0.00894     1.12175     7.49897     6.05035
         850         100     0.00885     1.11563     7.48200     6.03923
         850         125     0.00903     1.11848     7.48984     6.04436
         850         150     0.00956     1.11190     7.47190     6.03261
         850         175     0.00854     1.12976     7.52180     6.06531
         850         200     0.00879     1.11527     7.48102     6.03859
         850         225     0.00976     1.10708     7.45908     6.02421
         850         250     0.00867     1.10324     7.44911     6.01768
         850         275     0.00865     1.12158     7.49850     6.05004
         850         300     0.00832     1.11853     7.49000     6.04447
         850         325     0.00735     1.12713     7.51423     6.06035
         850         350     0.00799     1.12509     7.50839     6.05652
         850         375     0.00818     1.11773     7.48779     6.04302
         850         400     0.00697     1.12720     7.51442     6.06047
         850         425     0.00666     1.12618     7.51151     6.05857
         850         450     0.00666     1.14109     7.55522     6.08720
         850         475     0.00610     1.15753     7.60572     6.12030
         850         500     0.00564     1.16288     7.62495     6.13265
         875           0     0.00939     1.11277     7.47425     6.03415
         875          25     0.00941     1.11493     7.48009     6.03798
         875          50     0.00938     1.11565     7.48207     6.03927
         875          75     0.00890     1.12696     7.51374     6.06003
         875         100     0.00995     1.11321     7.47543     6.03492
         875         125     0.00881     1.10168     7.44512     6.01506
         875         150     0.00901     1.11614     7.48339     6.04014
         875         175     0.00992     1.10315     7.44890     6.01754
         875         200     0.00924     1.11168     7.47129     6.03221
         875         225     0.00919     1.11547     7.48156     6.03894
         875         250     0.00913     1.10442     7.45216     6.01967
         875         275     0.00915     1.10951     7.46552     6.02843
         875         300     0.00842     1.11451     7.47894     6.03722
         875         325     0.00864     1.10931     7.46497     6.02807
         875         350     0.00810     1.11342     7.47600     6.03530
         875         375     0.00808     1.10932     7.46501     6.02810
         875         400     0.00789     1.12648     7.51237     6.05913
         875         425     0.00792     1.12434     7.50627     6.05513
         875         450     0.00724     1.12825     7.51744     6.06245
         875         475     0.00612     1.14001     7.55199     6.08509
         875         500     0.00579     1.13903     7.54905     6.08316
         875         525     0.00528     1.16585     7.63658     6.14004
         900           0     0.00929     1.12024     7.49475     6.04758
         900          25     0.00938     1.11990     7.49380     6.04696
         900          50     0.00935     1.11914     7.49167     6.04557
         900          75     0.00921     1.11667     7.48484     6.04109
         900         100     0.00977     1.11458     7.47914     6.03735
         900         125     0.00859     1.12160     7.49854     6.05006
         900         150     0.00970     1.11443     7.47872     6.03708
         900         175     0.00887     1.10807     7.46169     6.02592
         900         200     0.00882     1.11143     7.47063     6.03178
         900         225     0.00875     1.10851     7.46285     6.02668
         900         250     0.00968     1.10454     7.45249     6.01989
         900         275     0.00870     1.11128     7.47023     6.03152
         900         300     0.00964     1.10586     7.45590     6.02213
         900         325     0.00814     1.10613     7.45660     6.02259
         900         350     0.00794     1.10733     7.45975     6.02465
         900         375     0.00841     1.11866     7.49033     6.04469
         900         400     0.00755     1.13049     7.52392     6.06669
         900         425     0.00813     1.12224     7.50033     6.05124
         900         450     0.00776     1.11276     7.47421     6.03413
         900         475     0.00709     1.11738     7.48680     6.04237
         900         500     0.00677     1.13762     7.54485     6.08041
         900         525     0.00580     1.14710     7.57343     6.09914
         900         550     0.00511     1.14897     7.57917     6.10290
         925           0     0.00876     1.11823     7.48917     6.04392
         925          25     0.00940     1.12595     7.51085     6.05813
         925          50     0.00954     1.12119     7.49741     6.04932
         925          75     0.00947     1.11593     7.48282     6.03976
         925         100     0.00909     1.11223     7.47278     6.03319
         925         125     0.00876     1.11339     7.47592     6.03525
         925         150     0.00976     1.12370     7.50447     6.05395
         925         175     0.01034     1.10321     7.44904     6.01763
         925         200     0.00926     1.11088     7.46915     6.03081
         925         225     0.00931     1.11172     7.47142     6.03229
         925         250     0.00946     1.10321     7.44906     6.01764
         925         275     0.00887     1.11213     7.47252     6.03301
         925         300     0.00855     1.11869     7.49041     6.04474
         925         325     0.00819     1.11679     7.48518     6.04131
         925         350     0.00814     1.13240     7.52947     6.07033
         925         375     0.00843     1.12070     7.49601     6.04841
         925         400     0.00776     1.10478     7.45310     6.02030
         925         425     0.00804     1.11546     7.48153     6.03892
         925         450     0.00773     1.11488     7.47997     6.03790
         925         475     0.00684     1.12015     7.49449     6.04741
         925         500     0.00769     1.14155     7.55661     6.08811
         925         525     0.00634     1.12541     7.50932     6.05713
         925         550     0.00589     1.16365     7.62798     6.13457
         925         575     0.00534     1.13835     7.54702     6.08183
         950           0     0.00847     1.12287     7.50212     6.05241
         950          25     0.00985     1.11924     7.49195     6.04575
         950          50     0.00967     1.11744     7.48698     6.04249
         950          75     0.00924     1.12403     7.50539     6.05455
         950         100     0.01010     1.12109     7.49710     6.04912
         950         125     0.00968     1.12188     7.49932     6.05058
         950         150     0.00961     1.11819     7.48904     6.04384
         950         175     0.00966     1.11934     7.49222     6.04593
         950         200     0.00925     1.11890     7.49101     6.04513
         950         225     0.00952     1.11571     7.48223     6.03938
         950         250     0.00940     1.11559     7.48190     6.03916
         950         275     0.00905     1.11793     7.48832     6.04337
         950         300     0.00902     1.10863     7.46317     6.02689
         950         325     0.00843     1.10593     7.45608     6.02225
         950         350     0.00883     1.10949     7.46546     6.02839
         950         375     0.00864     1.11422     7.47816     6.03672
         950         400     0.00825     1.11400     7.47757     6.03633
         950         425     0.00819     1.12873     7.51882     6.06336
         950         450     0.00754     1.11328     7.47561     6.03504
         950         475     0.00776     1.13249     7.52973     6.07050
         950         500     0.00795     1.10990     7.46654     6.02910
         950         525     0.00641     1.11953     7.49276     6.04628
         950         550     0.00627     1.14321     7.56161     6.09139
         950         575     0.00625     1.13973     7.55114     6.08453
         950         600     0.00485     1.16219     7.62228     6.13095
         975           0     0.00944     1.12527     7.50892     6.05687
         975          25     0.00897     1.11717     7.48622     6.04199
         975          50     0.00936     1.11552     7.48171     6.03904
         975          75     0.00938     1.12185     7.49924     6.05052
         975         100     0.00892     1.11830     7.48934     6.04404
         975         125     0.00878     1.11742     7.48692     6.04246
         975         150     0.00985     1.11623     7.48365     6.04031
         975         175     0.00921     1.11641     7.48414     6.04063
         975         200     0.00846     1.12059     7.49571     6.04821
         975         225     0.00957     1.11386     7.47720     6.03608
         975         250     0.00969     1.11451     7.47895     6.03723
         975         275     0.00857     1.11230     7.47297     6.03331
         975         300     0.00915     1.10820     7.46203     6.02614
         975         325     0.00950     1.10654     7.45768     6.02330
         975         350     0.00795     1.12105     7.49701     6.04906
         975         375     0.00967     1.10908     7.46437     6.02768
         975         400     0.00904     1.10874     7.46347     6.02709
         975         425     0.00853     1.11302     7.47492     6.03459
         975         450     0.00828     1.10592     7.45607     6.02224
         975         475     0.00852     1.13493     7.53690     6.07520
         975         500     0.00788     1.12360     7.50417     6.05376
         975         525     0.00775     1.11942     7.49246     6.04608
         975         550     0.00689     1.13660     7.54183     6.07843
         975         575     0.00692     1.14744     7.57447     6.09982
         975         600     0.00598     1.14978     7.58165     6.10452
         975         625     0.00533     1.16544     7.63497     6.13901
        1000           0     0.00887     1.12744     7.51512     6.06093
        1000          25     0.00985     1.12026     7.49479     6.04761
        1000          50     0.00932     1.11479     7.47972     6.03773
        1000          75     0.00971     1.12483     7.50766     6.05604
        1000         100     0.00948     1.12344     7.50372     6.05346
        1000         125     0.01017     1.11856     7.49006     6.04451
        1000         150     0.00912     1.12289     7.50218     6.05245
        1000         175     0.00941     1.11643     7.48420     6.04067
        1000         200     0.00951     1.11568     7.48215     6.03933
        1000         225     0.00914     1.11168     7.47131     6.03223
        1000         250     0.00925     1.10846     7.46273     6.02660
        1000         275     0.01010     1.11662     7.48473     6.04102
        1000         300     0.00869     1.11036     7.46776     6.02990
        1000         325     0.00947     1.11846     7.48979     6.04433
        1000         350     0.00981     1.13083     7.52491     6.06734
        1000         375     0.00872     1.11150     7.47082     6.03190
        1000         400     0.00841     1.10814     7.46189     6.02605
        1000         425     0.00874     1.11843     7.48972     6.04429
        1000         450     0.00846     1.10602     7.45631     6.02240
        1000         475     0.00816     1.11517     7.48076     6.03842
        1000         500     0.00791     1.12927     7.52039     6.06439
        1000         525     0.00730     1.14692     7.57288     6.09877
        1000         550     0.00687     1.12675     7.51314     6.05963
        1000         575     0.00694     1.14821     7.57683     6.10137
        1000         600     0.00670     1.13016     7.52296     6.06607
        1000         625     0.00591     1.13909     7.54923     6.08328
        1000         650     0.00498     1.17910     7.68927     6.17352
        1025           0     0.00976     1.12445     7.50658     6.05534
        1025          25     0.00938     1.12235     7.50065     6.05145
        1025          50     0.00926     1.12255     7.50122     6.05182
        1025          75     0.00969     1.11944     7.49250     6.04611
        1025         100     0.00930     1.12175     7.49897     6.05035
        1025         125     0.00953     1.11520     7.48084     6.03847
        1025         150     0.00888     1.11652     7.48444     6.04083
        1025         175     0.00975     1.11773     7.48777     6.04301
        1025         200     0.00948     1.12464     7.50711     6.05568
        1025         225     0.00970     1.11525     7.48096     6.03854
        1025         250     0.00943     1.11646     7.48428     6.04073
        1025         275     0.00887     1.11679     7.48518     6.04131
        1025         300     0.00987     1.11614     7.48340     6.04014
        1025         325     0.00945     1.11320     7.47541     6.03491
        1025         350     0.00916     1.11993     7.49388     6.04701
        1025         375     0.00941     1.11602     7.48306     6.03993
        1025         400     0.00890     1.10803     7.46158     6.02585
        1025         425     0.00919     1.11169     7.47133     6.03224
        1025         450     0.00886     1.11261     7.47380     6.03385
        1025         475     0.00936     1.12360     7.50418     6.05376
        1025         500     0.00870     1.11807     7.48872     6.04363
        1025         525     0.00831     1.12337     7.50353     6.05333
        1025         550     0.00770     1.12016     7.49450     6.04742
        1025         575     0.00707     1.13450     7.53562     6.07436
        1025         600     0.00708     1.13920     7.54957     6.08350
        1025         625     0.00669     1.17179     7.66005     6.15495
        1025         650     0.00675     1.12284     7.50204     6.05236
        1025         675     0.00539     1.16647     7.63903     6.14159
        1050           0     0.00866     1.12315     7.50291     6.05293
        1050          25     0.00873     1.12276     7.50179     6.05220
        1050          50     0.00928     1.12523     7.50880     6.05679
        1050          75     0.00848     1.12324     7.50317     6.05310
        1050         100     0.00831     1.11745     7.48700     6.04251
        1050         125     0.00895     1.11874     7.49057     6.04484
        1050         150     0.00858     1.11530     7.48111     6.03865
        1050         175     0.00897     1.12837     7.51778     6.06267
        1050         200     0.00961     1.11184     7.47173     6.03250
        1050         225     0.00951     1.12029     7.49489     6.04767
        1050         250     0.00995     1.11374     7.47687     6.03587
        1050         275     0.00920     1.11422     7.47816     6.03671
        1050         300     0.00961     1.11490     7.48002     6.03793
        1050         325     0.00817     1.11347     7.47614     6.03539
        1050         350     0.00924     1.12045     7.49534     6.04797
        1050         375     0.00935     1.12334     7.50345     6.05328
        1050         400     0.00943     1.10808     7.46171     6.02594
        1050         425     0.00895     1.11002     7.46686     6.02930
        1050         450     0.00896     1.10619     7.45677     6.02270
        1050         475     0.00838     1.11728     7.48653     6.04220
        1050         500     0.00790     1.10719     7.45939     6.02441
        1050         525     0.00776     1.11512     7.48060     6.03831
        1050         550     0.00783     1.12107     7.49706     6.04909
        1050         575     0.00813     1.12537     7.50919     6.05704
        1050         600     0.00722     1.13645     7.54137     6.07813
        1050         625     0.00665     1.12470     7.50728     6.05579
        1050         650     0.00686     1.14505     7.56717     6.09503
        1050         675     0.00647     1.15877     7.60962     6.12285
        1050         700     0.00531     1.18403     7.70917     6.18617
        1075           0     0.00879     1.12854     7.51828     6.06300
        1075          25     0.00991     1.12578     7.51037     6.05782
        1075          50     0.00953     1.11995     7.49393     6.04704
        1075          75     0.00966     1.12542     7.50934     6.05714
        1075         100     0.00959     1.12621     7.51160     6.05862
        1075         125     0.00913     1.12325     7.50320     6.05312
        1075         150     0.01010     1.12236     7.50068     6.05147
        1075         175     0.00835     1.11834     7.48945     6.04411
        1075         200     0.00935     1.12124     7.49752     6.04940
        1075         225     0.00941     1.12288     7.50213     6.05242
        1075         250     0.01012     1.11397     7.47748     6.03627
        1075         275     0.00917     1.11581     7.48250     6.03956
        1075         300     0.00908     1.11254     7.47361     6.03373
        1075         325     0.00909     1.11264     7.47388     6.03391
        1075         350     0.00957     1.11354     7.47631     6.03550
        1075         375     0.00954     1.12316     7.50292     6.05294
        1075         400     0.00919     1.10369     7.45028     6.01844
        1075         425     0.00876     1.10909     7.46440     6.02769
        1075         450     0.00900     1.12085     7.49644     6.04869
        1075         475     0.00926     1.10329     7.44925     6.01777
        1075         500     0.00977     1.10386     7.45071     6.01873
        1075         525     0.00903     1.10898     7.46411     6.02750
        1075         550     0.00864     1.12206     7.49983     6.05091
        1075         575     0.00787     1.12239     7.50077     6.05153
        1075         600     0.00820     1.13091     7.52514     6.06749
        1075         625     0.00665     1.11545     7.48152     6.03891
        1075         650     0.00699     1.12003     7.49416     6.04720
        1075         675     0.00675     1.14486     7.56659     6.09466
        1075         700     0.00661     1.14745     7.57450     6.09984
        1075         725     0.00521     1.15575     7.60015     6.11665
        1100           0     0.00907     1.13474     7.53635     6.07484
        1100          25     0.00969     1.12508     7.50838     6.05652
        1100          50     0.00972     1.12758     7.51550     6.06118
        1100          75     0.00991     1.12187     7.49929     6.05056
        1100         100     0.00951     1.11941     7.49242     6.04606
        1100         125     0.00971     1.12331     7.50336     6.05322
        1100         150     0.00927     1.12159     7.49851     6.05005
        1100         175     0.00978     1.11735     7.48674     6.04233
        1100         200     0.00918     1.11371     7.47679     6.03581
        1100         225     0.00887     1.11889     7.49097     6.04511
        1100         250     0.01033     1.12081     7.49633     6.04862
        1100         275     0.00928     1.11143     7.47062     6.03177
        1100         300     0.00900     1.11434     7.47849     6.03693
        1100         325     0.00862     1.11252     7.47355     6.03369
        1100         350     0.00923     1.10970     7.46601     6.02875
        1100         375     0.00945     1.11715     7.48619     6.04197
        1100         400     0.00895     1.10579     7.45572     6.02201
        1100         425     0.00940     1.11259     7.47375     6.03382
        1100         450     0.00893     1.10503     7.45373     6.02071
        1100         475     0.00955     1.11400     7.47757     6.03633
        1100         500     0.00882     1.11053     7.46823     6.03021
        1100         525     0.00943     1.11530     7.48109     6.03863
        1100         550     0.00819     1.11271     7.47408     6.03404
        1100         575     0.00858     1.11610     7.48329     6.04008
        1100         600     0.00745     1.12748     7.51522     6.06099
        1100         625     0.00784     1.10945     7.46535     6.02832
        1100         650     0.00766     1.11877     7.49066     6.04490
        1100         675     0.00689     1.12933     7.52057     6.06450
        1100         700     0.00683     1.15306     7.59179     6.11117
        1100         725     0.00559     1.14549     7.56851     6.09591
        1100         750     0.00543     1.16509     7.63362     6.13816
        1125           0     0.00876     1.13006     7.52266     6.06587
        1125          25     0.00864     1.13004     7.52260     6.06583
        1125          50     0.00880     1.12721     7.51445     6.06049
        1125          75     0.00965     1.12338     7.50355     6.05335
        1125         100     0.00943     1.12412     7.50564     6.05472
        1125         125     0.00972     1.12183     7.49920     6.05050
        1125         150     0.00974     1.11936     7.49228     6.04597
        1125         175     0.00962     1.12622     7.51161     6.05863
        1125         200     0.01030     1.11930     7.49212     6.04586
        1125         225     0.00990     1.11791     7.48828     6.04334
        1125         250     0.01022     1.11161     7.47112     6.03210
        1125         275     0.01005     1.11614     7.48339     6.04014
        1125         300     0.00974     1.11305     7.47499     6.03463
        1125         325     0.00967     1.11233     7.47306     6.03337
        1125         350     0.00977     1.11647     7.48432     6.04075
        1125         375     0.00905     1.11218     7.47264     6.03309
        1125         400     0.00993     1.11245     7.47338     6.03358
        1125         425     0.00990     1.11500     7.48028     6.03810
        1125         450     0.01032     1.11046     7.46804     6.03008
        1125         475     0.00993     1.12084     7.49641     6.04867
        1125         500     0.00911     1.11469     7.47945     6.03756
        1125         525     0.00988     1.10696     7.45877     6.02400
        1125         550     0.00795     1.10692     7.45868     6.02395
        1125         575     0.00857     1.12506     7.50831     6.05647
        1125         600     0.00888     1.12544     7.50941     6.05719
        1125         625     0.00762     1.12803     7.51681     6.06203
        1125         650     0.00777     1.12988     7.52213     6.06553
        1125         675     0.00720     1.13599     7.54003     6.07725
        1125         700     0.00710     1.11911     7.49159     6.04552
        1125         725     0.00645     1.14274     7.56018     6.09046
        1125         750     0.00582     1.12220     7.50022     6.05117
        1125         775     0.00521     1.15849     7.60874     6.12227
        1150           0     0.00885     1.13122     7.52603     6.06808
        1150          25     0.00902     1.12205     7.49982     6.05090
        1150          50     0.00931     1.12468     7.50724     6.05577
        1150          75     0.00946     1.13543     7.53837     6.07616
        1150         100     0.00882     1.13062     7.52428     6.06693
        1150         125     0.00919     1.12759     7.51554     6.06120
        1150         150     0.00965     1.12832     7.51765     6.06259
        1150         175     0.00935     1.12683     7.51337     6.05979
        1150         200     0.00941     1.12315     7.50290     6.05292
        1150         225     0.00933     1.11426     7.47828     6.03679
        1150         250     0.00964     1.12417     7.50578     6.05481
        1150         275     0.01027     1.11461     7.47922     6.03741
        1150         300     0.00923     1.11216     7.47258     6.03306
        1150         325     0.00905     1.11428     7.47832     6.03682
        1150         350     0.00971     1.11340     7.47595     6.03526
        1150         375     0.00907     1.10632     7.45709     6.02291
        1150         400     0.01048     1.10914     7.46452     6.02777
        1150         425     0.00944     1.11358     7.47641     6.03557
        1150         450     0.00930     1.11272     7.47410     6.03406
        1150         475     0.00961     1.11471     7.47949     6.03758
        1150         500     0.00973     1.10546     7.45486     6.02144
        1150         525     0.00855     1.10777     7.46091     6.02541
        1150         550     0.00893     1.11332     7.47572     6.03511
        1150         575     0.00850     1.11002     7.46686     6.02931
        1150         600     0.00826     1.11893     7.49110     6.04519
        1150         625     0.00845     1.11552     7.48169     6.03903
        1150         650     0.00802     1.11536     7.48128     6.03875
        1150         675     0.00788     1.13065     7.52439     6.06700
        1150         700     0.00755     1.12488     7.50779     6.05613
        1150         725     0.00657     1.11069     7.46864     6.03047
        1150         750     0.00707     1.13389     7.53383     6.07319
        1150         775     0.00611     1.12133     7.49778     6.04957
        1150         800     0.00571     1.15962     7.61229     6.12460
        1175           0     0.00881     1.12734     7.51483     6.06074
        1175          25     0.00910     1.13184     7.52784     6.06926
        1175          50     0.00963     1.13106     7.52556     6.06777
        1175          75     0.00972     1.12323     7.50313     6.05307
        1175         100     0.00993     1.13144     7.52667     6.06850
        1175         125     0.01016     1.13068     7.52447     6.06705
        1175         150     0.00930     1.12778     7.51608     6.06156
        1175         175     0.00979     1.11877     7.49064     6.04489
        1175         200     0.00960     1.12419     7.50585     6.05485
        1175         225     0.00956     1.12080     7.49629     6.04859
        1175         250     0.00966     1.11571     7.48221     6.03937
        1175         275     0.00964     1.11165     7.47121     6.03216
        1175         300     0.00988     1.12480     7.50759     6.05599
        1175         325     0.00936     1.12081     7.49632     6.04861
        1175         350     0.00994     1.11434     7.47848     6.03692
        1175         375     0.01031     1.11942     7.49245     6.04608
        1175         400     0.01029     1.12776     7.51604     6.06153
        1175         425     0.00987     1.11584     7.48257     6.03960
        1175         450     0.00970     1.10986     7.46643     6.02903
        1175         475     0.00934     1.11844     7.48974     6.04430
        1175         500     0.00939     1.11577     7.48238     6.03948
        1175         525     0.00959     1.10579     7.45572     6.02201
        1175         550     0.00912     1.11447     7.47885     6.03716
        1175         575     0.00895     1.11500     7.48029     6.03811
        1175         600     0.00830     1.10401     7.45112     6.01899
        1175         625     0.00933     1.11865     7.49032     6.04468
        1175         650     0.00830     1.11972     7.49328     6.04662
        1175         675     0.00820     1.11415     7.47797     6.03659
        1175         700     0.00775     1.11874     7.49057     6.04484
        1175         725     0.00777     1.11389     7.47726     6.03613
        1175         750     0.00742     1.13798     7.54592     6.08111
        1175         775     0.00585     1.15092     7.58516     6.10682
        1175         800     0.00659     1.16501     7.63327     6.13794
        1175         825     0.00507     1.17122     7.65779     6.15352
        1200           0     0.00921     1.13755     7.54463     6.08027
        1200          25     0.00933     1.12714     7.51425     6.06036
        1200          50     0.00908     1.13323     7.53189     6.07192
        1200          75     0.00930     1.12380     7.50474     6.05413
        1200         100     0.00980     1.12741     7.51504     6.06088
        1200         125     0.00956     1.13054     7.52406     6.06679
        1200         150     0.00922     1.13194     7.52814     6.06946
        1200         175     0.00921     1.12563     7.50995     6.05754
        1200         200     0.00871     1.12640     7.51214     6.05898
        1200         225     0.00955     1.12155     7.49839     6.04997
        1200         250     0.00944     1.12322     7.50310     6.05306
        1200         275     0.00983     1.11838     7.48957     6.04419
        1200         300     0.01040     1.11681     7.48525     6.04136
        1200         325     0.01037     1.12165     7.49867     6.05015
        1200         350     0.00887     1.12200     7.49967     6.05081
        1200         375     0.01000     1.11591     7.48276     6.03973
        1200         400     0.01021     1.11849     7.48989     6.04440
        1200         425     0.00929     1.11919     7.49180     6.04565
        1200         450     0.00898     1.11485     7.47989     6.03784
        1200         475     0.00939     1.10916     7.46458     6.02781
        1200         500     0.00939     1.11436     7.47855     6.03697
        1200         525     0.00941     1.11690     7.48547     6.04150
        1200         550     0.00951     1.11218     7.47264     6.03310
        1200         575     0.00823     1.10448     7.45232     6.01978
        1200         600     0.00918     1.09817     7.43628     6.00927
        1200         625     0.00924     1.10849     7.46280     6.02665
        1200         650     0.00904     1.11248     7.47345     6.03362
        1200         675     0.00762     1.11929     7.49210     6.04584
        1200         700     0.00822     1.11751     7.48717     6.04262
        1200         725     0.00818     1.11466     7.47935     6.03749
        1200         750     0.00671     1.11805     7.48866     6.04359
        1200         775     0.00698     1.12196     7.49957     6.05074
        1200         800     0.00673     1.15575     7.60015     6.11665
        1200         825     0.00684     1.13778     7.54532     6.08072
        1200         850     0.00491     1.17032     7.65422     6.15125
