         350           0     0.00037     2.06390     3.13028     3.76397
         375           0     0.00050     2.02972     3.11544     3.72726
         375          25     0.00034     2.02185     3.11203     3.71880
         400           0     0.00044     2.03743     3.11879     3.73553
         400          25     0.00041     2.04680     3.12286     3.74560
         400          50     0.00037     2.02043     3.11141     3.71727
         425           0     0.00038     2.00263     3.10368     3.69816
         425          25     0.00058     2.00508     3.10475     3.70079
         425          50     0.00032     2.08486     3.13938     3.78650
         425          75     0.00044     2.03682     3.11852     3.73488
         450           0     0.00065     2.02474     3.11328     3.72190
         450          25     0.00056     2.01880     3.11070     3.71552
         450          50     0.00032     2.02293     3.11250     3.71996
         450          75     0.00051     2.02849     3.11491     3.72593
         450         100     0.00039     2.02779     3.11460     3.72518
         475           0     0.00060     2.05431     3.12612     3.75367
         475          25     0.00046     2.00917     3.10652     3.70518
         475          50     0.00048     2.02475     3.11328     3.72191
         475          75     0.00058     2.04398     3.12163     3.74257
         475         100     0.00045     2.03692     3.11857     3.73499
         475         125     0.00048     2.01181     3.10767     3.70801
         500           0     0.00057     1.95060     3.08112     3.64232
         500          25     0.00057     1.95535     3.08318     3.64742
         500          50     0.00073     2.02432     3.11310     3.72145
         500          75     0.00068     2.01389     3.10857     3.71025
         500         100     0.00049     2.01316     3.10825     3.70946
         500         125     0.00051     2.02327     3.11264     3.72032
         500         150     0.00048     2.01158     3.10757     3.70777
         525           0     0.00064     1.96825     3.08877     3.66126
         525          25     0.00059     2.00173     3.10329     3.69719
         525          50     0.00047     2.00157     3.10323     3.69702
         525          75     0.00062     2.01248     3.10796     3.70873
         525         100     0.00060     1.97511     3.09175     3.66861
         525         125     0.00044     2.01148     3.10753     3.70767
         525         150     0.00058     2.02263     3.11236     3.71964
         525         175     0.00065     2.02409     3.11300     3.72121
         550           0     0.00065     2.00035     3.10270     3.69571
         550          25     0.00053     2.00482     3.10463     3.70051
         550          50     0.00068     2.00757     3.10583     3.70346
         550          75     0.00064     2.00932     3.10659     3.70535
         550         100     0.00067     1.97695     3.09254     3.67059
         550         125     0.00065     2.00273     3.10373     3.69827
         550         150     0.00052     1.97037     3.08969     3.66354
         550         175     0.00048     1.95655     3.08370     3.64870
         550         200     0.00044     2.00280     3.10376     3.69834
         575           0     0.00077     2.00274     3.10373     3.69828
         575          25     0.00058     2.00348     3.10406     3.69908
         575          50     0.00083     2.00683     3.10551     3.70267
         575          75     0.00060     2.00346     3.10405     3.69905
         575         100     0.00079     1.97357     3.09108     3.66696
         575         125     0.00056     1.96909     3.08914     3.66216
         575         150     0.00046     2.01257     3.10800     3.70884
         575         175     0.00051     2.01832     3.11049     3.71500
         575         200     0.00056     1.95703     3.08391     3.64922
         575         225     0.00045     2.00629     3.10527     3.70209
         600           0     0.00065     1.99115     3.09870     3.68583
         600          25     0.00064     2.00229     3.10354     3.69780
         600          50     0.00081     2.00985     3.10682     3.70591
         600          75     0.00043     2.01773     3.11024     3.71437
         600         100     0.00061     2.00784     3.10595     3.70376
         600         125     0.00076     2.01075     3.10721     3.70688
         600         150     0.00056     2.02876     3.11502     3.72622
         600         175     0.00075     2.00304     3.10386     3.69860
         600         200     0.00065     2.02127     3.11177     3.71818
         600         225     0.00060     2.00343     3.10403     3.69902
         600         250     0.00044     2.00945     3.10664     3.70548
         625           0     0.00090     1.99017     3.09828     3.68479
         625          25     0.00092     2.01744     3.11011     3.71406
         625          50     0.00092     1.97801     3.09301     3.67173
         625          75     0.00067     2.00856     3.10626     3.70453
         625         100     0.00075     2.00045     3.10274     3.69582
         625         125     0.00067     2.01032     3.10702     3.70642
         625         150     0.00056     2.00747     3.10578     3.70335
         625         175     0.00080     2.00162     3.10325     3.69708
         625         200     0.00062     2.00951     3.10667     3.70554
         625         225     0.00051     2.00275     3.10374     3.69829
         625         250     0.00067     2.00070     3.10285     3.69609
         625         275     0.00062     2.01260     3.10801     3.70886
         650           0     0.00100     2.00794     3.10599     3.70386
         650          25     0.00092     2.01715     3.10998     3.71375
         650          50     0.00085     2.00382     3.10420     3.69944
         650          75     0.00080     2.00605     3.10517     3.70184
         650         100     0.00076     2.00516     3.10478     3.70088
         650         125     0.00065     2.00709     3.10562     3.70294
         650         150     0.00078     2.01032     3.10702     3.70641
         650         175     0.00060     2.00880     3.10636     3.70478
         650         200     0.00058     2.00547     3.10492     3.70121
         650         225     0.00050     2.01392     3.10859     3.71029
         650         250     0.00042     2.02226     3.11220     3.71924
         650         275     0.00039     1.98208     3.09477     3.67610
         650         300     0.00046     2.02619     3.11391     3.72346
         675           0     0.00065     2.00887     3.10639     3.70486
         675          25     0.00056     2.02225     3.11220     3.71922
         675          50     0.00096     2.00679     3.10549     3.70263
         675          75     0.00074     2.00141     3.10316     3.69685
         675         100     0.00059     2.01457     3.10887     3.71098
         675         125     0.00059     2.00289     3.10380     3.69844
         675         150     0.00074     2.02378     3.11286     3.72087
         675         175     0.00064     2.02967     3.11542     3.72720
         675         200     0.00071     2.00121     3.10307     3.69664
         675         225     0.00055     1.95796     3.08431     3.65022
         675         250     0.00053     1.98638     3.09664     3.68071
         675         275     0.00053     2.02550     3.11361     3.72271
         675         300     0.00055     1.92174     3.06861     3.61137
         675         325     0.00038     2.03045     3.11576     3.72804
         700           0     0.00078     2.00580     3.10506     3.70157
         700          25     0.00091     2.00718     3.10566     3.70304
         700          50     0.00097     2.00627     3.10526     3.70207
         700          75     0.00101     1.98525     3.09614     3.67950
         700         100     0.00078     2.00605     3.10517     3.70183
         700         125     0.00083     2.00386     3.10422     3.69948
         700         150     0.00066     2.02639     3.11400     3.72368
         700         175     0.00098     1.97383     3.09119     3.66725
         700         200     0.00069     1.98064     3.09414     3.67455
         700         225     0.00067     2.00873     3.10633     3.70471
         700         250     0.00076     1.99218     3.09915     3.68694
         700         275     0.00088     2.02647     3.11403     3.72376
         700         300     0.00060     2.02419     3.11304     3.72131
         700         325     0.00033     1.96414     3.08699     3.65684
         700         350     0.00048     2.02174     3.11198     3.71867
         725           0     0.00111     2.00486     3.10465     3.70055
         725          25     0.00087     2.00129     3.10310     3.69672
         725          50     0.00079     2.00510     3.10476     3.70081
         725          75     0.00054     2.00976     3.10678     3.70581
         725         100     0.00069     2.00500     3.10471     3.70070
         725         125     0.00059     2.02226     3.11220     3.71923
         725         150     0.00076     2.01066     3.10717     3.70678
         725         175     0.00050     2.01697     3.10991     3.71356
         725         200     0.00084     2.02171     3.11197     3.71865
         725         225     0.00079     2.00506     3.10474     3.70076
         725         250     0.00079     2.01061     3.10715     3.70673
         725         275     0.00053     2.02804     3.11471     3.72544
         725         300     0.00047     2.00422     3.10437     3.69987
         725         325     0.00068     2.01204     3.10777     3.70826
         725         350     0.00066     2.00807     3.10605     3.70400
         725         375     0.00039     2.01651     3.10971     3.71306
         750           0     0.00080     2.00308     3.10388     3.69864
         750          25     0.00113     2.00095     3.10295     3.69635
         750          50     0.00101     2.00622     3.10524     3.70201
         750          75     0.00076     2.00353     3.10408     3.69913
         750         100     0.00088     2.00407     3.10431     3.69970
         750         125     0.00085     2.00073     3.10286     3.69612
         750         150     0.00063     2.00923     3.10655     3.70524
         750         175     0.00078     2.00609     3.10519     3.70188
         750         200     0.00088     2.01243     3.10794     3.70868
         750         225     0.00074     2.01761     3.11018     3.71424
         750         250     0.00060     2.00717     3.10566     3.70304
         750         275     0.00071     2.03060     3.11582     3.72819
         750         300     0.00065     2.04081     3.12025     3.73916
         750         325     0.00063     1.98823     3.09744     3.68269
         750         350     0.00061     2.01468     3.10891     3.71110
         750         375     0.00049     2.00902     3.10646     3.70502
         750         400     0.00076     2.02275     3.11242     3.71976
         775           0     0.00097     2.00263     3.10369     3.69816
         775          25     0.00076     2.01231     3.10789     3.70856
         775          50     0.00097     2.01581     3.10941     3.71231
         775          75     0.00082     1.93439     3.07409     3.62493
         775         100     0.00078     2.00361     3.10411     3.69922
         775         125     0.00083     2.00173     3.10330     3.69719
         775         150     0.00099     2.00693     3.10555     3.70277
         775         175     0.00078     1.91524     3.06580     3.60440
         775         200     0.00076     2.01081     3.10724     3.70694
         775         225     0.00071     2.01694     3.10990     3.71353
         775         250     0.00077     2.00467     3.10457     3.70035
         775         275     0.00066     2.00880     3.10636     3.70478
         775         300     0.00066     2.00249     3.10362     3.69801
         775         325     0.00064     2.00588     3.10510     3.70165
         775         350     0.00051     1.98041     3.09405     3.67431
         775         375     0.00046     2.00680     3.10550     3.70264
         775         400     0.00043     1.98352     3.09539     3.67764
         775         425     0.00036     2.09311     3.14296     3.79536
         800           0     0.00054     2.00416     3.10435     3.69980
         800          25     0.00089     2.00850     3.10623     3.70446
         800          50     0.00096     2.00630     3.10528     3.70210
         800          75     0.00100     1.99351     3.09973     3.68837
         800         100     0.00085     2.00136     3.10313     3.69680
         800         125     0.00111     2.00076     3.10287     3.69615
         800         150     0.00077     2.01154     3.10755     3.70773
         800         175     0.00081     2.00701     3.10558     3.70286
         800         200     0.00083     1.97429     3.09139     3.66774
         800         225     0.00063     2.01296     3.10817     3.70925
         800         250     0.00057     2.01567     3.10934     3.71216
         800         275     0.00067     2.00963     3.10672     3.70568
         800         300     0.00075     1.99901     3.10212     3.69428
         800         325     0.00077     2.01546     3.10925     3.71193
         800         350     0.00058     2.00633     3.10529     3.70213
         800         375     0.00076     2.03448     3.11751     3.73236
         800         400     0.00061     2.01350     3.10840     3.70983
         800         425     0.00050     2.01578     3.10939     3.71228
         800         450     0.00040     2.06648     3.13140     3.76674
         825           0     0.00081     1.99508     3.10041     3.69005
         825          25     0.00076     2.00610     3.10519     3.70189
         825          50     0.00099     2.00164     3.10326     3.69710
         825          75     0.00094     2.00379     3.10419     3.69940
         825         100     0.00089     2.01112     3.10737     3.70727
         825         125     0.00114     2.01103     3.10733     3.70718
         825         150     0.00106     2.00047     3.10275     3.69584
         825         175     0.00085     1.97778     3.09290     3.67148
         825         200     0.00087     2.00549     3.10492     3.70123
         825         225     0.00079     2.00219     3.10350     3.69769
         825         250     0.00090     2.02005     3.11124     3.71686
         825         275     0.00067     2.01311     3.10823     3.70941
         825         300     0.00087     1.97741     3.09274     3.67109
         825         325     0.00061     2.00086     3.10292     3.69626
         825         350     0.00051     2.00388     3.10423     3.69951
         825         375     0.00062     2.00506     3.10474     3.70077
         825         400     0.00060     2.02417     3.11303     3.72129
         825         425     0.00040     2.00637     3.10531     3.70217
         825         450     0.00054     2.03846     3.11924     3.73664
         825         475     0.00051     2.00358     3.10410     3.69918
         850           0     0.00095     1.98019     3.09395     3.67408
         850          25     0.00076     2.00778     3.10592     3.70369
         850          50     0.00077     2.01321     3.10827     3.70952
         850          75     0.00077     2.01216     3.10782     3.70839
         850         100     0.00095     2.01188     3.10770     3.70809
         850         125     0.00110     1.98151     3.09452     3.67549
         850         150     0.00085     2.00419     3.10436     3.69984
         850         175     0.00086     1.97586     3.09207     3.66942
         850         200     0.00080     2.00756     3.10583     3.70346
         850         225     0.00097     2.00191     3.10337     3.69738
         850         250     0.00078     2.00178     3.10332     3.69725
         850         275     0.00074     2.01774     3.11024     3.71439
         850         300     0.00092     2.00494     3.10469     3.70064
         850         325     0.00071     2.00076     3.10288     3.69616
         850         350     0.00075     2.00202     3.10342     3.69751
         850         375     0.00076     1.98720     3.09699     3.68160
         850         400     0.00056     2.00912     3.10650     3.70512
         850         425     0.00055     2.01678     3.10983     3.71335
         850         450     0.00050     2.00583     3.10507     3.70159
         850         475     0.00054     2.00512     3.10476     3.70083
         850         500     0.00070     2.00635     3.10530     3.70215
         875           0     0.00107     2.00680     3.10550     3.70264
         875          25     0.00094     1.96858     3.08891     3.66161
         875          50     0.00073     2.00548     3.10492     3.70122
         875          75     0.00088     2.00530     3.10484     3.70103
         875         100     0.00126     2.00888     3.10640     3.70487
         875         125     0.00091     2.00209     3.10345     3.69758
         875         150     0.00085     1.99883     3.10204     3.69408
         875         175     0.00089     2.00282     3.10377     3.69837
         875         200     0.00076     1.97860     3.09326     3.67237
         875         225     0.00120     2.00382     3.10420     3.69943
         875         250     0.00075     1.98542     3.09622     3.67968
         875         275     0.00086     1.94443     3.07844     3.63570
         875         300     0.00083     2.00459     3.10453     3.70026
         875         325     0.00090     2.00292     3.10381     3.69847
         875         350     0.00102     2.00352     3.10407     3.69912
         875         375     0.00081     2.01582     3.10941     3.71232
         875         400     0.00053     2.00626     3.10526     3.70206
         875         425     0.00057     2.00700     3.10558     3.70285
         875         450     0.00077     2.00655     3.10538     3.70237
         875         475     0.00051     2.01376     3.10852     3.71011
         875         500     0.00056     2.00458     3.10453     3.70025
         875         525     0.00043     2.01350     3.10840     3.70983
         900           0     0.00118     2.00141     3.10315     3.69684
         900          25     0.00078     2.00261     3.10367     3.69813
         900          50     0.00105     2.00004     3.10256     3.69538
         900          75     0.00082     1.93627     3.07491     3.62695
         900         100     0.00111     2.00467     3.10457     3.70035
         900         125     0.00078     1.96997     3.08952     3.66311
         900         150     0.00076     2.00068     3.10284     3.69606
         900         175     0.00090     2.00182     3.10333     3.69729
         900         200     0.00101     2.00205     3.10343     3.69754
         900         225     0.00110     1.97638     3.09230     3.66998
         900         250     0.00101     2.00384     3.10421     3.69946
         900         275     0.00080     1.98268     3.09503     3.67674
         900         300     0.00104     2.00112     3.10303     3.69653
         900         325     0.00063     2.00513     3.10477     3.70084
         900         350     0.00083     2.00231     3.10355     3.69782
         900         375     0.00074     2.00584     3.10508     3.70161
         900         400     0.00067     2.00275     3.10374     3.69829
         900         425     0.00103     2.01030     3.10701     3.70640
         900         450     0.00071     2.01090     3.10727     3.70704
         900         475     0.00071     2.00066     3.10283     3.69604
         900         500     0.00051     2.03296     3.11685     3.73073
         900         525     0.00038     2.05415     3.12605     3.75350
         900         550     0.00032     2.00921     3.10654     3.70522
         925           0     0.00092     2.00046     3.10274     3.69583
         925          25     0.00088     2.00135     3.10313     3.69678
         925          50     0.00079     2.00523     3.10481     3.70095
         925          75     0.00112     2.00480     3.10463     3.70049
         925         100     0.00080     2.00635     3.10530     3.70215
         925         125     0.00100     2.00155     3.10322     3.69700
         925         150     0.00080     2.00621     3.10524     3.70200
         925         175     0.00099     1.97536     3.09185     3.66888
         925         200     0.00070     2.00477     3.10461     3.70046
         925         225     0.00108     2.00066     3.10283     3.69605
         925         250     0.00082     2.00327     3.10396     3.69885
         925         275     0.00085     1.99978     3.10245     3.69510
         925         300     0.00079     2.00178     3.10332     3.69725
         925         325     0.00069     1.94797     3.07998     3.63950
         925         350     0.00083     1.95047     3.08106     3.64218
         925         375     0.00100     2.02458     3.11321     3.72173
         925         400     0.00071     2.00887     3.10639     3.70486
         925         425     0.00075     2.00224     3.10352     3.69774
         925         450     0.00077     1.96621     3.08789     3.65907
         925         475     0.00061     2.00716     3.10565     3.70302
         925         500     0.00066     2.02637     3.11399     3.72365
         925         525     0.00062     2.00728     3.10570     3.70316
         925         550     0.00050     2.01445     3.10881     3.71085
         925         575     0.00068     2.01396     3.10860     3.71032
         950           0     0.00082     2.00737     3.10574     3.70325
         950          25     0.00099     1.99404     3.09996     3.68894
         950          50     0.00083     2.00386     3.10422     3.69948
         950          75     0.00095     2.00510     3.10475     3.70081
         950         100     0.00111     2.00413     3.10434     3.69977
         950         125     0.00113     2.00034     3.10269     3.69570
         950         150     0.00061     2.01699     3.10991     3.71357
         950         175     0.00098     2.00533     3.10485     3.70105
         950         200     0.00095     2.00002     3.10255     3.69535
         950         225     0.00094     1.97459     3.09152     3.66806
         950         250     0.00086     2.00911     3.10650     3.70512
         950         275     0.00098     1.97891     3.09339     3.67269
         950         300     0.00086     2.02327     3.11264     3.72032
         950         325     0.00056     2.00196     3.10340     3.69744
         950         350     0.00098     2.01425     3.10873     3.71064
         950         375     0.00114     1.98018     3.09394     3.67406
         950         400     0.00072     2.00310     3.10389     3.69866
         950         425     0.00076     2.00862     3.10628     3.70459
         950         450     0.00071     2.00517     3.10479     3.70089
         950         475     0.00076     2.01385     3.10855     3.71021
         950         500     0.00066     2.01112     3.10737     3.70727
         950         525     0.00053     2.01019     3.10697     3.70628
         950         550     0.00049     2.02848     3.11490     3.72592
         950         575     0.00059     2.04219     3.12085     3.74065
         950         600     0.00041     2.01154     3.10755     3.70772
         975           0     0.00073     1.98546     3.09624     3.67973
         975          25     0.00076     2.01134     3.10746     3.70751
         975          50     0.00094     1.97603     3.09215     3.66960
         975          75     0.00094     2.00180     3.10333     3.69727
         975         100     0.00091     2.00203     3.10343     3.69752
         975         125     0.00090     2.00237     3.10357     3.69788
         975         150     0.00092     2.00444     3.10447     3.70010
         975         175     0.00096     1.97651     3.09235     3.67012
         975         200     0.00103     1.98820     3.09742     3.68267
         975         225     0.00099     2.00276     3.10374     3.69830
         975         250     0.00089     1.99456     3.10018     3.68949
         975         275     0.00098     1.97321     3.09092     3.66658
         975         300     0.00091     2.00461     3.10455     3.70029
         975         325     0.00083     2.00183     3.10334     3.69730
         975         350     0.00069     2.00334     3.10399     3.69892
         975         375     0.00076     2.00582     3.10507     3.70159
         975         400     0.00113     1.99740     3.10142     3.69254
         975         425     0.00072     1.96891     3.08906     3.66196
         975         450     0.00086     2.00513     3.10477     3.70084
         975         475     0.00067     2.01709     3.10996     3.71369
         975         500     0.00079     2.00815     3.10608     3.70409
         975         525     0.00092     2.00605     3.10517     3.70183
         975         550     0.00054     2.01301     3.10819     3.70930
         975         575     0.00054     1.96484     3.08729     3.65759
         975         600     0.00051     2.03346     3.11706     3.73127
         975         625     0.00051     2.02649     3.11404     3.72378
        1000           0     0.00088     2.00694     3.10556     3.70279
        1000          25     0.00086     2.00611     3.10520     3.70190
        1000          50     0.00088     2.00020     3.10263     3.69555
        1000          75     0.00076     2.01089     3.10727     3.70703
        1000         100     0.00094     2.00397     3.10427     3.69960
        1000         125     0.00118     2.00091     3.10294     3.69631
        1000         150     0.00077     1.97368     3.09113     3.66708
        1000         175     0.00074     1.98149     3.09452     3.67547
        1000         200     0.00067     2.00145     3.10317     3.69689
        1000         225     0.00074     2.00844     3.10621     3.70440
        1000         250     0.00110     2.00416     3.10435     3.69980
        1000         275     0.00074     1.97727     3.09268     3.67094
        1000         300     0.00077     2.00917     3.10652     3.70518
        1000         325     0.00096     2.00576     3.10504     3.70152
        1000         350     0.00094     2.00965     3.10673     3.70570
        1000         375     0.00099     1.97670     3.09244     3.67032
        1000         400     0.00088     2.00488     3.10466     3.70057
        1000         425     0.00082     2.00360     3.10411     3.69921
        1000         450     0.00085     2.00108     3.10301     3.69649
        1000         475     0.00089     2.00594     3.10512     3.70172
        1000         500     0.00071     2.01020     3.10697     3.70629
        1000         525     0.00064     2.02035     3.11138     3.71719
        1000         550     0.00070     2.00342     3.10403     3.69901
        1000         575     0.00057     2.03655     3.11841     3.73459
        1000         600     0.00059     2.03962     3.11974     3.73789
        1000         625     0.00040     2.01980     3.11113     3.71659
        1000         650     0.00051     2.00815     3.10608     3.70409
        1025           0     0.00102     1.95503     3.08304     3.64707
        1025          25     0.00094     2.00369     3.10415     3.69930
        1025          50     0.00083     2.00345     3.10404     3.69904
        1025          75     0.00103     1.94413     3.07831     3.63538
        1025         100     0.00090     2.00265     3.10369     3.69818
        1025         125     0.00120     1.98956     3.09801     3.68413
        1025         150     0.00094     1.98269     3.09503     3.67675
        1025         175     0.00093     2.00282     3.10377     3.69836
        1025         200     0.00102     1.97563     3.09197     3.66917
        1025         225     0.00100     2.00986     3.10682     3.70592
        1025         250     0.00080     1.99465     3.10022     3.68959
        1025         275     0.00089     2.00293     3.10381     3.69848
        1025         300     0.00094     2.00786     3.10595     3.70377
        1025         325     0.00091     2.00312     3.10390     3.69869
        1025         350     0.00065     2.01328     3.10831     3.70960
        1025         375     0.00092     1.97951     3.09366     3.67334
        1025         400     0.00094     1.95277     3.08206     3.64464
        1025         425     0.00061     1.95535     3.08318     3.64741
        1025         450     0.00092     1.96366     3.08678     3.65633
        1025         475     0.00097     1.97855     3.09324     3.67231
        1025         500     0.00085     1.98733     3.09705     3.68174
        1025         525     0.00070     2.01648     3.10970     3.71303
        1025         550     0.00082     2.01007     3.10691     3.70615
        1025         575     0.00075     1.99317     3.09958     3.68800
        1025         600     0.00050     2.00668     3.10544     3.70251
        1025         625     0.00057     2.01589     3.10944     3.71240
        1025         650     0.00074     2.01410     3.10866     3.71047
        1025         675     0.00061     2.03636     3.11832     3.73439
        1050           0     0.00100     2.00376     3.10418     3.69938
        1050          25     0.00113     2.01023     3.10698     3.70631
        1050          50     0.00084     1.97688     3.09252     3.67052
        1050          75     0.00084     2.00060     3.10280     3.69598
        1050         100     0.00089     1.98371     3.09548     3.67785
        1050         125     0.00070     2.00377     3.10418     3.69939
        1050         150     0.00108     1.97469     3.09156     3.66816
        1050         175     0.00090     1.98342     3.09535     3.67753
        1050         200     0.00115     2.00084     3.10291     3.69624
        1050         225     0.00113     1.98459     3.09586     3.67879
        1050         250     0.00119     1.97893     3.09340     3.67272
        1050         275     0.00096     2.00071     3.10285     3.69609
        1050         300     0.00068     2.00859     3.10627     3.70455
        1050         325     0.00103     2.00285     3.10378     3.69839
        1050         350     0.00095     2.00270     3.10372     3.69824
        1050         375     0.00086     2.00531     3.10485     3.70104
        1050         400     0.00085     2.00646     3.10535     3.70227
        1050         425     0.00098     2.01376     3.10851     3.71011
        1050         450     0.00091     2.00593     3.10512     3.70170
        1050         475     0.00083     2.00389     3.10423     3.69951
        1050         500     0.00069     2.00509     3.10475     3.70080
        1050         525     0.00062     1.99814     3.10174     3.69334
        1050         550     0.00068     2.00122     3.10307     3.69664
        1050         575     0.00064     2.03145     3.11619     3.72911
        1050         600     0.00063     1.96591     3.08776     3.65875
        1050         625     0.00053     2.04080     3.12025     3.73916
        1050         650     0.00042     2.02144     3.11185     3.71836
        1050         675     0.00054     2.00574     3.10503     3.70150
        1050         700     0.00036     1.94510     3.07873     3.63641
        1075           0     0.00099     1.99934     3.10226     3.69463
        1075          25     0.00108     1.98402     3.09561     3.67819
        1075          50     0.00097     1.97849     3.09321     3.67224
        1075          75     0.00096     1.97793     3.09297     3.67165
        1075         100     0.00080     2.00434     3.10443     3.69999
        1075         125     0.00100     1.99373     3.09982     3.68860
        1075         150     0.00084     2.00239     3.10358     3.69790
        1075         175     0.00059     2.00784     3.10594     3.70375
        1075         200     0.00090     2.00331     3.10398     3.69889
        1075         225     0.00080     2.00872     3.10633     3.70470
        1075         250     0.00115     2.00543     3.10490     3.70116
        1075         275     0.00084     2.00184     3.10334     3.69732
        1075         300     0.00098     2.00442     3.10446     3.70008
        1075         325     0.00103     2.00241     3.10359     3.69792
        1075         350     0.00081     1.99468     3.10023     3.68962
        1075         375     0.00095     2.00080     3.10289     3.69619
        1075         400     0.00070     1.96907     3.08913     3.66214
        1075         425     0.00095     2.00220     3.10350     3.69770
        1075         450     0.00088     2.00227     3.10353     3.69777
        1075         475     0.00092     1.98143     3.09449     3.67541
        1075         500     0.00102     1.99044     3.09840     3.68507
        1075         525     0.00062     2.00405     3.10430     3.69969
        1075         550     0.00063     2.00397     3.10426     3.69959
        1075         575     0.00080     1.98210     3.09478     3.67612
        1075         600     0.00081     2.00173     3.10329     3.69719
        1075         625     0.00095     2.00394     3.10425     3.69956
        1075         650     0.00070     2.01144     3.10751     3.70762
        1075         675     0.00060     2.01410     3.10866     3.71048
        1075         700     0.00083     1.99642     3.10099     3.69149
        1075         725     0.00065     2.01828     3.11047     3.71496
        1100           0     0.00077     2.00142     3.10316     3.69686
        1100          25     0.00125     1.98235     3.09489     3.67639
        1100          50     0.00095     2.00180     3.10332     3.69727
        1100          75     0.00087     2.00175     3.10330     3.69721
        1100         100     0.00098     2.00492     3.10468     3.70062
        1100         125     0.00109     2.00138     3.10314     3.69682
        1100         150     0.00097     2.00510     3.10476     3.70082
        1100         175     0.00098     2.00343     3.10403     3.69902
        1100         200     0.00098     2.00243     3.10360     3.69795
        1100         225     0.00104     2.00008     3.10258     3.69542
        1100         250     0.00091     2.00724     3.10568     3.70311
        1100         275     0.00086     1.99290     3.09946     3.68772
        1100         300     0.00110     2.00163     3.10325     3.69708
        1100         325     0.00085     1.99536     3.10053     3.69035
        1100         350     0.00066     2.01387     3.10856     3.71023
        1100         375     0.00091     1.97602     3.09214     3.66960
        1100         400     0.00095     2.00596     3.10513     3.70173
        1100         425     0.00073     2.01098     3.10731     3.70712
        1100         450     0.00110     2.00370     3.10415     3.69930
        1100         475     0.00097     2.00767     3.10587     3.70357
        1100         500     0.00095     2.00224     3.10352     3.69774
        1100         525     0.00096     2.00912     3.10650     3.70513
        1100         550     0.00068     2.00390     3.10423     3.69952
        1100         575     0.00067     2.00985     3.10682     3.70592
        1100         600     0.00078     2.00569     3.10501     3.70144
        1100         625     0.00062     2.00262     3.10368     3.69815
        1100         650     0.00056     2.00356     3.10409     3.69916
        1100         675     0.00077     2.00221     3.10350     3.69771
        1100         700     0.00070     2.01020     3.10697     3.70629
        1100         725     0.00041     2.00396     3.10426     3.69958
        1100         750     0.00054     2.01379     3.10853     3.71014
        1125           0     0.00090     2.00106     3.10300     3.69648
        1125          25     0.00092     2.00371     3.10415     3.69932
        1125          50     0.00086     2.00136     3.10314     3.69680
        1125          75     0.00083     2.00621     3.10524     3.70201
        1125         100     0.00092     2.00211     3.10346     3.69760
        1125         125     0.00108     2.01238     3.10791     3.70863
        1125         150     0.00116     1.99707     3.10127     3.69219
        1125         175     0.00084     1.98301     3.09518     3.67710
        1125         200     0.00080     1.95671     3.08377     3.64887
        1125         225     0.00077     1.99090     3.09860     3.68557
        1125         250     0.00095     1.96958     3.08935     3.66269
        1125         275     0.00104     2.00208     3.10345     3.69757
        1125         300     0.00078     1.92679     3.07080     3.61678
        1125         325     0.00099     2.00380     3.10419     3.69941
        1125         350     0.00115     2.00234     3.10356     3.69784
        1125         375     0.00083     1.95911     3.08481     3.65145
        1125         400     0.00117     1.98907     3.09780     3.68360
        1125         425     0.00087     2.00365     3.10413     3.69926
        1125         450     0.00110     1.97540     3.09187     3.66893
        1125         475     0.00103     2.00878     3.10635     3.70476
        1125         500     0.00086     2.01780     3.11027     3.71445
        1125         525     0.00092     2.00878     3.10635     3.70476
        1125         550     0.00055     2.01134     3.10746     3.70751
        1125         575     0.00077     1.97118     3.09004     3.66440
        1125         600     0.00069     2.01375     3.10851     3.71010
        1125         625     0.00086     2.00184     3.10334     3.69731
        1125         650     0.00059     2.01288     3.10813     3.70916
        1125         675     0.00068     2.00421     3.10437     3.69985
        1125         700     0.00071     2.01108     3.10735     3.70723
        1125         725     0.00068     2.03408     3.11733     3.73194
        1125         750     0.00063     1.96819     3.08875     3.66119
        1125         775     0.00055     2.07204     3.13381     3.77272
        1150           0     0.00112     2.00246     3.10361     3.69797
        1150          25     0.00081     1.97154     3.09020     3.66479
        1150          50     0.00065     2.00062     3.10281     3.69600
        1150          75     0.00080     1.96531     3.08750     3.65810
        1150         100     0.00105     2.00002     3.10255     3.69535
        1150         125     0.00071     2.00589     3.10510     3.70166
        1150         150     0.00090     1.99642     3.10099     3.69149
        1150         175     0.00093     2.00362     3.10411     3.69922
        1150         200     0.00107     2.00142     3.10316     3.69686
        1150         225     0.00081     2.00426     3.10439     3.69991
        1150         250     0.00078     2.00051     3.10276     3.69588
        1150         275     0.00096     2.00137     3.10314     3.69681
        1150         300     0.00083     2.00074     3.10286     3.69613
        1150         325     0.00091     1.97581     3.09205     3.66937
        1150         350     0.00088     2.00788     3.10596     3.70380
        1150         375     0.00066     2.00541     3.10489     3.70114
        1150         400     0.00113     2.00097     3.10297     3.69638
        1150         425     0.00093     2.00185     3.10335     3.69732
        1150         450     0.00084     1.98181     3.09465     3.67580
        1150         475     0.00098     2.00748     3.10579     3.70337
        1150         500     0.00099     2.00161     3.10324     3.69706
        1150         525     0.00063     1.99780     3.10159     3.69298
        1150         550     0.00097     2.00301     3.10385     3.69857
        1150         575     0.00090     2.00035     3.10270     3.69571
        1150         600     0.00086     2.00424     3.10438     3.69989
        1150         625     0.00082     2.01661     3.10975     3.71317
        1150         650     0.00083     2.00778     3.10592     3.70369
        1150         675     0.00080     2.00666     3.10543     3.70249
        1150         700     0.00081     2.01090     3.10727     3.70704
        1150         725     0.00066     2.00819     3.10610     3.70413
        1150         750     0.00057     2.02155     3.11189     3.71847
        1150         775     0.00041     2.02107     3.11169     3.71796
        1150         800     0.00062     2.01749     3.11013     3.71412
        1175           0     0.00079     2.00060     3.10281     3.69598
        1175          25     0.00098     2.00469     3.10458     3.70037
        1175          50     0.00121     2.00013     3.10260     3.69547
        1175          75     0.00090     2.00099     3.10297     3.69640
        1175         100     0.00112     2.00474     3.10460     3.70043
        1175         125     0.00105     2.00389     3.10423     3.69951
        1175         150     0.00117     2.01096     3.10730     3.70710
        1175         175     0.00086     2.00804     3.10603     3.70397
        1175         200     0.00088     2.00456     3.10452     3.70023
        1175         225     0.00088     2.00042     3.10273     3.69579
        1175         250     0.00106     2.00165     3.10326     3.69711
        1175         275     0.00083     2.01188     3.10770     3.70809
        1175         300     0.00102     2.00632     3.10529     3.70212
        1175         325     0.00106     2.00356     3.10409     3.69915
        1175         350     0.00099     1.98961     3.09803     3.68418
        1175         375     0.00090     2.00699     3.10558     3.70285
        1175         400     0.00116     2.00451     3.10450     3.70018
        1175         425     0.00101     1.94746     3.07976     3.63895
        1175         450     0.00094     1.97790     3.09296     3.67161
        1175         475     0.00086     1.97599     3.09213     3.66956
        1175         500     0.00084     2.00686     3.10552     3.70271
        1175         525     0.00098     2.00456     3.10452     3.70023
        1175         550     0.00094     1.95766     3.08418     3.64990
        1175         575     0.00087     1.98255     3.09497     3.67660
        1175         600     0.00064     2.00253     3.10364     3.69805
        1175         625     0.00083     2.00122     3.10307     3.69664
        1175         650     0.00085     2.00994     3.10686     3.70601
        1175         675     0.00066     2.00716     3.10565     3.70302
        1175         700     0.00067     2.01294     3.10816     3.70923
        1175         725     0.00052     1.98135     3.09445     3.67532
        1175         750     0.00057     2.01673     3.10980     3.71330
        1175         775     0.00062     2.00915     3.10651     3.70516
        1175         800     0.00044     2.01326     3.10830     3.70957
        1175         825     0.00043     2.02154     3.11189     3.71847
        1200           0     0.00098     2.00043     3.10273     3.69580
        1200          25     0.00087     2.00038     3.10271     3.69574
        1200          50     0.00092     2.00129     3.10310     3.69672
        1200          75     0.00091     1.99960     3.10237     3.69491
        1200         100     0.00100     1.98891     3.09773     3.68343
        1200         125     0.00084     2.00933     3.10659     3.70535
        1200         150     0.00123     2.00222     3.10351     3.69772
        1200         175     0.00106     2.00624     3.10525     3.70204
        1200         200     0.00065     2.00002     3.10255     3.69536
        1200         225     0.00095     2.00125     3.10309     3.69668
        1200         250     0.00110     2.00227     3.10353     3.69777
        1200         275     0.00111     2.00076     3.10287     3.69615
        1200         300     0.00112     1.99834     3.10183     3.69356
        1200         325     0.00102     2.00279     3.10375     3.69833
        1200         350     0.00093     2.00018     3.10262     3.69553
        1200         375     0.00088     2.00256     3.10366     3.69809
        1200         400     0.00095     2.00444     3.10447     3.70010
        1200         425     0.00098     2.00135     3.10313     3.69678
        1200         450     0.00108     2.00122     3.10307     3.69664
        1200         475     0.00092     2.01042     3.10706     3.70652
        1200         500     0.00119     1.97910     3.09348     3.67290
        1200         525     0.00108     2.00177     3.10331     3.69723
        1200         550     0.00124     2.00899     3.10644     3.70499
        1200         575     0.00091     2.01128     3.10744     3.70745
        1200         600     0.00097     2.00352     3.10407     3.69911
        1200         625     0.00087     2.00844     3.10621     3.70440
        1200         650     0.00075     2.02741     3.11444     3.72477
        1200         675     0.00070     2.00141     3.10315     3.69685
        1200         700     0.00079     2.00408     3.10431     3.69971
        1200         725     0.00084     2.00547     3.10492     3.70121
        1200         750     0.00081     2.02702     3.11427     3.72435
        1200         775     0.00069     2.00421     3.10437     3.69985
        1200         800     0.00060     1.97203     3.09041     3.66531
        1200         825     0.00076     2.02535     3.11355     3.72256
        1200         850     0.00034     2.07246     3.13400     3.77317
