         350           0     0.00170     1.34828     2.85721     3.27290
         375           0     0.00242     1.29124     2.81924     3.18927
         375          25     0.00225     1.33080     2.84549     3.24708
         400           0     0.00230     1.32771     2.84342     3.24253
         400          25     0.00278     1.37423     2.87473     3.31149
         400          50     0.00209     1.28267     2.81361     3.17687
         425           0     0.00343     1.18316     2.78132     3.05271
         425          25     0.00384     1.26340     2.80305     3.14906
         425          50     0.00263     1.39229     2.88700     3.33850
         425          75     0.00272     1.30064     2.82543     3.20291
         450           0     0.00405     1.21360     2.78229     3.08104
         450          25     0.00406     1.28024     2.81202     3.17338
         450          50     0.00349     1.20552     2.78203     3.07340
         450          75     0.00306     1.27310     2.80765     3.16309
         450         100     0.00295     1.32305     2.84031     3.23567
         475           0     0.00445     1.30413     2.82774     3.20799
         475          25     0.00417     1.22071     2.78324     3.08854
         475          50     0.00401     1.21616     2.78238     3.08346
         475          75     0.00390     1.24060     2.79238     3.11647
         475         100     0.00307     1.34116     2.85243     3.26236
         475         125     0.00224     1.33529     2.84849     3.25369
         500           0     0.00495     1.23111     2.78799     3.10307
         500          25     0.00464     1.24934     2.79645     3.12890
         500          50     0.00515     1.24422     2.79407     3.12161
         500          75     0.00493     1.21777     2.78243     3.08500
         500         100     0.00381     1.27438     2.80826     3.16495
         500         125     0.00334     1.28683     2.81634     3.18289
         500         150     0.00268     1.24385     2.79389     3.12108
         525           0     0.00621     1.20721     2.78209     3.07499
         525          25     0.00600     1.20018     2.78186     3.06840
         525          50     0.00578     1.20569     2.78204     3.07356
         525          75     0.00560     1.23357     2.78913     3.10653
         525         100     0.00465     1.30429     2.82785     3.20823
         525         125     0.00440     1.28932     2.81797     3.18649
         525         150     0.00350     1.30844     2.83059     3.21428
         525         175     0.00318     1.28012     2.81194     3.17320
         550           0     0.00625     1.14454     2.78374     3.02140
         550          25     0.00592     1.19625     2.78173     3.06474
         550          50     0.00645     1.27625     2.80941     3.16764
         550          75     0.00624     1.17996     2.78122     3.04981
         550         100     0.00551     1.26958     2.80598     3.15799
         550         125     0.00474     1.22135     2.78353     3.08943
         550         150     0.00466     1.22141     2.78355     3.08950
         550         175     0.00383     1.25068     2.79708     3.13081
         550         200     0.00362     1.27300     2.80760     3.16295
         575           0     0.00696     1.20919     2.78215     3.07685
         575          25     0.00652     1.21269     2.78226     3.08017
         575          50     0.00710     1.17464     2.78106     3.04502
         575          75     0.00564     1.22504     2.78521     3.09456
         575         100     0.00660     1.22518     2.78527     3.09476
         575         125     0.00696     1.21023     2.78218     3.07784
         575         150     0.00519     1.21525     2.78235     3.08260
         575         175     0.00454     1.27068     2.80650     3.15958
         575         200     0.00433     1.25920     2.80108     3.14303
         575         225     0.00351     1.23157     2.78821     3.10372
         600           0     0.00784     1.18316     2.78132     3.05271
         600          25     0.00808     1.20020     2.78186     3.06843
         600          50     0.00730     1.16368     2.78072     3.03529
         600          75     0.00629     1.21778     2.78243     3.08500
         600         100     0.00691     1.20769     2.78210     3.07544
         600         125     0.00650     1.19606     2.78173     3.06457
         600         150     0.00518     1.20983     2.78217     3.07746
         600         175     0.00536     1.23208     2.78844     3.10444
         600         200     0.00477     1.28235     2.81340     3.17641
         600         225     0.00433     1.24766     2.79567     3.12651
         600         250     0.00371     1.24781     2.79574     3.12671
         625           0     0.00805     1.19093     2.78156     3.05983
         625          25     0.00837     1.16377     2.78073     3.03538
         625          50     0.00855     1.16179     2.78067     3.03364
         625          75     0.00824     1.17264     2.78099     3.04323
         625         100     0.00688     1.18080     2.78125     3.05057
         625         125     0.00646     1.18801     2.78147     3.05715
         625         150     0.00670     1.18638     2.78142     3.05565
         625         175     0.00608     1.19864     2.78181     3.06697
         625         200     0.00541     1.22505     2.78522     3.09458
         625         225     0.00555     1.22312     2.78433     3.09190
         625         250     0.00421     1.24609     2.79494     3.12427
         625         275     0.00361     1.25127     2.79735     3.13165
         650           0     0.00754     1.20039     2.78187     3.06859
         650          25     0.00793     1.16278     2.78069     3.03451
         650          50     0.00888     1.15643     2.78127     3.02952
         650          75     0.00846     1.19677     2.78175     3.06523
         650         100     0.00818     1.17210     2.78098     3.04275
         650         125     0.00720     1.17115     2.78095     3.04190
         650         150     0.00715     1.20044     2.78187     3.06865
         650         175     0.00634     1.21381     2.78230     3.08123
         650         200     0.00572     1.19587     2.78172     3.06440
         650         225     0.00584     1.18917     2.78151     3.05820
         650         250     0.00516     1.23218     2.78849     3.10458
         650         275     0.00461     1.24310     2.79354     3.12002
         650         300     0.00408     1.24988     2.79670     3.12966
         675           0     0.00853     1.17103     2.78095     3.04179
         675          25     0.00919     1.16369     2.78072     3.03531
         675          50     0.00850     1.16548     2.78078     3.03688
         675          75     0.00808     1.15492     2.78159     3.02848
         675         100     0.00924     1.15631     2.78130     3.02944
         675         125     0.00807     1.14474     2.78370     3.02153
         675         150     0.00770     1.16275     2.78069     3.03448
         675         175     0.00679     1.17222     2.78098     3.04285
         675         200     0.00642     1.18196     2.78128     3.05162
         675         225     0.00609     1.21785     2.78243     3.08507
         675         250     0.00606     1.20246     2.78193     3.07053
         675         275     0.00477     1.24817     2.79591     3.12723
         675         300     0.00403     1.21733     2.78241     3.08457
         675         325     0.00407     1.24712     2.79542     3.12573
         700           0     0.00855     1.16388     2.78073     3.03547
         700          25     0.00943     1.15002     2.78261     3.02511
         700          50     0.00956     1.14821     2.78299     3.02387
         700          75     0.00940     1.13932     2.78480     3.01791
         700         100     0.00827     1.14321     2.78401     3.02050
         700         125     0.00802     1.17603     2.78110     3.04626
         700         150     0.00730     1.17480     2.78106     3.04516
         700         175     0.00808     1.15265     2.78206     3.02691
         700         200     0.00781     1.19437     2.78167     3.06301
         700         225     0.00667     1.21526     2.78235     3.08261
         700         250     0.00618     1.19118     2.78157     3.06006
         700         275     0.00549     1.23788     2.79112     3.11262
         700         300     0.00550     1.23571     2.79012     3.10955
         700         325     0.00403     1.24159     2.79284     3.11788
         700         350     0.00376     1.26316     2.80294     3.14872
         725           0     0.01012     1.13750     2.78516     3.01670
         725          25     0.00901     1.16611     2.78080     3.03743
         725          50     0.00969     1.15615     2.78133     3.02933
         725          75     0.00949     1.16921     2.78089     3.04017
         725         100     0.00926     1.15104     2.78240     3.02581
         725         125     0.00823     1.17432     2.78105     3.04473
         725         150     0.00815     1.15769     2.78101     3.03040
         725         175     0.00826     1.19967     2.78184     3.06793
         725         200     0.00790     1.18066     2.78124     3.05044
         725         225     0.00667     1.25763     2.80033     3.14076
         725         250     0.00773     1.15729     2.78109     3.03012
         725         275     0.00626     1.17169     2.78097     3.04238
         725         300     0.00615     1.18895     2.78150     3.05801
         725         325     0.00515     1.23121     2.78804     3.10322
         725         350     0.00480     1.28818     2.81722     3.18483
         725         375     0.00407     1.28647     2.81610     3.18237
         750           0     0.01012     1.14795     2.78304     3.02370
         750          25     0.01012     1.16573     2.78078     3.03709
         750          50     0.01036     1.14026     2.78461     3.01853
         750          75     0.00941     1.16517     2.78077     3.03660
         750         100     0.00904     1.16479     2.78076     3.03627
         750         125     0.00879     1.16569     2.78078     3.03706
         750         150     0.00899     1.16013     2.78062     3.03220
         750         175     0.00933     1.14962     2.78270     3.02483
         750         200     0.00842     1.16735     2.78083     3.03853
         750         225     0.00752     1.17025     2.78092     3.04109
         750         250     0.00743     1.18330     2.78132     3.05284
         750         275     0.00697     1.19524     2.78170     3.06381
         750         300     0.00608     1.21403     2.78231     3.08144
         750         325     0.00515     1.22277     2.78418     3.09141
         750         350     0.00562     1.26144     2.80213     3.14624
         750         375     0.00448     1.24587     2.79483     3.12395
         750         400     0.00412     1.30228     2.82651     3.20530
         775           0     0.01082     1.14219     2.78422     3.01982
         775          25     0.00980     1.15517     2.78154     3.02865
         775          50     0.01118     1.13838     2.78499     3.01728
         775          75     0.01030     1.14748     2.78314     3.02338
         775         100     0.01088     1.15409     2.78176     3.02790
         775         125     0.00959     1.14981     2.78266     3.02496
         775         150     0.00971     1.14797     2.78304     3.02371
         775         175     0.00856     1.17380     2.78103     3.04427
         775         200     0.00865     1.15023     2.78257     3.02526
         775         225     0.00820     1.16333     2.78071     3.03499
         775         250     0.00748     1.16796     2.78085     3.03907
         775         275     0.00758     1.18895     2.78150     3.05801
         775         300     0.00734     1.16884     2.78088     3.03984
         775         325     0.00602     1.21335     2.78228     3.08080
         775         350     0.00558     1.20073     2.78188     3.06892
         775         375     0.00490     1.23122     2.78805     3.10324
         775         400     0.00441     1.24192     2.79300     3.11834
         775         425     0.00294     1.37397     2.87455     3.31110
         800           0     0.01073     1.17202     2.78098     3.04267
         800          25     0.01050     1.13855     2.78495     3.01739
         800          50     0.01097     1.14648     2.78334     3.02270
         800          75     0.01094     1.14917     2.78279     3.02453
         800         100     0.01008     1.15261     2.78207     3.02688
         800         125     0.01111     1.14490     2.78367     3.02163
         800         150     0.00959     1.15098     2.78241     3.02577
         800         175     0.00944     1.14704     2.78323     3.02308
         800         200     0.00907     1.15117     2.78237     3.02590
         800         225     0.00952     1.14815     2.78300     3.02383
         800         250     0.00892     1.13961     2.78474     3.01810
         800         275     0.00833     1.17392     2.78103     3.04437
         800         300     0.00749     1.15738     2.78107     3.03019
         800         325     0.00719     1.15883     2.78077     3.03119
         800         350     0.00594     1.19733     2.78177     3.06575
         800         375     0.00613     1.25070     2.79709     3.13084
         800         400     0.00495     1.28267     2.81361     3.17687
         800         425     0.00485     1.29725     2.82319     3.19799
         800         450     0.00392     1.28151     2.81285     3.17521
         825           0     0.00971     1.13772     2.78512     3.01684
         825          25     0.00982     1.13971     2.78472     3.01817
         825          50     0.01039     1.15323     2.78194     3.02731
         825          75     0.01017     1.13590     2.78548     3.01565
         825         100     0.01078     1.13413     2.78583     3.01449
         825         125     0.00990     1.15056     2.78250     3.02548
         825         150     0.00928     1.14872     2.78288     3.02422
         825         175     0.01029     1.14051     2.78456     3.01870
         825         200     0.00885     1.15510     2.78155     3.02860
         825         225     0.00915     1.15610     2.78134     3.02930
         825         250     0.00922     1.15910     2.78071     3.03138
         825         275     0.00884     1.16681     2.78082     3.03805
         825         300     0.00892     1.15817     2.78091     3.03073
         825         325     0.00761     1.16903     2.78088     3.04001
         825         350     0.00699     1.19658     2.78174     3.06505
         825         375     0.00733     1.16782     2.78085     3.03894
         825         400     0.00673     1.19075     2.78156     3.05966
         825         425     0.00475     1.20532     2.78202     3.07322
         825         450     0.00400     1.32188     2.83953     3.23395
         825         475     0.00342     1.24984     2.79668     3.12961
         850           0     0.01065     1.12684     2.78726     3.00980
         850          25     0.01156     1.13771     2.78512     3.01684
         850          50     0.01025     1.13378     2.78590     3.01427
         850          75     0.01017     1.14740     2.78315     3.02333
         850         100     0.01006     1.16287     2.78070     3.03458
         850         125     0.01038     1.15342     2.78190     3.02744
         850         150     0.01109     1.14004     2.78465     3.01838
         850         175     0.00951     1.16057     2.78063     3.03258
         850         200     0.01005     1.14371     2.78391     3.02084
         850         225     0.01068     1.15115     2.78238     3.02588
         850         250     0.00960     1.13473     2.78572     3.01488
         850         275     0.00944     1.17757     2.78115     3.04765
         850         300     0.00893     1.17308     2.78101     3.04362
         850         325     0.00763     1.18242     2.78130     3.05204
         850         350     0.00802     1.17853     2.78118     3.04852
         850         375     0.00760     1.16916     2.78089     3.04013
         850         400     0.00611     1.18798     2.78147     3.05711
         850         425     0.00602     1.22815     2.78664     3.09893
         850         450     0.00565     1.20721     2.78209     3.07499
         850         475     0.00448     1.25504     2.79912     3.13706
         850         500     0.00438     1.25868     2.80083     3.14228
         875           0     0.01098     1.13711     2.78524     3.01645
         875          25     0.01097     1.13145     2.78636     3.01276
         875          50     0.01143     1.13052     2.78655     3.01215
         875          75     0.01015     1.14874     2.78288     3.02424
         875         100     0.01122     1.13610     2.78544     3.01578
         875         125     0.01000     1.11438     2.78960     3.00208
         875         150     0.00990     1.15233     2.78213     3.02669
         875         175     0.01116     1.12444     2.78772     3.00829
         875         200     0.01031     1.13797     2.78507     3.01701
         875         225     0.01114     1.13424     2.78581     3.01457
         875         250     0.01032     1.14375     2.78390     3.02086
         875         275     0.00963     1.13324     2.78601     3.01392
         875         300     0.00877     1.17422     2.78104     3.04464
         875         325     0.00896     1.17285     2.78100     3.04341
         875         350     0.00813     1.16155     2.78066     3.03343
         875         375     0.00796     1.14717     2.78320     3.02317
         875         400     0.00751     1.18616     2.78141     3.05544
         875         425     0.00703     1.18794     2.78147     3.05707
         875         450     0.00672     1.16365     2.78072     3.03527
         875         475     0.00482     1.24096     2.79255     3.11698
         875         500     0.00453     1.27318     2.80768     3.16320
         875         525     0.00372     1.26611     2.80433     3.15297
         900           0     0.01129     1.13390     2.78588     3.01434
         900          25     0.01121     1.12673     2.78728     3.00973
         900          50     0.01140     1.14252     2.78415     3.02004
         900          75     0.01084     1.12916     2.78681     3.01128
         900         100     0.01180     1.13488     2.78569     3.01498
         900         125     0.01011     1.15985     2.78061     3.03195
         900         150     0.01131     1.13802     2.78506     3.01704
         900         175     0.01022     1.14947     2.78273     3.02474
         900         200     0.01017     1.13525     2.78561     3.01523
         900         225     0.00998     1.13468     2.78573     3.01485
         900         250     0.01095     1.12528     2.78756     3.00881
         900         275     0.01032     1.15406     2.78177     3.02788
         900         300     0.01098     1.13166     2.78632     3.01289
         900         325     0.00888     1.12080     2.78841     3.00601
         900         350     0.00827     1.16779     2.78085     3.03892
         900         375     0.00880     1.17599     2.78110     3.04623
         900         400     0.00737     1.18600     2.78141     3.05530
         900         425     0.00802     1.20132     2.78190     3.06947
         900         450     0.00734     1.22328     2.78441     3.09211
         900         475     0.00619     1.18679     2.78143     3.05602
         900         500     0.00517     1.22605     2.78567     3.09598
         900         525     0.00473     1.28076     2.81236     3.17412
         900         550     0.00372     1.27230     2.80727     3.16194
         925           0     0.01022     1.13036     2.78658     3.01205
         925          25     0.01148     1.13780     2.78510     3.01690
         925          50     0.01144     1.14485     2.78368     3.02160
         925          75     0.01109     1.13244     2.78617     3.01340
         925         100     0.01089     1.12029     2.78851     3.00569
         925         125     0.01082     1.13491     2.78568     3.01500
         925         150     0.01114     1.12645     2.78733     3.00955
         925         175     0.01224     1.13128     2.78640     3.01264
         925         200     0.01101     1.14884     2.78286     3.02430
         925         225     0.01124     1.13060     2.78653     3.01221
         925         250     0.01064     1.14016     2.78463     3.01846
         925         275     0.01009     1.13297     2.78606     3.01374
         925         300     0.00962     1.15295     2.78200     3.02712
         925         325     0.00887     1.14884     2.78286     3.02430
         925         350     0.00891     1.15400     2.78178     3.02785
         925         375     0.00880     1.16846     2.78087     3.03950
         925         400     0.00794     1.14320     2.78401     3.02049
         925         425     0.00823     1.18213     2.78129     3.05178
         925         450     0.00753     1.15722     2.78111     3.03007
         925         475     0.00628     1.20316     2.78195     3.07119
         925         500     0.00680     1.19929     2.78183     3.06757
         925         525     0.00551     1.21014     2.78218     3.07776
         925         550     0.00417     1.28067     2.81230     3.17400
         925         575     0.00412     1.22765     2.78641     3.09822
         950           0     0.01034     1.14355     2.78394     3.02073
         950          25     0.01192     1.12952     2.78674     3.01151
         950          50     0.01154     1.12903     2.78684     3.01120
         950          75     0.01106     1.15318     2.78195     3.02728
         950         100     0.01230     1.13256     2.78614     3.01347
         950         125     0.01169     1.15399     2.78179     3.02783
         950         150     0.01177     1.12872     2.78689     3.01100
         950         175     0.01168     1.13641     2.78538     3.01599
         950         200     0.01085     1.13496     2.78567     3.01503
         950         225     0.01077     1.14581     2.78348     3.02225
         950         250     0.01077     1.15607     2.78135     3.02928
         950         275     0.01064     1.13523     2.78562     3.01521
         950         300     0.00999     1.14062     2.78454     3.01877
         950         325     0.00908     1.14936     2.78275     3.02466
         950         350     0.00948     1.14089     2.78448     3.01895
         950         375     0.00856     1.16574     2.78078     3.03711
         950         400     0.00861     1.16187     2.78067     3.03371
         950         425     0.00834     1.18305     2.78132     3.05261
         950         450     0.00786     1.14582     2.78348     3.02226
         950         475     0.00684     1.20192     2.78191     3.07003
         950         500     0.00805     1.15533     2.78150     3.02876
         950         525     0.00576     1.20995     2.78217     3.07758
         950         550     0.00496     1.22518     2.78527     3.09477
         950         575     0.00503     1.21252     2.78226     3.08001
         950         600     0.00356     1.21751     2.78242     3.08475
         975           0     0.01172     1.14195     2.78427     3.01965
         975          25     0.01150     1.13055     2.78654     3.01218
         975          50     0.01189     1.12328     2.78794     3.00756
         975          75     0.01125     1.13190     2.78627     3.01304
         975         100     0.01110     1.13238     2.78618     3.01336
         975         125     0.01056     1.13534     2.78559     3.01528
         975         150     0.01183     1.13770     2.78512     3.01684
         975         175     0.01127     1.14269     2.78412     3.02015
         975         200     0.01026     1.13785     2.78509     3.01693
         975         225     0.01170     1.13582     2.78550     3.01560
         975         250     0.01116     1.13727     2.78521     3.01655
         975         275     0.00937     1.14894     2.78284     3.02438
         975         300     0.01013     1.14009     2.78464     3.01842
         975         325     0.01079     1.13084     2.78648     3.01236
         975         350     0.00959     1.14478     2.78369     3.02156
         975         375     0.01060     1.13428     2.78581     3.01459
         975         400     0.00953     1.13528     2.78561     3.01524
         975         425     0.00921     1.16223     2.78068     3.03402
         975         450     0.00846     1.16052     2.78063     3.03254
         975         475     0.00801     1.15472     2.78163     3.02834
         975         500     0.00747     1.21603     2.78237     3.08334
         975         525     0.00743     1.18560     2.78140     3.05494
         975         550     0.00621     1.18973     2.78153     3.05872
         975         575     0.00580     1.24250     2.79326     3.11916
         975         600     0.00456     1.32411     2.84102     3.23724
         975         625     0.00359     1.31124     2.83245     3.21837
        1000           0     0.01071     1.14826     2.78298     3.02391
        1000          25     0.01182     1.13370     2.78592     3.01421
        1000          50     0.01166     1.12467     2.78767     3.00843
        1000          75     0.01141     1.14181     2.78430     3.01957
        1000         100     0.01136     1.15256     2.78208     3.02685
        1000         125     0.01231     1.14296     2.78406     3.02033
        1000         150     0.01085     1.13946     2.78477     3.01800
        1000         175     0.01112     1.13459     2.78574     3.01479
        1000         200     0.01116     1.14828     2.78297     3.02392
        1000         225     0.01078     1.12973     2.78670     3.01165
        1000         250     0.01099     1.14352     2.78395     3.02071
        1000         275     0.01185     1.13123     2.78641     3.01261
        1000         300     0.01053     1.12604     2.78741     3.00930
        1000         325     0.01083     1.14045     2.78457     3.01866
        1000         350     0.01091     1.16846     2.78087     3.03951
        1000         375     0.00956     1.15485     2.78161     3.02843
        1000         400     0.00911     1.13786     2.78509     3.01694
        1000         425     0.00900     1.18100     2.78125     3.05075
        1000         450     0.00888     1.13885     2.78489     3.01760
        1000         475     0.00851     1.16882     2.78088     3.03983
        1000         500     0.00798     1.18381     2.78134     3.05331
        1000         525     0.00724     1.21662     2.78239     3.08390
        1000         550     0.00677     1.16375     2.78072     3.03536
        1000         575     0.00579     1.23884     2.79157     3.11398
        1000         600     0.00557     1.19026     2.78154     3.05921
        1000         625     0.00462     1.18373     2.78134     3.05323
        1000         650     0.00343     1.25836     2.80068     3.14181
        1025           0     0.01213     1.13644     2.78538     3.01601
        1025          25     0.01178     1.13077     2.78650     3.01232
        1025          50     0.01191     1.13719     2.78523     3.01650
        1025          75     0.01207     1.13704     2.78526     3.01640
        1025         100     0.01172     1.13233     2.78619     3.01333
        1025         125     0.01200     1.13635     2.78539     3.01594
        1025         150     0.01057     1.13478     2.78571     3.01492
        1025         175     0.01205     1.13852     2.78496     3.01738
        1025         200     0.01124     1.13980     2.78470     3.01822
        1025         225     0.01173     1.12707     2.78721     3.00995
        1025         250     0.01129     1.11991     2.78858     3.00546
        1025         275     0.01062     1.14662     2.78331     3.02280
        1025         300     0.01160     1.13240     2.78618     3.01337
        1025         325     0.01102     1.14209     2.78424     3.01975
        1025         350     0.01052     1.14887     2.78285     3.02433
        1025         375     0.01087     1.15629     2.78130     3.02943
        1025         400     0.01009     1.15212     2.78218     3.02655
        1025         425     0.01064     1.15312     2.78197     3.02724
        1025         450     0.00964     1.14317     2.78402     3.02048
        1025         475     0.00999     1.13897     2.78487     3.01767
        1025         500     0.00933     1.16644     2.78081     3.03772
        1025         525     0.00873     1.19514     2.78170     3.06372
        1025         550     0.00758     1.19837     2.78180     3.06672
        1025         575     0.00663     1.16919     2.78089     3.04015
        1025         600     0.00688     1.23090     2.78790     3.10278
        1025         625     0.00548     1.22021     2.78301     3.08783
        1025         650     0.00524     1.22186     2.78376     3.09013
        1025         675     0.00338     1.37538     2.87551     3.31320
        1050           0     0.01059     1.12621     2.78738     3.00940
        1050          25     0.01119     1.13417     2.78583     3.01452
        1050          50     0.01120     1.14077     2.78451     3.01887
        1050          75     0.01076     1.13227     2.78620     3.01328
        1050         100     0.01033     1.12642     2.78734     3.00953
        1050         125     0.01113     1.13486     2.78569     3.01497
        1050         150     0.01067     1.13321     2.78602     3.01390
        1050         175     0.01082     1.14096     2.78447     3.01899
        1050         200     0.01170     1.12754     2.78712     3.01025
        1050         225     0.01117     1.13367     2.78592     3.01420
        1050         250     0.01241     1.13760     2.78514     3.01677
        1050         275     0.01152     1.12529     2.78756     3.00882
        1050         300     0.01120     1.12046     2.78847     3.00579
        1050         325     0.00969     1.12811     2.78701     3.01061
        1050         350     0.01097     1.14501     2.78364     3.02171
        1050         375     0.01026     1.15572     2.78142     3.02903
        1050         400     0.01098     1.13011     2.78662     3.01189
        1050         425     0.01016     1.14183     2.78429     3.01958
        1050         450     0.01002     1.14269     2.78412     3.02015
        1050         475     0.00916     1.15564     2.78144     3.02898
        1050         500     0.00863     1.15457     2.78166     3.02824
        1050         525     0.00853     1.14901     2.78282     3.02442
        1050         550     0.00829     1.14731     2.78317     3.02327
        1050         575     0.00784     1.17474     2.78106     3.04511
        1050         600     0.00620     1.22664     2.78594     3.09680
        1050         625     0.00582     1.18796     2.78147     3.05709
        1050         650     0.00580     1.26376     2.80323     3.14959
        1050         675     0.00503     1.27109     2.80669     3.16017
        1050         700     0.00392     1.29875     2.82418     3.20016
        1075           0     0.01106     1.14421     2.78381     3.02117
        1075          25     0.01236     1.13841     2.78498     3.01730
        1075          50     0.01162     1.13291     2.78608     3.01370
        1075          75     0.01237     1.13693     2.78528     3.01633
        1075         100     0.01239     1.13205     2.78624     3.01314
        1075         125     0.01137     1.13323     2.78601     3.01391
        1075         150     0.01278     1.12965     2.78671     3.01160
        1075         175     0.01054     1.14489     2.78367     3.02163
        1075         200     0.01142     1.12952     2.78674     3.01151
        1075         225     0.01176     1.14866     2.78289     3.02418
        1075         250     0.01291     1.12510     2.78759     3.00870
        1075         275     0.01141     1.13179     2.78630     3.01297
        1075         300     0.01099     1.12576     2.78747     3.00912
        1075         325     0.01109     1.12140     2.78830     3.00638
        1075         350     0.01143     1.12303     2.78799     3.00739
        1075         375     0.01076     1.14519     2.78361     3.02183
        1075         400     0.01066     1.13350     2.78596     3.01408
        1075         425     0.01057     1.13963     2.78474     3.01811
        1075         450     0.01020     1.12858     2.78692     3.01091
        1075         475     0.01070     1.11996     2.78857     3.00549
        1075         500     0.01009     1.12169     2.78824     3.00656
        1075         525     0.00971     1.15277     2.78204     3.02699
        1075         550     0.00894     1.17328     2.78101     3.04380
        1075         575     0.00784     1.19326     2.78164     3.06197
        1075         600     0.00808     1.19332     2.78164     3.06203
        1075         625     0.00581     1.15816     2.78091     3.03073
        1075         650     0.00577     1.22459     2.78500     3.09394
        1075         675     0.00590     1.22626     2.78577     3.09628
        1075         700     0.00556     1.24851     2.79606     3.12772
        1075         725     0.00388     1.26842     2.80543     3.15631
        1100           0     0.01134     1.14797     2.78304     3.02371
        1100          25     0.01238     1.13659     2.78535     3.01611
        1100          50     0.01244     1.13459     2.78574     3.01479
        1100          75     0.01272     1.13278     2.78610     3.01361
        1100         100     0.01171     1.13160     2.78633     3.01285
        1100         125     0.01245     1.13723     2.78522     3.01652
        1100         150     0.01158     1.13248     2.78616     3.01342
        1100         175     0.01202     1.12616     2.78739     3.00937
        1100         200     0.01160     1.12658     2.78731     3.00964
        1100         225     0.01110     1.13561     2.78554     3.01546
        1100         250     0.01263     1.13300     2.78606     3.01376
        1100         275     0.01139     1.12995     2.78666     3.01179
        1100         300     0.01111     1.13196     2.78626     3.01309
        1100         325     0.01088     1.13826     2.78501     3.01720
        1100         350     0.01080     1.12573     2.78747     3.00909
        1100         375     0.01149     1.13241     2.78617     3.01338
        1100         400     0.01044     1.12698     2.78723     3.00989
        1100         425     0.01063     1.13830     2.78500     3.01723
        1100         450     0.01002     1.11793     2.78895     3.00424
        1100         475     0.01146     1.13616     2.78543     3.01582
        1100         500     0.00953     1.15126     2.78236     3.02596
        1100         525     0.00979     1.12926     2.78679     3.01134
        1100         550     0.00870     1.16882     2.78088     3.03983
        1100         575     0.00861     1.17024     2.78092     3.04109
        1100         600     0.00770     1.15107     2.78239     3.02583
        1100         625     0.00720     1.18024     2.78123     3.05006
        1100         650     0.00677     1.22696     2.78609     3.09726
        1100         675     0.00632     1.18574     2.78140     3.05507
        1100         700     0.00570     1.25502     2.79911     3.13701
        1100         725     0.00465     1.23147     2.78816     3.10358
        1100         750     0.00359     1.24621     2.79499     3.12444
        1125           0     0.01148     1.13651     2.78536     3.01605
        1125          25     0.01111     1.14557     2.78353     3.02209
        1125          50     0.01137     1.14126     2.78441     3.01920
        1125          75     0.01213     1.13021     2.78660     3.01196
        1125         100     0.01199     1.13273     2.78611     3.01358
        1125         125     0.01241     1.13013     2.78662     3.01190
        1125         150     0.01261     1.12676     2.78727     3.00975
        1125         175     0.01206     1.13402     2.78586     3.01442
        1125         200     0.01312     1.13202     2.78625     3.01312
        1125         225     0.01214     1.12664     2.78730     3.00968
        1125         250     0.01272     1.12831     2.78697     3.01074
        1125         275     0.01249     1.12970     2.78670     3.01163
        1125         300     0.01189     1.12724     2.78718     3.01006
        1125         325     0.01138     1.13075     2.78650     3.01230
        1125         350     0.01176     1.13505     2.78565     3.01510
        1125         375     0.01094     1.13048     2.78655     3.01213
        1125         400     0.01175     1.14008     2.78465     3.01841
        1125         425     0.01128     1.13344     2.78597     3.01404
        1125         450     0.01221     1.12938     2.78677     3.01142
        1125         475     0.01158     1.13776     2.78511     3.01687
        1125         500     0.01069     1.13617     2.78543     3.01583
        1125         525     0.01134     1.15277     2.78204     3.02700
        1125         550     0.00853     1.13915     2.78483     3.01779
        1125         575     0.00964     1.14683     2.78327     3.02294
        1125         600     0.00921     1.15161     2.78228     3.02620
        1125         625     0.00789     1.18605     2.78141     3.05535
        1125         650     0.00756     1.19700     2.78176     3.06545
        1125         675     0.00659     1.20813     2.78211     3.07586
        1125         700     0.00660     1.18968     2.78152     3.05867
        1125         725     0.00496     1.22544     2.78539     3.09513
        1125         750     0.00445     1.26763     2.80505     3.15517
        1125         775     0.00370     1.26486     2.80374     3.15116
        1150           0     0.01142     1.13994     2.78467     3.01832
        1150          25     0.01150     1.12394     2.78782     3.00797
        1150          50     0.01209     1.13005     2.78664     3.01185
        1150          75     0.01233     1.13985     2.78469     3.01826
        1150         100     0.01116     1.14295     2.78406     3.02033
        1150         125     0.01161     1.14028     2.78460     3.01855
        1150         150     0.01196     1.13909     2.78485     3.01775
        1150         175     0.01147     1.14146     2.78437     3.01933
        1150         200     0.01185     1.13552     2.78556     3.01540
        1150         225     0.01198     1.12340     2.78792     3.00763
        1150         250     0.01182     1.13455     2.78575     3.01476
        1150         275     0.01304     1.12497     2.78762     3.00862
        1150         300     0.01148     1.12613     2.78740     3.00935
        1150         325     0.01090     1.13589     2.78549     3.01564
        1150         350     0.01200     1.12121     2.78833     3.00626
        1150         375     0.01090     1.12111     2.78835     3.00620
        1150         400     0.01284     1.11855     2.78883     3.00462
        1150         425     0.01165     1.12964     2.78672     3.01159
        1150         450     0.01108     1.14435     2.78378     3.02127
        1150         475     0.01129     1.13475     2.78571     3.01490
        1150         500     0.01103     1.14281     2.78409     3.02023
        1150         525     0.00968     1.13146     2.78636     3.01276
        1150         550     0.01017     1.14495     2.78366     3.02167
        1150         575     0.00925     1.14358     2.78394     3.02075
        1150         600     0.00902     1.16124     2.78065     3.03316
        1150         625     0.00886     1.18583     2.78140     3.05514
        1150         650     0.00834     1.16069     2.78063     3.03268
        1150         675     0.00776     1.19838     2.78180     3.06672
        1150         700     0.00720     1.16949     2.78090     3.04042
        1150         725     0.00553     1.23389     2.78928     3.10699
        1150         750     0.00620     1.23005     2.78751     3.10158
        1150         775     0.00471     1.25209     2.79774     3.13282
        1150         800     0.00411     1.26398     2.80333     3.14991
        1175           0     0.01141     1.13524     2.78561     3.01522
        1175          25     0.01188     1.14152     2.78436     3.01937
        1175          50     0.01242     1.14799     2.78303     3.02372
        1175          75     0.01275     1.13505     2.78565     3.01510
        1175         100     0.01288     1.13703     2.78526     3.01639
        1175         125     0.01341     1.14266     2.78412     3.02013
        1175         150     0.01216     1.14174     2.78431     3.01951
        1175         175     0.01276     1.12611     2.78740     3.00934
        1175         200     0.01220     1.13180     2.78629     3.01298
        1175         225     0.01196     1.12865     2.78691     3.01096
        1175         250     0.01224     1.12560     2.78750     3.00901
        1175         275     0.01229     1.12674     2.78728     3.00974
        1175         300     0.01221     1.14700     2.78324     3.02305
        1175         325     0.01161     1.12981     2.78668     3.01170
        1175         350     0.01226     1.13049     2.78655     3.01214
        1175         375     0.01245     1.14303     2.78405     3.02038
        1175         400     0.01256     1.14397     2.78386     3.02101
        1175         425     0.01166     1.14155     2.78435     3.01939
        1175         450     0.01163     1.12465     2.78768     3.00842
        1175         475     0.01146     1.14680     2.78328     3.02292
        1175         500     0.01079     1.14069     2.78452     3.01882
        1175         525     0.01154     1.13737     2.78519     3.01662
        1175         550     0.01030     1.13894     2.78487     3.01766
        1175         575     0.01026     1.15826     2.78089     3.03080
        1175         600     0.00892     1.14765     2.78310     3.02349
        1175         625     0.01024     1.15251     2.78210     3.02681
        1175         650     0.00928     1.14578     2.78349     3.02223
        1175         675     0.00854     1.13859     2.78495     3.01742
        1175         700     0.00726     1.15146     2.78231     3.02610
        1175         725     0.00728     1.17573     2.78109     3.04600
        1175         750     0.00699     1.26490     2.80376     3.15123
        1175         775     0.00441     1.26710     2.80480     3.15441
        1175         800     0.00482     1.31368     2.83407     3.22195
        1175         825     0.00314     1.29769     2.82348     3.19862
        1200           0     0.01221     1.14713     2.78321     3.02314
        1200          25     0.01215     1.14184     2.78429     3.01958
        1200          50     0.01179     1.14044     2.78457     3.01865
        1200          75     0.01226     1.13609     2.78544     3.01578
        1200         100     0.01263     1.14443     2.78376     3.02132
        1200         125     0.01225     1.14483     2.78368     3.02159
        1200         150     0.01152     1.14265     2.78413     3.02012
        1200         175     0.01124     1.13779     2.78511     3.01689
        1200         200     0.01113     1.14068     2.78452     3.01881
        1200         225     0.01211     1.12875     2.78689     3.01102
        1200         250     0.01207     1.13007     2.78663     3.01186
        1200         275     0.01252     1.12084     2.78840     3.00604
        1200         300     0.01338     1.13800     2.78506     3.01704
        1200         325     0.01270     1.13598     2.78547     3.01571
        1200         350     0.01090     1.13782     2.78510     3.01692
        1200         375     0.01237     1.13409     2.78584     3.01447
        1200         400     0.01266     1.12795     2.78704     3.01051
        1200         425     0.01109     1.14051     2.78456     3.01870
        1200         450     0.01076     1.12868     2.78690     3.01097
        1200         475     0.01159     1.12585     2.78745     3.00917
        1200         500     0.01097     1.12044     2.78848     3.00578
        1200         525     0.01086     1.13720     2.78522     3.01651
        1200         550     0.01118     1.12675     2.78728     3.00975
        1200         575     0.00958     1.12360     2.78788     3.00776
        1200         600     0.01051     1.12479     2.78765     3.00851
        1200         625     0.01011     1.13798     2.78507     3.01702
        1200         650     0.00938     1.14798     2.78303     3.02372
        1200         675     0.00757     1.16628     2.78080     3.03758
        1200         700     0.00838     1.14749     2.78313     3.02339
        1200         725     0.00802     1.16336     2.78071     3.03501
        1200         750     0.00660     1.22919     2.78711     3.10038
        1200         775     0.00601     1.21411     2.78231     3.08152
        1200         800     0.00543     1.28504     2.81516     3.18029
        1200         825     0.00512     1.26340     2.80305     3.14907
        1200         850     0.00322     1.28936     2.81800     3.18655
