         350           0     0.00284     1.09942     7.02257     6.28039
         375           0     0.00381     1.11536     7.05848     6.30415
         375          25     0.00293     1.13189     7.09857     6.33068
         400           0     0.00281     1.12472     7.08087     6.31897
         400          25     0.00342     1.15297     7.15306     6.36674
         400          50     0.00307     1.15891     7.16897     6.37727
         425           0     0.00352     1.10832     7.04226     6.29342
         425          25     0.00358     1.11166     7.04989     6.29847
         425          50     0.00312     1.13331     7.10213     6.33303
         425          75     0.00332     1.11482     7.05721     6.30331
         450           0     0.00413     1.11181     7.05024     6.29870
         450          25     0.00381     1.11403     7.05536     6.30209
         450          50     0.00369     1.11481     7.05720     6.30331
         450          75     0.00305     1.14466     7.13117     6.35225
         450         100     0.00411     1.11234     7.05144     6.29950
         475           0     0.00371     1.11736     7.06318     6.30726
         475          25     0.00351     1.09854     7.02067     6.27914
         475          50     0.00314     1.10569     7.03633     6.28949
         475          75     0.00351     1.11918     7.06751     6.31013
         475         100     0.00410     1.13794     7.11386     6.34080
         475         125     0.00322     1.12547     7.08268     6.32017
         500           0     0.00394     1.11423     7.05583     6.30240
         500          25     0.00403     1.11685     7.06197     6.30646
         500          50     0.00424     1.12818     7.08933     6.32457
         500          75     0.00462     1.10897     7.04374     6.29440
         500         100     0.00343     1.14619     7.13516     6.35489
         500         125     0.00343     1.11192     7.05047     6.29885
         500         150     0.00379     1.11242     7.05162     6.29962
         525           0     0.00431     1.13242     7.09989     6.33155
         525          25     0.00454     1.10425     7.03312     6.28737
         525          50     0.00509     1.09599     7.01524     6.27554
         525          75     0.00432     1.10755     7.04050     6.29226
         525         100     0.00404     1.12884     7.09098     6.32566
         525         125     0.00388     1.12095     7.07174     6.31292
         525         150     0.00311     1.10763     7.04070     6.29239
         525         175     0.00340     1.10223     7.02868     6.28444
         550           0     0.00453     1.11277     7.05244     6.30016
         550          25     0.00437     1.11301     7.05299     6.30052
         550          50     0.00401     1.10111     7.02623     6.28281
         550          75     0.00444     1.11114     7.04868     6.29767
         550         100     0.00422     1.13134     7.09718     6.32976
         550         125     0.00403     1.11582     7.05957     6.30487
         550         150     0.00396     1.11145     7.04940     6.29814
         550         175     0.00361     1.10278     7.02989     6.28524
         550         200     0.00294     1.17274     7.21640     6.41177
         575           0     0.00471     1.10293     7.03021     6.28544
         575          25     0.00507     1.11822     7.06523     6.30862
         575          50     0.00483     1.10900     7.04378     6.29443
         575          75     0.00410     1.11894     7.06694     6.30975
         575         100     0.00402     1.11832     7.06546     6.30877
         575         125     0.00418     1.11881     7.06661     6.30953
         575         150     0.00400     1.11803     7.06477     6.30831
         575         175     0.00348     1.13077     7.09576     6.32882
         575         200     0.00364     1.10942     7.04474     6.29506
         575         225     0.00347     1.14113     7.12203     6.34620
         600           0     0.00445     1.11319     7.05341     6.30080
         600          25     0.00465     1.10199     7.02816     6.28409
         600          50     0.00431     1.10182     7.02777     6.28383
         600          75     0.00390     1.10847     7.04259     6.29364
         600         100     0.00414     1.10640     7.03793     6.29055
         600         125     0.00527     1.10027     7.02441     6.28161
         600         150     0.00458     1.09672     7.01679     6.27657
         600         175     0.00423     1.11727     7.06298     6.30713
         600         200     0.00465     1.11531     7.05836     6.30407
         600         225     0.00369     1.11550     7.05881     6.30437
         600         250     0.00357     1.14041     7.12017     6.34497
         625           0     0.00465     1.11114     7.04868     6.29767
         625          25     0.00474     1.09781     7.01911     6.27810
         625          50     0.00491     1.10158     7.02724     6.28348
         625          75     0.00526     1.10777     7.04101     6.29259
         625         100     0.00431     1.11372     7.05465     6.30162
         625         125     0.00459     1.12077     7.07131     6.31264
         625         150     0.00438     1.10714     7.03958     6.29165
         625         175     0.00456     1.10908     7.04397     6.29455
         625         200     0.00464     1.10936     7.04462     6.29498
         625         225     0.00450     1.12486     7.08119     6.31918
         625         250     0.00367     1.14283     7.12642     6.34910
         625         275     0.00336     1.15673     7.16311     6.37338
         650           0     0.00485     1.11234     7.05146     6.29951
         650          25     0.00508     1.10605     7.03715     6.29004
         650          50     0.00485     1.10982     7.04567     6.29568
         650          75     0.00519     1.10558     7.03608     6.28933
         650         100     0.00458     1.11690     7.06209     6.30654
         650         125     0.00413     1.10212     7.02844     6.28428
         650         150     0.00423     1.10606     7.03716     6.29005
         650         175     0.00409     1.11420     7.05576     6.30235
         650         200     0.00422     1.10616     7.03738     6.29019
         650         225     0.00450     1.09639     7.01610     6.27611
         650         250     0.00399     1.13098     7.09629     6.32917
         650         275     0.00330     1.12261     7.07574     6.31557
         650         300     0.00337     1.11593     7.05981     6.30503
         675           0     0.00507     1.11441     7.05626     6.30269
         675          25     0.00524     1.10933     7.04455     6.29493
         675          50     0.00524     1.10593     7.03687     6.28986
         675          75     0.00474     1.11962     7.06856     6.31082
         675         100     0.00546     1.09606     7.01540     6.27565
         675         125     0.00505     1.10230     7.02882     6.28453
         675         150     0.00482     1.09601     7.01530     6.27558
         675         175     0.00397     1.11358     7.05433     6.30141
         675         200     0.00475     1.12950     7.09260     6.32673
         675         225     0.00411     1.11398     7.05525     6.30201
         675         250     0.00452     1.10780     7.04107     6.29263
         675         275     0.00411     1.10428     7.03319     6.28742
         675         300     0.00408     1.10875     7.04322     6.29406
         675         325     0.00327     1.15418     7.15629     6.36887
         700           0     0.00466     1.10459     7.03388     6.28787
         700          25     0.00522     1.10738     7.04013     6.29201
         700          50     0.00491     1.10829     7.04218     6.29337
         700          75     0.00553     1.10400     7.03257     6.28701
         700         100     0.00523     1.11054     7.04731     6.29676
         700         125     0.00478     1.11265     7.05217     6.29998
         700         150     0.00452     1.10963     7.04524     6.29539
         700         175     0.00479     1.09058     7.00402     6.26812
         700         200     0.00473     1.10900     7.04381     6.29444
         700         225     0.00444     1.11390     7.05506     6.30189
         700         250     0.00405     1.11364     7.05445     6.30149
         700         275     0.00408     1.11689     7.06207     6.30653
         700         300     0.00409     1.10841     7.04246     6.29355
         700         325     0.00400     1.11347     7.05406     6.30123
         700         350     0.00333     1.11848     7.06583     6.30902
         725           0     0.00518     1.10259     7.02946     6.28495
         725          25     0.00478     1.12111     7.07212     6.31318
         725          50     0.00505     1.10597     7.03696     6.28991
         725          75     0.00492     1.11074     7.04776     6.29706
         725         100     0.00483     1.10921     7.04427     6.29475
         725         125     0.00454     1.11419     7.05575     6.30235
         725         150     0.00460     1.09546     7.01414     6.27481
         725         175     0.00452     1.10781     7.04111     6.29266
         725         200     0.00506     1.11206     7.05081     6.29907
         725         225     0.00436     1.11878     7.06655     6.30949
         725         250     0.00459     1.09881     7.02125     6.27952
         725         275     0.00394     1.12018     7.06989     6.31171
         725         300     0.00409     1.12077     7.07130     6.31263
         725         325     0.00408     1.12633     7.08479     6.32156
         725         350     0.00407     1.12332     7.07744     6.31670
         725         375     0.00341     1.15962     7.17091     6.37855
         750           0     0.00553     1.11199     7.05065     6.29897
         750          25     0.00477     1.11800     7.06469     6.30826
         750          50     0.00509     1.11684     7.06196     6.30645
         750          75     0.00512     1.11232     7.05140     6.29947
         750         100     0.00485     1.12784     7.08849     6.32401
         750         125     0.00484     1.11170     7.04998     6.29853
         750         150     0.00444     1.11144     7.04938     6.29813
         750         175     0.00480     1.10599     7.03701     6.28994
         750         200     0.00469     1.10474     7.03421     6.28809
         750         225     0.00479     1.11288     7.05269     6.30032
         750         250     0.00456     1.10984     7.04571     6.29570
         750         275     0.00460     1.11366     7.05451     6.30153
         750         300     0.00427     1.10235     7.02895     6.28461
         750         325     0.00355     1.10509     7.03499     6.28861
         750         350     0.00412     1.11231     7.05138     6.29946
         750         375     0.00327     1.14160     7.12326     6.34701
         750         400     0.00363     1.11205     7.05077     6.29905
         775           0     0.00564     1.10734     7.04003     6.29195
         775          25     0.00487     1.11487     7.05733     6.30339
         775          50     0.00560     1.10766     7.04076     6.29243
         775          75     0.00491     1.10715     7.03961     6.29167
         775         100     0.00528     1.11458     7.05666     6.30295
         775         125     0.00473     1.10901     7.04381     6.29445
         775         150     0.00467     1.11553     7.05888     6.30441
         775         175     0.00485     1.11599     7.05996     6.30513
         775         200     0.00479     1.11375     7.05473     6.30167
         775         225     0.00417     1.08910     7.00111     6.26610
         775         250     0.00460     1.11011     7.04633     6.29611
         775         275     0.00396     1.10013     7.02410     6.28140
         775         300     0.00439     1.09641     7.01615     6.27614
         775         325     0.00402     1.13732     7.11228     6.33975
         775         350     0.00392     1.12230     7.07499     6.31508
         775         375     0.00373     1.11755     7.06363     6.30756
         775         400     0.00373     1.11487     7.05732     6.30339
         775         425     0.00326     1.12262     7.07576     6.31559
         800           0     0.00498     1.11249     7.05179     6.29973
         800          25     0.00515     1.11400     7.05529     6.30204
         800          50     0.00561     1.11090     7.04813     6.29731
         800          75     0.00523     1.10148     7.02703     6.28334
         800         100     0.00525     1.10751     7.04042     6.29220
         800         125     0.00574     1.10595     7.03691     6.28988
         800         150     0.00521     1.10839     7.04240     6.29351
         800         175     0.00489     1.11632     7.06073     6.30564
         800         200     0.00477     1.10713     7.03957     6.29164
         800         225     0.00509     1.11165     7.04985     6.29845
         800         250     0.00502     1.11148     7.04946     6.29819
         800         275     0.00474     1.10967     7.04531     6.29544
         800         300     0.00445     1.10421     7.03305     6.28733
         800         325     0.00432     1.09410     7.01128     6.27292
         800         350     0.00373     1.11104     7.04846     6.29752
         800         375     0.00400     1.12296     7.07659     6.31613
         800         400     0.00397     1.14800     7.13990     6.35803
         800         425     0.00372     1.15046     7.14639     6.36232
         800         450     0.00376     1.13039     7.09482     6.32820
         825           0     0.00494     1.11119     7.04881     6.29775
         825          25     0.00472     1.11370     7.05461     6.30159
         825          50     0.00480     1.13142     7.09740     6.32990
         825          75     0.00499     1.11099     7.04834     6.29745
         825         100     0.00567     1.10124     7.02651     6.28300
         825         125     0.00470     1.11109     7.04857     6.29760
         825         150     0.00443     1.10812     7.04180     6.29312
         825         175     0.00498     1.10667     7.03854     6.29096
         825         200     0.00461     1.10161     7.02731     6.28353
         825         225     0.00489     1.10553     7.03597     6.28926
         825         250     0.00514     1.09918     7.02205     6.28005
         825         275     0.00512     1.10684     7.03891     6.29120
         825         300     0.00437     1.11031     7.04678     6.29641
         825         325     0.00435     1.11691     7.06212     6.30656
         825         350     0.00488     1.10557     7.03608     6.28933
         825         375     0.00439     1.09914     7.02196     6.27998
         825         400     0.00439     1.13422     7.10441     6.33454
         825         425     0.00351     1.10367     7.03186     6.28654
         825         450     0.00374     1.13755     7.11285     6.34013
         825         475     0.00296     1.12856     7.09028     6.32519
         850           0     0.00517     1.10248     7.02922     6.28479
         850          25     0.00557     1.12070     7.07115     6.31253
         850          50     0.00502     1.11563     7.05910     6.30456
         850          75     0.00528     1.10973     7.04545     6.29553
         850         100     0.00529     1.10882     7.04339     6.29417
         850         125     0.00472     1.12003     7.06953     6.31146
         850         150     0.00545     1.11330     7.05368     6.30098
         850         175     0.00488     1.12579     7.08346     6.32068
         850         200     0.00490     1.11026     7.04666     6.29633
         850         225     0.00558     1.11053     7.04729     6.29675
         850         250     0.00463     1.09659     7.01652     6.27639
         850         275     0.00502     1.11330     7.05367     6.30097
         850         300     0.00484     1.11251     7.05185     6.29976
         850         325     0.00408     1.12408     7.07930     6.31793
         850         350     0.00492     1.10827     7.04213     6.29333
         850         375     0.00441     1.10742     7.04021     6.29206
         850         400     0.00407     1.11359     7.05434     6.30141
         850         425     0.00374     1.10242     7.02910     6.28471
         850         450     0.00436     1.12741     7.08744     6.32331
         850         475     0.00406     1.11694     7.06220     6.30662
         850         500     0.00361     1.11022     7.04658     6.29628
         875           0     0.00501     1.11028     7.04672     6.29637
         875          25     0.00515     1.11505     7.05776     6.30368
         875          50     0.00539     1.10887     7.04349     6.29424
         875          75     0.00452     1.11817     7.06509     6.30853
         875         100     0.00554     1.11459     7.05668     6.30296
         875         125     0.00456     1.10676     7.03873     6.29108
         875         150     0.00462     1.11107     7.04853     6.29757
         875         175     0.00566     1.09251     7.00798     6.27074
         875         200     0.00526     1.10659     7.03834     6.29083
         875         225     0.00503     1.11884     7.06669     6.30958
         875         250     0.00568     1.10090     7.02577     6.28251
         875         275     0.00512     1.11447     7.05641     6.30278
         875         300     0.00476     1.10203     7.02824     6.28415
         875         325     0.00477     1.11071     7.04770     6.29702
         875         350     0.00487     1.11630     7.06069     6.30561
         875         375     0.00423     1.10015     7.02414     6.28143
         875         400     0.00423     1.11489     7.05738     6.30343
         875         425     0.00481     1.11635     7.06081     6.30570
         875         450     0.00468     1.10824     7.04208     6.29330
         875         475     0.00376     1.10841     7.04246     6.29355
         875         500     0.00330     1.12059     7.07087     6.31235
         875         525     0.00319     1.14060     7.12066     6.34530
         900           0     0.00473     1.11986     7.06912     6.31120
         900          25     0.00548     1.11656     7.06130     6.30602
         900          50     0.00494     1.12493     7.08138     6.31930
         900          75     0.00527     1.11384     7.05492     6.30180
         900         100     0.00566     1.11658     7.06135     6.30605
         900         125     0.00472     1.12001     7.06949     6.31143
         900         150     0.00556     1.11362     7.05441     6.30146
         900         175     0.00517     1.10476     7.03427     6.28813
         900         200     0.00497     1.10479     7.03433     6.28817
         900         225     0.00513     1.11372     7.05465     6.30162
         900         250     0.00511     1.10882     7.04339     6.29417
         900         275     0.00510     1.11586     7.05965     6.30493
         900         300     0.00541     1.11882     7.06665     6.30956
         900         325     0.00448     1.10603     7.03709     6.29000
         900         350     0.00487     1.11365     7.05448     6.30151
         900         375     0.00500     1.11287     7.05267     6.30031
         900         400     0.00405     1.13781     7.11351     6.34057
         900         425     0.00461     1.10447     7.03363     6.28771
         900         450     0.00476     1.10934     7.04457     6.29495
         900         475     0.00468     1.10346     7.03138     6.28622
         900         500     0.00410     1.12916     7.09177     6.32618
         900         525     0.00340     1.11987     7.06916     6.31122
         900         550     0.00301     1.13767     7.11317     6.34034
         925           0     0.00457     1.11651     7.06118     6.30594
         925          25     0.00606     1.12788     7.08861     6.32409
         925          50     0.00585     1.11826     7.06532     6.30868
         925          75     0.00503     1.11607     7.06014     6.30525
         925         100     0.00475     1.11167     7.04990     6.29848
         925         125     0.00491     1.11455     7.05659     6.30290
         925         150     0.00578     1.11198     7.05062     6.29895
         925         175     0.00581     1.09922     7.02214     6.28011
         925         200     0.00524     1.10645     7.03805     6.29063
         925         225     0.00553     1.10593     7.03687     6.28985
         925         250     0.00536     1.10930     7.04448     6.29489
         925         275     0.00498     1.11284     7.05261     6.30027
         925         300     0.00444     1.12879     7.09084     6.32557
         925         325     0.00490     1.10846     7.04257     6.29363
         925         350     0.00487     1.11505     7.05774     6.30366
         925         375     0.00484     1.10959     7.04515     6.29533
         925         400     0.00483     1.09864     7.02088     6.27928
         925         425     0.00481     1.10740     7.04017     6.29203
         925         450     0.00435     1.09430     7.01169     6.27319
         925         475     0.00396     1.10640     7.03792     6.29055
         925         500     0.00513     1.10515     7.03514     6.28871
         925         525     0.00384     1.11141     7.04930     6.29808
         925         550     0.00385     1.15081     7.14733     6.36295
         925         575     0.00361     1.11341     7.05393     6.30114
         950           0     0.00462     1.11794     7.06457     6.30818
         950          25     0.00555     1.11062     7.04749     6.29688
         950          50     0.00578     1.11442     7.05628     6.30270
         950          75     0.00505     1.12198     7.07421     6.31456
         950         100     0.00602     1.11984     7.06908     6.31117
         950         125     0.00521     1.12303     7.07675     6.31624
         950         150     0.00514     1.11534     7.05844     6.30413
         950         175     0.00535     1.11195     7.05056     6.29891
         950         200     0.00559     1.10895     7.04369     6.29437
         950         225     0.00542     1.11916     7.06747     6.31010
         950         250     0.00539     1.12267     7.07588     6.31567
         950         275     0.00453     1.12028     7.07013     6.31186
         950         300     0.00529     1.11235     7.05148     6.29952
         950         325     0.00516     1.11371     7.05463     6.30161
         950         350     0.00505     1.10113     7.02627     6.28284
         950         375     0.00483     1.11203     7.05074     6.29903
         950         400     0.00463     1.11739     7.06326     6.30732
         950         425     0.00471     1.11752     7.06356     6.30752
         950         450     0.00419     1.08980     7.00245     6.26708
         950         475     0.00458     1.12248     7.07541     6.31536
         950         500     0.00417     1.09705     7.01750     6.27704
         950         525     0.00374     1.11342     7.05394     6.30115
         950         550     0.00346     1.10762     7.04068     6.29237
         950         575     0.00414     1.10688     7.03900     6.29126
         950         600     0.00300     1.10167     7.02746     6.28363
         975           0     0.00466     1.12076     7.07129     6.31263
         975          25     0.00501     1.11452     7.05651     6.30285
         975          50     0.00488     1.11224     7.05122     6.29935
         975          75     0.00468     1.11896     7.06699     6.30978
         975         100     0.00474     1.11667     7.06157     6.30619
         975         125     0.00441     1.11898     7.06703     6.30981
         975         150     0.00529     1.11595     7.05987     6.30507
         975         175     0.00504     1.11364     7.05447     6.30150
         975         200     0.00481     1.12009     7.06968     6.31157
         975         225     0.00537     1.10260     7.02948     6.28496
         975         250     0.00497     1.10757     7.04056     6.29229
         975         275     0.00421     1.11359     7.05434     6.30141
         975         300     0.00488     1.10628     7.03766     6.29038
         975         325     0.00549     1.10279     7.02992     6.28525
         975         350     0.00413     1.12420     7.07959     6.31812
         975         375     0.00538     1.09748     7.01841     6.27764
         975         400     0.00554     1.10321     7.03084     6.28586
         975         425     0.00522     1.10713     7.03957     6.29164
         975         450     0.00491     1.11029     7.04673     6.29638
         975         475     0.00460     1.09625     7.01580     6.27591
         975         500     0.00502     1.11358     7.05433     6.30141
         975         525     0.00456     1.09454     7.01220     6.27353
         975         550     0.00416     1.12385     7.07875     6.31756
         975         575     0.00463     1.12532     7.08232     6.31993
         975         600     0.00373     1.12066     7.07103     6.31246
         975         625     0.00367     1.18239     7.25063     6.43676
        1000           0     0.00517     1.12205     7.07437     6.31467
        1000          25     0.00600     1.11747     7.06345     6.30744
        1000          50     0.00531     1.11609     7.06019     6.30528
        1000          75     0.00532     1.11814     7.06504     6.30850
        1000         100     0.00538     1.11863     7.06619     6.30925
        1000         125     0.00548     1.12201     7.07429     6.31461
        1000         150     0.00482     1.11989     7.06920     6.31125
        1000         175     0.00537     1.10918     7.04421     6.29471
        1000         200     0.00489     1.11282     7.05257     6.30024
        1000         225     0.00519     1.10935     7.04458     6.29496
        1000         250     0.00534     1.10735     7.04007     6.29197
        1000         275     0.00596     1.10713     7.03958     6.29164
        1000         300     0.00483     1.10505     7.03492     6.28856
        1000         325     0.00524     1.11042     7.04702     6.29657
        1000         350     0.00587     1.11871     7.06638     6.30938
        1000         375     0.00509     1.10834     7.04230     6.29344
        1000         400     0.00466     1.10535     7.03557     6.28900
        1000         425     0.00480     1.12072     7.07119     6.31257
        1000         450     0.00446     1.09205     7.00704     6.27011
        1000         475     0.00503     1.11081     7.04792     6.29717
        1000         500     0.00483     1.11582     7.05955     6.30486
        1000         525     0.00411     1.15936     7.17019     6.37807
        1000         550     0.00431     1.09945     7.02263     6.28043
        1000         575     0.00412     1.11451     7.05649     6.30283
        1000         600     0.00412     1.11428     7.05596     6.30249
        1000         625     0.00357     1.11551     7.05882     6.30438
        1000         650     0.00326     1.15792     7.16630     6.37550
        1025           0     0.00489     1.11674     7.06173     6.30630
        1025          25     0.00532     1.11620     7.06045     6.30545
        1025          50     0.00493     1.11591     7.05977     6.30500
        1025          75     0.00550     1.12019     7.06992     6.31172
        1025         100     0.00488     1.11962     7.06856     6.31082
        1025         125     0.00521     1.11251     7.05184     6.29976
        1025         150     0.00504     1.12649     7.08518     6.32182
        1025         175     0.00541     1.11185     7.05033     6.29876
        1025         200     0.00540     1.12023     7.07001     6.31178
        1025         225     0.00537     1.10631     7.03772     6.29042
        1025         250     0.00538     1.11296     7.05289     6.30045
        1025         275     0.00529     1.10269     7.02969     6.28510
        1025         300     0.00551     1.10643     7.03800     6.29060
        1025         325     0.00547     1.11268     7.05224     6.30002
        1025         350     0.00512     1.10770     7.04086     6.29249
        1025         375     0.00555     1.10285     7.03004     6.28533
        1025         400     0.00488     1.10358     7.03165     6.28640
        1025         425     0.00506     1.10284     7.03002     6.28532
        1025         450     0.00486     1.12056     7.07079     6.31230
        1025         475     0.00556     1.10948     7.04488     6.29515
        1025         500     0.00490     1.09845     7.02048     6.27901
        1025         525     0.00535     1.11390     7.05506     6.30189
        1025         550     0.00482     1.10894     7.04365     6.29434
        1025         575     0.00417     1.10269     7.02969     6.28510
        1025         600     0.00430     1.15348     7.15440     6.36762
        1025         625     0.00401     1.12837     7.08981     6.32489
        1025         650     0.00463     1.09675     7.01685     6.27660
        1025         675     0.00377     1.14620     7.13520     6.35492
        1050           0     0.00488     1.13296     7.10123     6.33244
        1050          25     0.00485     1.12512     7.08182     6.31960
        1050          50     0.00541     1.13086     7.09600     6.32898
        1050          75     0.00481     1.12233     7.07507     6.31513
        1050         100     0.00446     1.11714     7.06267     6.30693
        1050         125     0.00486     1.11416     7.05567     6.30229
        1050         150     0.00508     1.10991     7.04586     6.29580
        1050         175     0.00511     1.12769     7.08812     6.32377
        1050         200     0.00552     1.10844     7.04252     6.29359
        1050         225     0.00514     1.11675     7.06174     6.30631
        1050         250     0.00547     1.11012     7.04635     6.29613
        1050         275     0.00513     1.10894     7.04367     6.29435
        1050         300     0.00541     1.11241     7.05161     6.29961
        1050         325     0.00469     1.10835     7.04232     6.29346
        1050         350     0.00512     1.11295     7.05285     6.30043
        1050         375     0.00539     1.10749     7.04038     6.29218
        1050         400     0.00501     1.10290     7.03016     6.28541
        1050         425     0.00536     1.09945     7.02262     6.28043
        1050         450     0.00499     1.10416     7.03293     6.28725
        1050         475     0.00529     1.11734     7.06315     6.30724
        1050         500     0.00415     1.09882     7.02127     6.27953
        1050         525     0.00503     1.10186     7.02786     6.28389
        1050         550     0.00421     1.11206     7.05080     6.29907
        1050         575     0.00491     1.10712     7.03953     6.29162
        1050         600     0.00431     1.11270     7.05227     6.30005
        1050         625     0.00411     1.11834     7.06551     6.30880
        1050         650     0.00432     1.11276     7.05242     6.30014
        1050         675     0.00401     1.13317     7.10178     6.33280
        1050         700     0.00352     1.11848     7.06583     6.30902
        1075           0     0.00481     1.12033     7.07026     6.31195
        1075          25     0.00522     1.12029     7.07017     6.31189
        1075          50     0.00538     1.11665     7.06151     6.30616
        1075          75     0.00556     1.12118     7.07229     6.31329
        1075         100     0.00490     1.12689     7.08617     6.32248
        1075         125     0.00506     1.12319     7.07714     6.31650
        1075         150     0.00565     1.12410     7.07934     6.31795
        1075         175     0.00440     1.11927     7.06772     6.31026
        1075         200     0.00519     1.11642     7.06098     6.30580
        1075         225     0.00521     1.12531     7.08229     6.31991
        1075         250     0.00595     1.11465     7.05682     6.30305
        1075         275     0.00549     1.11636     7.06082     6.30570
        1075         300     0.00489     1.12408     7.07929     6.31792
        1075         325     0.00514     1.11192     7.05048     6.29886
        1075         350     0.00543     1.10554     7.03599     6.28927
        1075         375     0.00553     1.12794     7.08874     6.32418
        1075         400     0.00500     1.10895     7.04368     6.29436
        1075         425     0.00483     1.11504     7.05773     6.30366
        1075         450     0.00506     1.11685     7.06198     6.30647
        1075         475     0.00559     1.10941     7.04473     6.29506
        1075         500     0.00566     1.09503     7.01323     6.27421
        1075         525     0.00560     1.10474     7.03422     6.28810
        1075         550     0.00496     1.10661     7.03839     6.29086
        1075         575     0.00499     1.11410     7.05553     6.30220
        1075         600     0.00505     1.11245     7.05170     6.29967
        1075         625     0.00376     1.10325     7.03092     6.28592
        1075         650     0.00420     1.10470     7.03413     6.28804
        1075         675     0.00438     1.11076     7.04782     6.29710
        1075         700     0.00432     1.13369     7.10309     6.33367
        1075         725     0.00346     1.12422     7.07963     6.31815
        1100           0     0.00528     1.13594     7.10875     6.33742
        1100          25     0.00531     1.12375     7.07850     6.31740
        1100          50     0.00535     1.12940     7.09237     6.32658
        1100          75     0.00572     1.12225     7.07486     6.31499
        1100         100     0.00577     1.11913     7.06739     6.31005
        1100         125     0.00525     1.11917     7.06747     6.31010
        1100         150     0.00486     1.11728     7.06298     6.30713
        1100         175     0.00597     1.11503     7.05769     6.30363
        1100         200     0.00518     1.11139     7.04926     6.29805
        1100         225     0.00480     1.12580     7.08349     6.32070
        1100         250     0.00575     1.11568     7.05923     6.30465
        1100         275     0.00475     1.11241     7.05160     6.29960
        1100         300     0.00476     1.11971     7.06876     6.31095
        1100         325     0.00472     1.11426     7.05591     6.30245
        1100         350     0.00495     1.11441     7.05626     6.30268
        1100         375     0.00551     1.11466     7.05684     6.30307
        1100         400     0.00513     1.09454     7.01221     6.27353
        1100         425     0.00535     1.10867     7.04305     6.29394
        1100         450     0.00523     1.09992     7.02365     6.28111
        1100         475     0.00554     1.10977     7.04554     6.29559
        1100         500     0.00530     1.10906     7.04394     6.29453
        1100         525     0.00529     1.10452     7.03372     6.28777
        1100         550     0.00479     1.10739     7.04014     6.29202
        1100         575     0.00497     1.10768     7.04081     6.29246
        1100         600     0.00424     1.11816     7.06507     6.30851
        1100         625     0.00464     1.10968     7.04534     6.29546
        1100         650     0.00429     1.11461     7.05673     6.30299
        1100         675     0.00414     1.10870     7.04312     6.29399
        1100         700     0.00457     1.13657     7.11037     6.33849
        1100         725     0.00316     1.13497     7.10630     6.33580
        1100         750     0.00360     1.13669     7.11067     6.33869
        1125           0     0.00472     1.12175     7.07365     6.31419
        1125          25     0.00504     1.12559     7.08297     6.32036
        1125          50     0.00520     1.12741     7.08744     6.32331
        1125          75     0.00548     1.12314     7.07701     6.31642
        1125         100     0.00522     1.12935     7.09223     6.32648
        1125         125     0.00566     1.12294     7.07654     6.31610
        1125         150     0.00541     1.11926     7.06770     6.31025
        1125         175     0.00537     1.12858     7.09033     6.32523
        1125         200     0.00591     1.11881     7.06663     6.30955
        1125         225     0.00571     1.11927     7.06771     6.31026
        1125         250     0.00616     1.11118     7.04878     6.29773
        1125         275     0.00584     1.11446     7.05636     6.30275
        1125         300     0.00516     1.11236     7.05150     6.29954
        1125         325     0.00559     1.10912     7.04406     6.29461
        1125         350     0.00584     1.11137     7.04921     6.29802
        1125         375     0.00530     1.11381     7.05487     6.30176
        1125         400     0.00535     1.11125     7.04894     6.29784
        1125         425     0.00544     1.11753     7.06358     6.30752
        1125         450     0.00562     1.10545     7.03579     6.28914
        1125         475     0.00533     1.11050     7.04721     6.29669
        1125         500     0.00476     1.11850     7.06589     6.30905
        1125         525     0.00547     1.11282     7.05257     6.30024
        1125         550     0.00470     1.10417     7.03296     6.28727
        1125         575     0.00466     1.11991     7.06925     6.31128
        1125         600     0.00499     1.11678     7.06181     6.30636
        1125         625     0.00401     1.12316     7.07707     6.31645
        1125         650     0.00430     1.13047     7.09501     6.32832
        1125         675     0.00411     1.11720     7.06279     6.30701
        1125         700     0.00427     1.10886     7.04347     6.29422
        1125         725     0.00392     1.12336     7.07756     6.31678
        1125         750     0.00369     1.12150     7.07305     6.31379
        1125         775     0.00354     1.13368     7.10305     6.33364
        1150           0     0.00462     1.13386     7.10350     6.33394
        1150          25     0.00544     1.12056     7.07081     6.31231
        1150          50     0.00480     1.12004     7.06957     6.31149
        1150          75     0.00506     1.13260     7.10033     6.33185
        1150         100     0.00478     1.13441     7.10488     6.33486
        1150         125     0.00481     1.13323     7.10192     6.33290
        1150         150     0.00500     1.12565     7.08312     6.32045
        1150         175     0.00499     1.12380     7.07862     6.31748
        1150         200     0.00501     1.11803     7.06478     6.30832
        1150         225     0.00501     1.10889     7.04354     6.29426
        1150         250     0.00509     1.12471     7.08083     6.31894
        1150         275     0.00505     1.11453     7.05653     6.30286
        1150         300     0.00533     1.11549     7.05878     6.30435
        1150         325     0.00471     1.11716     7.06270     6.30695
        1150         350     0.00502     1.11816     7.06508     6.30852
        1150         375     0.00470     1.10705     7.03938     6.29152
        1150         400     0.00555     1.10240     7.02905     6.28468
        1150         425     0.00536     1.11288     7.05271     6.30033
        1150         450     0.00525     1.10796     7.04144     6.29287
        1150         475     0.00542     1.11340     7.05390     6.30112
        1150         500     0.00551     1.10267     7.02964     6.28507
        1150         525     0.00517     1.10005     7.02393     6.28129
        1150         550     0.00476     1.11676     7.06177     6.30633
        1150         575     0.00508     1.10949     7.04490     6.29517
        1150         600     0.00479     1.11155     7.04963     6.29830
        1150         625     0.00478     1.10475     7.03423     6.28811
        1150         650     0.00474     1.11360     7.05436     6.30143
        1150         675     0.00480     1.11300     7.05298     6.30051
        1150         700     0.00412     1.11097     7.04830     6.29741
        1150         725     0.00380     1.11834     7.06550     6.30880
        1150         750     0.00455     1.11509     7.05785     6.30373
        1150         775     0.00383     1.12110     7.07211     6.31317
        1150         800     0.00356     1.10448     7.03364     6.28772
        1175           0     0.00466     1.11873     7.06643     6.30941
        1175          25     0.00534     1.13108     7.09653     6.32933
        1175          50     0.00557     1.13081     7.09586     6.32889
        1175          75     0.00561     1.12306     7.07683     6.31630
        1175         100     0.00569     1.12865     7.09050     6.32534
        1175         125     0.00588     1.12661     7.08547     6.32201
        1175         150     0.00544     1.12713     7.08675     6.32286
        1175         175     0.00547     1.12382     7.07866     6.31751
        1175         200     0.00537     1.12769     7.08814     6.32378
        1175         225     0.00591     1.12599     7.08397     6.32102
        1175         250     0.00552     1.10899     7.04377     6.29442
        1175         275     0.00516     1.11992     7.06927     6.31130
        1175         300     0.00550     1.12579     7.08347     6.32069
        1175         325     0.00498     1.11517     7.05804     6.30386
        1175         350     0.00529     1.11349     7.05412     6.30127
        1175         375     0.00566     1.11061     7.04748     6.29687
        1175         400     0.00597     1.12905     7.09150     6.32600
        1175         425     0.00514     1.11536     7.05847     6.30414
        1175         450     0.00546     1.11261     7.05207     6.29991
        1175         475     0.00560     1.10575     7.03646     6.28958
        1175         500     0.00541     1.10541     7.03570     6.28908
        1175         525     0.00541     1.10386     7.03226     6.28680
        1175         550     0.00530     1.11064     7.04753     6.29691
        1175         575     0.00546     1.12200     7.07426     6.31459
        1175         600     0.00469     1.09842     7.02042     6.27897
        1175         625     0.00559     1.09362     7.01028     6.27226
        1175         650     0.00493     1.11471     7.05695     6.30314
        1175         675     0.00459     1.11281     7.05253     6.30021
        1175         700     0.00435     1.10270     7.02972     6.28512
        1175         725     0.00474     1.10106     7.02611     6.28274
        1175         750     0.00465     1.11433     7.05607     6.30256
        1175         775     0.00342     1.13697     7.11139     6.33916
        1175         800     0.00433     1.12874     7.09072     6.32549
        1175         825     0.00348     1.14646     7.13586     6.35535
        1200           0     0.00547     1.13698     7.11140     6.33917
        1200          25     0.00555     1.12568     7.08320     6.32051
        1200          50     0.00493     1.13543     7.10747     6.33657
        1200          75     0.00528     1.13874     7.11590     6.34215
        1200         100     0.00526     1.12497     7.08146     6.31936
        1200         125     0.00528     1.12315     7.07704     6.31643
        1200         150     0.00504     1.12930     7.09211     6.32641
        1200         175     0.00506     1.12762     7.08795     6.32365
        1200         200     0.00438     1.12287     7.07637     6.31599
        1200         225     0.00543     1.11962     7.06856     6.31082
        1200         250     0.00518     1.12723     7.08701     6.32303
        1200         275     0.00564     1.11317     7.05337     6.30077
        1200         300     0.00611     1.11590     7.05974     6.30499
        1200         325     0.00549     1.11485     7.05728     6.30336
        1200         350     0.00487     1.12109     7.07207     6.31315
        1200         375     0.00528     1.11345     7.05402     6.30120
        1200         400     0.00515     1.10567     7.03628     6.28947
        1200         425     0.00510     1.10929     7.04445     6.29487
        1200         450     0.00492     1.10969     7.04536     6.29547
        1200         475     0.00535     1.10456     7.03382     6.28783
        1200         500     0.00596     1.10741     7.04019     6.29205
        1200         525     0.00532     1.11421     7.05579     6.30237
        1200         550     0.00554     1.10489     7.03455     6.28832
        1200         575     0.00470     1.09792     7.01935     6.27826
        1200         600     0.00513     1.10014     7.02413     6.28142
        1200         625     0.00544     1.09561     7.01445     6.27502
        1200         650     0.00475     1.11782     7.06428     6.30799
        1200         675     0.00420     1.11805     7.06482     6.30834
        1200         700     0.00473     1.10059     7.02509     6.28206
        1200         725     0.00472     1.10477     7.03428     6.28814
        1200         750     0.00403     1.10587     7.03674     6.28977
        1200         775     0.00436     1.10758     7.04058     6.29231
        1200         800     0.00412     1.11023     7.04661     6.29630
        1200         825     0.00425     1.09979     7.02336     6.28091
        1200         850     0.00297     1.12636     7.08487     6.32162
