         350           0     0.00366     1.29246     5.19584     4.87659
         375           0     0.00443     1.20357     4.95995     4.66709
         375          25     0.00372     1.30565     5.23586     4.91161
         400           0     0.00407     1.25347     5.08564     4.77822
         400          25     0.00433     1.30949     5.24756     4.92185
         400          50     0.00358     1.30932     5.24705     4.92140
         425           0     0.00555     1.16077     4.86564     4.58965
         425          25     0.00555     1.25033     5.07729     4.77063
         425          50     0.00433     1.30010     5.21899     4.89685
         425          75     0.00395     1.26591     5.11879     4.80836
         450           0     0.00656     1.18161     4.91070     4.62665
         450          25     0.00674     1.21434     4.98464     4.68736
         450          50     0.00522     1.17741     4.90148     4.61908
         450          75     0.00462     1.25600     5.09234     4.78431
         450         100     0.00470     1.25143     5.08021     4.77329
         475           0     0.00670     1.23856     5.04627     4.74243
         475          25     0.00582     1.20433     4.96168     4.66851
         475          50     0.00564     1.17598     4.89836     4.61652
         475          75     0.00559     1.21384     4.98347     4.68640
         475         100     0.00491     1.31308     5.25850     4.93142
         475         125     0.00385     1.25481     5.08919     4.78145
         500           0     0.00698     1.19210     4.93403     4.64580
         500          25     0.00695     1.20724     4.96832     4.67396
         500          50     0.00715     1.22316     5.00614     4.70595
         500          75     0.00709     1.19736     4.94586     4.65551
         500         100     0.00542     1.24830     5.07192     4.76575
         500         125     0.00530     1.22594     5.01334     4.71250
         500         150     0.00425     1.24230     5.05611     4.75137
         525           0     0.00883     1.19517     4.94092     4.65146
         525          25     0.00821     1.16826     4.88162     4.60277
         525          50     0.00857     1.20003     4.95190     4.66048
         525          75     0.00765     1.19423     4.93881     4.64973
         525         100     0.00663     1.22765     5.01777     4.71652
         525         125     0.00628     1.23750     5.04350     4.73991
         525         150     0.00526     1.26293     5.11082     4.80111
         525         175     0.00469     1.24586     5.06549     4.75990
         550           0     0.00869     1.14360     4.83343     4.56209
         550          25     0.00828     1.16377     4.87200     4.59487
         550          50     0.00872     1.18167     4.91084     4.62676
         550          75     0.00826     1.16188     4.86799     4.59158
         550         100     0.00796     1.21382     4.98342     4.68636
         550         125     0.00627     1.18079     4.90890     4.62517
         550         150     0.00615     1.20043     4.95281     4.66122
         550         175     0.00565     1.18259     4.91286     4.62842
         550         200     0.00489     1.22228     5.00385     4.70387
         575           0     0.00927     1.13505     4.81806     4.54890
         575          25     0.00866     1.18319     4.91420     4.62952
         575          50     0.00889     1.15959     4.86315     4.58760
         575          75     0.00737     1.19193     4.93364     4.64548
         575         100     0.00833     1.16983     4.88501     4.60555
         575         125     0.00858     1.16854     4.88222     4.60326
         575         150     0.00670     1.17845     4.90376     4.62095
         575         175     0.00583     1.21666     4.98998     4.69174
         575         200     0.00584     1.24183     5.05486     4.75024
         575         225     0.00490     1.21687     4.99048     4.69216
         600           0     0.00959     1.14756     4.84067     4.56831
         600          25     0.00971     1.14906     4.84344     4.57069
         600          50     0.00917     1.13645     4.82056     4.55104
         600          75     0.00792     1.16156     4.86731     4.59102
         600         100     0.00842     1.15833     4.86076     4.58556
         600         125     0.00889     1.17734     4.90133     4.61895
         600         150     0.00768     1.18966     4.92858     4.64133
         600         175     0.00757     1.20155     4.95535     4.66331
         600         200     0.00667     1.22577     5.01289     4.71209
         600         225     0.00635     1.20256     4.95765     4.66520
         600         250     0.00494     1.23486     5.03657     4.73361
         625           0     0.00993     1.16097     4.86606     4.58999
         625          25     0.01083     1.14997     4.84512     4.57213
         625          50     0.01033     1.14712     4.83987     4.56762
         625          75     0.00999     1.15771     4.85959     4.58455
         625         100     0.00884     1.15941     4.86280     4.58730
         625         125     0.00852     1.16330     4.87101     4.59406
         625         150     0.00850     1.16681     4.87851     4.60022
         625         175     0.00780     1.18176     4.91104     4.62693
         625         200     0.00751     1.19401     4.93832     4.64933
         625         225     0.00759     1.18965     4.92856     4.64131
         625         250     0.00633     1.21576     4.98792     4.69005
         625         275     0.00525     1.18856     4.92612     4.63931
         650           0     0.00965     1.16953     4.88435     4.60501
         650          25     0.01017     1.13307     4.81458     4.54592
         650          50     0.01060     1.14459     4.83523     4.56364
         650          75     0.01063     1.15261     4.85002     4.57634
         650         100     0.00994     1.14253     4.83148     4.56042
         650         125     0.00892     1.16036     4.86476     4.58892
         650         150     0.00848     1.17494     4.89608     4.61465
         650         175     0.00847     1.19042     4.93026     4.64271
         650         200     0.00770     1.16757     4.88014     4.60156
         650         225     0.00753     1.17064     4.88676     4.60699
         650         250     0.00683     1.18998     4.92928     4.64190
         650         275     0.00640     1.20287     4.95835     4.66578
         650         300     0.00581     1.20019     4.95226     4.66078
         675           0     0.01057     1.15848     4.86104     4.58579
         675          25     0.01120     1.15092     4.84687     4.57363
         675          50     0.01014     1.14282     4.83201     4.56087
         675          75     0.00995     1.15210     4.84908     4.57553
         675         100     0.01093     1.14455     4.83516     4.56358
         675         125     0.00940     1.13005     4.80929     4.54137
         675         150     0.00923     1.14390     4.83398     4.56257
         675         175     0.00855     1.15114     4.84729     4.57399
         675         200     0.00849     1.16948     4.88424     4.60492
         675         225     0.00791     1.16889     4.88297     4.60388
         675         250     0.00750     1.19298     4.93601     4.64743
         675         275     0.00620     1.24425     5.06125     4.75604
         675         300     0.00531     1.25775     5.09701     4.78855
         675         325     0.00504     1.28247     5.16572     4.85023
         700           0     0.01044     1.13766     4.82272     4.55290
         700          25     0.01129     1.12424     4.79927     4.53277
         700          50     0.01140     1.13471     4.81747     4.54840
         700          75     0.01119     1.12783     4.80543     4.53806
         700         100     0.01014     1.12563     4.80165     4.53482
         700         125     0.00990     1.15739     4.85898     4.58402
         700         150     0.00934     1.13637     4.82041     4.55092
         700         175     0.00958     1.12516     4.80084     4.53412
         700         200     0.00992     1.16324     4.87087     4.59395
         700         225     0.00871     1.15385     4.85233     4.57832
         700         250     0.00822     1.15186     4.84863     4.57514
         700         275     0.00771     1.18730     4.92332     4.63701
         700         300     0.00713     1.22898     5.02124     4.71968
         700         325     0.00544     1.22575     5.01284     4.71204
         700         350     0.00522     1.21167     4.97847     4.68229
         725           0     0.01199     1.12357     4.79814     4.53180
         725          25     0.01084     1.13091     4.81078     4.54265
         725          50     0.01145     1.12576     4.80187     4.53500
         725          75     0.01078     1.13873     4.82462     4.55454
         725         100     0.01115     1.12907     4.80758     4.53990
         725         125     0.00979     1.14738     4.84033     4.56802
         725         150     0.00980     1.12663     4.80336     4.53628
         725         175     0.00982     1.16149     4.86716     4.59090
         725         200     0.01001     1.14233     4.83112     4.56011
         725         225     0.00869     1.18613     4.92070     4.63486
         725         250     0.00941     1.14764     4.84082     4.56843
         725         275     0.00755     1.16293     4.87022     4.59341
         725         300     0.00769     1.17510     4.89643     4.61493
         725         325     0.00694     1.17921     4.90542     4.62231
         725         350     0.00646     1.24170     5.05453     4.74994
         725         375     0.00543     1.25590     5.09209     4.78409
         750           0     0.01188     1.12033     4.79266     4.52710
         750          25     0.01192     1.15167     4.84827     4.57484
         750          50     0.01177     1.13506     4.81808     4.54892
         750          75     0.01114     1.13482     4.81767     4.54856
         750         100     0.01094     1.14148     4.82958     4.55879
         750         125     0.01056     1.16117     4.86648     4.59034
         750         150     0.01044     1.13742     4.82229     4.55253
         750         175     0.01090     1.14851     4.84241     4.56980
         750         200     0.00983     1.15423     4.85305     4.57893
         750         225     0.00917     1.16550     4.87570     4.59791
         750         250     0.00909     1.17635     4.89916     4.61718
         750         275     0.00922     1.15149     4.84793     4.57454
         750         300     0.00789     1.17260     4.89099     4.61046
         750         325     0.00685     1.17970     4.90649     4.62319
         750         350     0.00758     1.27404     5.14062     4.82820
         750         375     0.00596     1.21233     4.97999     4.68354
         750         400     0.00546     1.27228     5.13591     4.82391
         775           0     0.01228     1.12397     4.79881     4.53238
         775          25     0.01164     1.13726     4.82200     4.55228
         775          50     0.01271     1.11805     4.78885     4.52383
         775          75     0.01182     1.13682     4.82122     4.55161
         775         100     0.01211     1.13489     4.81778     4.54866
         775         125     0.01122     1.12585     4.80202     4.53513
         775         150     0.01109     1.13697     4.82149     4.55185
         775         175     0.01025     1.16613     4.87705     4.59902
         775         200     0.01058     1.14648     4.83869     4.56661
         775         225     0.00989     1.12794     4.80563     4.53823
         775         250     0.00947     1.14752     4.84059     4.56824
         775         275     0.00903     1.17287     4.89159     4.61096
         775         300     0.00889     1.13173     4.81223     4.54390
         775         325     0.00778     1.19798     4.94727     4.65668
         775         350     0.00686     1.17422     4.89453     4.61337
         775         375     0.00657     1.20699     4.96775     4.67349
         775         400     0.00568     1.20410     4.96116     4.66808
         775         425     0.00440     1.28279     5.16670     4.85108
         800           0     0.01210     1.14878     4.84293     4.57024
         800          25     0.01200     1.12413     4.79908     4.53261
         800          50     0.01260     1.13278     4.81407     4.54548
         800          75     0.01262     1.12407     4.79898     4.53252
         800         100     0.01201     1.14013     4.82714     4.55669
         800         125     0.01292     1.12833     4.80630     4.53881
         800         150     0.01138     1.13505     4.81807     4.54891
         800         175     0.01111     1.13096     4.81088     4.54274
         800         200     0.01045     1.14368     4.83357     4.56221
         800         225     0.01117     1.13714     4.82178     4.55210
         800         250     0.01072     1.11958     4.79140     4.52602
         800         275     0.01000     1.14417     4.83446     4.56298
         800         300     0.00908     1.15300     4.85075     4.57696
         800         325     0.00892     1.14963     4.84450     4.57159
         800         350     0.00702     1.20089     4.95385     4.66207
         800         375     0.00773     1.19334     4.93682     4.64810
         800         400     0.00648     1.23761     5.04377     4.74016
         800         425     0.00657     1.22821     5.01923     4.71785
         800         450     0.00503     1.26006     5.10316     4.79415
         825           0     0.01116     1.13376     4.81579     4.54695
         825          25     0.01111     1.12870     4.80695     4.53936
         825          50     0.01212     1.14535     4.83662     4.56483
         825          75     0.01192     1.12131     4.79430     4.52851
         825         100     0.01254     1.12283     4.79688     4.53072
         825         125     0.01145     1.14327     4.83282     4.56157
         825         150     0.01123     1.12181     4.79515     4.52923
         825         175     0.01184     1.12767     4.80516     4.53783
         825         200     0.01053     1.14039     4.82762     4.55711
         825         225     0.01089     1.13680     4.82118     4.55158
         825         250     0.01077     1.13574     4.81929     4.54995
         825         275     0.01060     1.14692     4.83950     4.56730
         825         300     0.01051     1.15287     4.85051     4.57675
         825         325     0.00951     1.13845     4.82412     4.55411
         825         350     0.00872     1.16820     4.88150     4.60267
         825         375     0.00898     1.15763     4.85944     4.58442
         825         400     0.00870     1.20375     4.96036     4.66742
         825         425     0.00599     1.19301     4.93607     4.64748
         825         450     0.00539     1.31607     5.26764     4.93942
         825         475     0.00468     1.21576     4.98791     4.69005
         850           0     0.01200     1.12498     4.80053     4.53385
         850          25     0.01332     1.13864     4.82447     4.55440
         850          50     0.01178     1.13159     4.81197     4.54367
         850          75     0.01168     1.13685     4.82128     4.55166
         850         100     0.01146     1.14179     4.83015     4.55928
         850         125     0.01158     1.13550     4.81887     4.54960
         850         150     0.01247     1.12571     4.80179     4.53493
         850         175     0.01110     1.15717     4.85856     4.58367
         850         200     0.01144     1.14175     4.83007     4.55921
         850         225     0.01229     1.12509     4.80072     4.53402
         850         250     0.01100     1.11932     4.79097     4.52565
         850         275     0.01076     1.14838     4.84218     4.56961
         850         300     0.01028     1.15801     4.86016     4.58503
         850         325     0.00920     1.15970     4.86337     4.58779
         850         350     0.00978     1.16058     4.86523     4.58932
         850         375     0.00904     1.16647     4.87777     4.59961
         850         400     0.00789     1.18483     4.91783     4.63250
         850         425     0.00725     1.20904     4.97245     4.67735
         850         450     0.00708     1.20618     4.96590     4.67198
         850         475     0.00615     1.26914     5.12747     4.81624
         850         500     0.00552     1.21533     4.98691     4.68922
         875           0     0.01263     1.12975     4.80877     4.54092
         875          25     0.01236     1.11838     4.78939     4.52429
         875          50     0.01247     1.12340     4.79784     4.53154
         875          75     0.01193     1.13776     4.82290     4.55305
         875         100     0.01291     1.13040     4.80989     4.54189
         875         125     0.01130     1.12033     4.79266     4.52709
         875         150     0.01169     1.14611     4.83800     4.56602
         875         175     0.01255     1.12219     4.79579     4.52979
         875         200     0.01198     1.12735     4.80461     4.53735
         875         225     0.01218     1.13417     4.81651     4.54757
         875         250     0.01154     1.12156     4.79472     4.52887
         875         275     0.01128     1.12639     4.80296     4.53594
         875         300     0.01031     1.14047     4.82775     4.55722
         875         325     0.01054     1.14481     4.83563     4.56398
         875         350     0.00984     1.14380     4.83379     4.56240
         875         375     0.00952     1.13763     4.82266     4.55285
         875         400     0.00942     1.15476     4.85404     4.57979
         875         425     0.00900     1.17810     4.90300     4.62033
         875         450     0.00817     1.14815     4.84176     4.56924
         875         475     0.00626     1.18566     4.91967     4.63401
         875         500     0.00582     1.23820     5.04531     4.74156
         875         525     0.00513     1.23213     5.02943     4.72713
         900           0     0.01238     1.12793     4.80561     4.53821
         900          25     0.01253     1.12529     4.80107     4.53432
         900          50     0.01258     1.13169     4.81214     4.54382
         900          75     0.01231     1.12137     4.79441     4.52860
         900         100     0.01308     1.12156     4.79472     4.52887
         900         125     0.01128     1.13835     4.82394     4.55395
         900         150     0.01279     1.12383     4.79857     4.53217
         900         175     0.01143     1.12373     4.79840     4.53203
         900         200     0.01153     1.12772     4.80524     4.53790
         900         225     0.01120     1.12457     4.79984     4.53326
         900         250     0.01232     1.11919     4.79074     4.52545
         900         275     0.01148     1.13036     4.80982     4.54183
         900         300     0.01222     1.12212     4.79567     4.52968
         900         325     0.01013     1.11139     4.77794     4.51447
         900         350     0.00955     1.15166     4.84826     4.57482
         900         375     0.01029     1.16330     4.87100     4.59405
         900         400     0.00883     1.18670     4.92197     4.63590
         900         425     0.00962     1.17597     4.89833     4.61649
         900         450     0.00895     1.18421     4.91645     4.63137
         900         475     0.00801     1.18194     4.91143     4.62725
         900         500     0.00688     1.21236     4.98008     4.68361
         900         525     0.00595     1.23011     5.02418     4.72235
         900         550     0.00466     1.26321     5.11159     4.80181
         925           0     0.01131     1.12860     4.80676     4.53921
         925          25     0.01267     1.13250     4.81358     4.54505
         925          50     0.01276     1.13526     4.81844     4.54922
         925          75     0.01261     1.12836     4.80635     4.53885
         925         100     0.01218     1.11976     4.79170     4.52628
         925         125     0.01181     1.12610     4.80246     4.53551
         925         150     0.01263     1.12692     4.80386     4.53671
         925         175     0.01352     1.11581     4.78514     4.52065
         925         200     0.01199     1.12328     4.79763     4.53136
         925         225     0.01243     1.12693     4.80388     4.53673
         925         250     0.01239     1.12295     4.79708     4.53089
         925         275     0.01157     1.12759     4.80502     4.53770
         925         300     0.01085     1.13017     4.80950     4.54155
         925         325     0.01034     1.13625     4.82021     4.55074
         925         350     0.01010     1.14905     4.84342     4.57067
         925         375     0.01018     1.14631     4.83838     4.56634
         925         400     0.00932     1.12778     4.80535     4.53799
         925         425     0.00953     1.17456     4.89525     4.61396
         925         450     0.00898     1.15184     4.84859     4.57510
         925         475     0.00779     1.17297     4.89179     4.61112
         925         500     0.00823     1.20325     4.95921     4.66648
         925         525     0.00693     1.17769     4.90208     4.61957
         925         550     0.00577     1.25403     5.08713     4.77957
         925         575     0.00528     1.18454     4.91719     4.63198
         950           0     0.01144     1.13745     4.82235     4.55258
         950          25     0.01323     1.12632     4.80283     4.53583
         950          50     0.01319     1.12212     4.79568     4.52969
         950          75     0.01218     1.14013     4.82714     4.55669
         950         100     0.01359     1.12907     4.80758     4.53991
         950         125     0.01308     1.14224     4.83095     4.55997
         950         150     0.01271     1.12377     4.79847     4.53209
         950         175     0.01272     1.13245     4.81348     4.54497
         950         200     0.01215     1.12540     4.80125     4.53447
         950         225     0.01233     1.13985     4.82664     4.55627
         950         250     0.01218     1.13264     4.81381     4.54525
         950         275     0.01212     1.13060     4.81025     4.54220
         950         300     0.01157     1.12316     4.79744     4.53120
         950         325     0.01034     1.13505     4.81807     4.54891
         950         350     0.01110     1.12762     4.80507     4.53775
         950         375     0.01026     1.15524     4.85494     4.58056
         950         400     0.01001     1.14211     4.83072     4.55976
         950         425     0.01016     1.14936     4.84400     4.57117
         950         450     0.00914     1.14162     4.82984     4.55901
         950         475     0.00871     1.17539     4.89707     4.61545
         950         500     0.00945     1.13863     4.82445     4.55439
         950         525     0.00709     1.17851     4.90389     4.62105
         950         550     0.00635     1.22124     5.00118     4.70145
         950         575     0.00645     1.19810     4.94753     4.65689
         950         600     0.00464     1.27741     5.15052     4.83693
         975           0     0.01282     1.14487     4.83574     4.56407
         975          25     0.01216     1.12634     4.80286     4.53585
         975          50     0.01268     1.11649     4.78627     4.52161
         975          75     0.01262     1.12536     4.80119     4.53442
         975         100     0.01213     1.12325     4.79759     4.53133
         975         125     0.01144     1.12666     4.80341     4.53633
         975         150     0.01313     1.12258     4.79646     4.53036
         975         175     0.01252     1.13383     4.81592     4.54706
         975         200     0.01141     1.13405     4.81630     4.54739
         975         225     0.01279     1.13176     4.81228     4.54394
         975         250     0.01267     1.12454     4.79979     4.53322
         975         275     0.01116     1.11838     4.78940     4.52430
         975         300     0.01152     1.12423     4.79925     4.53276
         975         325     0.01231     1.12254     4.79639     4.53030
         975         350     0.01054     1.13264     4.81382     4.54526
         975         375     0.01218     1.12885     4.80721     4.53959
         975         400     0.01109     1.12144     4.79452     4.52870
         975         425     0.01043     1.13659     4.82081     4.55126
         975         450     0.00995     1.15797     4.86008     4.58497
         975         475     0.01016     1.14339     4.83305     4.56177
         975         500     0.00913     1.17108     4.88771     4.60777
         975         525     0.00874     1.15419     4.85297     4.57887
         975         550     0.00787     1.18508     4.91839     4.63296
         975         575     0.00737     1.20603     4.96555     4.67168
         975         600     0.00569     1.26611     5.11935     4.80887
         975         625     0.00502     1.30351     5.22935     4.90591
        1000           0     0.01205     1.13547     4.81881     4.54954
        1000          25     0.01314     1.13051     4.81010     4.54206
        1000          50     0.01256     1.12194     4.79537     4.52943
        1000          75     0.01291     1.13374     4.81575     4.54692
        1000         100     0.01279     1.13461     4.81729     4.54824
        1000         125     0.01357     1.13038     4.80986     4.54186
        1000         150     0.01193     1.13025     4.80963     4.54166
        1000         175     0.01242     1.12282     4.79685     4.53070
        1000         200     0.01253     1.13291     4.81430     4.54567
        1000         225     0.01194     1.12729     4.80450     4.53726
        1000         250     0.01215     1.12273     4.79671     4.53058
        1000         275     0.01340     1.12002     4.79213     4.52665
        1000         300     0.01151     1.11611     4.78563     4.52107
        1000         325     0.01225     1.12585     4.80202     4.53513
        1000         350     0.01240     1.14103     4.82877     4.55809
        1000         375     0.01092     1.13790     4.82315     4.55327
        1000         400     0.01039     1.12070     4.79328     4.52763
        1000         425     0.01080     1.15037     4.84585     4.57276
        1000         450     0.01043     1.12817     4.80603     4.53857
        1000         475     0.01025     1.14493     4.83585     4.56417
        1000         500     0.00952     1.16481     4.87423     4.59671
        1000         525     0.00856     1.19973     4.95123     4.65993
        1000         550     0.00807     1.14217     4.83083     4.55987
        1000         575     0.00709     1.19833     4.94806     4.65732
        1000         600     0.00705     1.17243     4.89063     4.61017
        1000         625     0.00613     1.22295     5.00560     4.70546
        1000         650     0.00489     1.23884     5.04701     4.74311
        1025           0     0.01318     1.12658     4.80328     4.53621
        1025          25     0.01301     1.13212     4.81291     4.54448
        1025          50     0.01273     1.13287     4.81422     4.54560
        1025          75     0.01351     1.12492     4.80044     4.53377
        1025         100     0.01258     1.12545     4.80134     4.53455
        1025         125     0.01318     1.12037     4.79273     4.52716
        1025         150     0.01192     1.12535     4.80116     4.53440
        1025         175     0.01314     1.12917     4.80775     4.54005
        1025         200     0.01249     1.12763     4.80508     4.53776
        1025         225     0.01316     1.11862     4.78980     4.52464
        1025         250     0.01263     1.11970     4.79160     4.52619
        1025         275     0.01168     1.13369     4.81567     4.54685
        1025         300     0.01292     1.12047     4.79290     4.52731
        1025         325     0.01235     1.12346     4.79795     4.53164
        1025         350     0.01188     1.13667     4.82095     4.55138
        1025         375     0.01198     1.13922     4.82551     4.55530
        1025         400     0.01132     1.13332     4.81501     4.54628
        1025         425     0.01188     1.11876     4.79003     4.52484
        1025         450     0.01096     1.13644     4.82055     4.55104
        1025         475     0.01156     1.13353     4.81538     4.54660
        1025         500     0.01068     1.15192     4.84873     4.57523
        1025         525     0.01011     1.16502     4.87468     4.59707
        1025         550     0.00874     1.16962     4.88456     4.60518
        1025         575     0.00790     1.17155     4.88873     4.60861
        1025         600     0.00805     1.19518     4.94095     4.65148
        1025         625     0.00678     1.19898     4.94953     4.65853
        1025         650     0.00676     1.19097     4.93150     4.64373
        1025         675     0.00485     1.29835     5.21368     4.89220
        1050           0     0.01190     1.13042     4.80993     4.54192
        1050          25     0.01193     1.12651     4.80316     4.53611
        1050          50     0.01258     1.13071     4.81044     4.54236
        1050          75     0.01164     1.12625     4.80271     4.53573
        1050         100     0.01107     1.12415     4.79912     4.53265
        1050         125     0.01218     1.12890     4.80729     4.53966
        1050         150     0.01147     1.12534     4.80115     4.53438
        1050         175     0.01220     1.13472     4.81749     4.54841
        1050         200     0.01285     1.12076     4.79339     4.52772
        1050         225     0.01255     1.12782     4.80541     4.53804
        1050         250     0.01334     1.12438     4.79951     4.53298
        1050         275     0.01235     1.12461     4.79991     4.53332
        1050         300     0.01274     1.11976     4.79170     4.52627
        1050         325     0.01096     1.12200     4.79547     4.52951
        1050         350     0.01219     1.15032     4.84577     4.57268
        1050         375     0.01179     1.14664     4.83897     4.56685
        1050         400     0.01241     1.12070     4.79328     4.52763
        1050         425     0.01134     1.13579     4.81939     4.55004
        1050         450     0.01134     1.12528     4.80105     4.53430
        1050         475     0.01051     1.15502     4.85454     4.58021
        1050         500     0.00976     1.12817     4.80601     4.53856
        1050         525     0.01003     1.12854     4.80666     4.53911
        1050         550     0.00948     1.14421     4.83454     4.56304
        1050         575     0.00930     1.17816     4.90312     4.62043
        1050         600     0.00781     1.17133     4.88824     4.60821
        1050         625     0.00707     1.20368     4.96021     4.66730
        1050         650     0.00726     1.21187     4.97894     4.68268
        1050         675     0.00616     1.25620     5.09289     4.78481
        1050         700     0.00486     1.25767     5.09680     4.78836
        1075           0     0.01187     1.13788     4.82311     4.55323
        1075          25     0.01340     1.13082     4.81064     4.54253
        1075          50     0.01285     1.12454     4.79978     4.53321
        1075          75     0.01334     1.13279     4.81407     4.54548
        1075         100     0.01331     1.12664     4.80338     4.53630
        1075         125     0.01243     1.13083     4.81064     4.54253
        1075         150     0.01399     1.12760     4.80504     4.53772
        1075         175     0.01140     1.13137     4.81159     4.54335
        1075         200     0.01245     1.12455     4.79981     4.53323
        1075         225     0.01287     1.13200     4.81269     4.54429
        1075         250     0.01388     1.12145     4.79453     4.52871
        1075         275     0.01256     1.12830     4.80625     4.53877
        1075         300     0.01203     1.11921     4.79079     4.52549
        1075         325     0.01232     1.11949     4.79125     4.52589
        1075         350     0.01241     1.11813     4.78898     4.52394
        1075         375     0.01218     1.13971     4.82640     4.55606
        1075         400     0.01202     1.12753     4.80491     4.53761
        1075         425     0.01159     1.13116     4.81122     4.54303
        1075         450     0.01142     1.12489     4.80038     4.53372
        1075         475     0.01177     1.12033     4.79266     4.52710
        1075         500     0.01215     1.11839     4.78941     4.52431
        1075         525     0.01126     1.13696     4.82146     4.55182
        1075         550     0.01051     1.16148     4.86714     4.59089
        1075         575     0.00963     1.16265     4.86963     4.59293
        1075         600     0.00991     1.17356     4.89307     4.61217
        1075         625     0.00758     1.14013     4.82714     4.55670
        1075         650     0.00783     1.18488     4.91793     4.63259
        1075         675     0.00769     1.20449     4.96205     4.66881
        1075         700     0.00672     1.20349     4.95977     4.66694
        1075         725     0.00488     1.22132     5.00138     4.70163
        1100           0     0.01235     1.14610     4.83800     4.56601
        1100          25     0.01327     1.13245     4.81349     4.54498
        1100          50     0.01333     1.13377     4.81580     4.54696
        1100          75     0.01353     1.13187     4.81247     4.54410
        1100         100     0.01308     1.12338     4.79781     4.53152
        1100         125     0.01340     1.13537     4.81864     4.54940
        1100         150     0.01271     1.12903     4.80752     4.53985
        1100         175     0.01327     1.12035     4.79268     4.52712
        1100         200     0.01245     1.11813     4.78899     4.52395
        1100         225     0.01216     1.12876     4.80704     4.53945
        1100         250     0.01378     1.12592     4.80215     4.53525
        1100         275     0.01260     1.12237     4.79609     4.53004
        1100         300     0.01194     1.12325     4.79759     4.53133
        1100         325     0.01175     1.12384     4.79859     4.53219
        1100         350     0.01207     1.12202     4.79550     4.52954
        1100         375     0.01257     1.12194     4.79538     4.52943
        1100         400     0.01166     1.11894     4.79033     4.52510
        1100         425     0.01215     1.11730     4.78761     4.52276
        1100         450     0.01126     1.11379     4.78184     4.51781
        1100         475     0.01260     1.12423     4.79925     4.53276
        1100         500     0.01087     1.13184     4.81242     4.54406
        1100         525     0.01141     1.13206     4.81280     4.54439
        1100         550     0.01007     1.14996     4.84510     4.57211
        1100         575     0.01024     1.16237     4.86903     4.59243
        1100         600     0.00891     1.15904     4.86211     4.58671
        1100         625     0.00881     1.17401     4.89406     4.61299
        1100         650     0.00856     1.16449     4.87354     4.59614
        1100         675     0.00792     1.17580     4.89796     4.61619
        1100         700     0.00732     1.21851     4.99427     4.69527
        1100         725     0.00549     1.18982     4.92894     4.64162
        1100         750     0.00471     1.24754     5.06991     4.76392
        1125           0     0.01211     1.13214     4.81294     4.54450
        1125          25     0.01189     1.13645     4.82056     4.55104
        1125          50     0.01202     1.13594     4.81966     4.55027
        1125          75     0.01316     1.12721     4.80437     4.53715
        1125         100     0.01281     1.13186     4.81245     4.54408
        1125         125     0.01325     1.12586     4.80204     4.53515
        1125         150     0.01336     1.12479     4.80021     4.53358
        1125         175     0.01294     1.13044     4.80997     4.54196
        1125         200     0.01413     1.12476     4.80016     4.53354
        1125         225     0.01319     1.12675     4.80358     4.53647
        1125         250     0.01380     1.11734     4.78768     4.52282
        1125         275     0.01340     1.12518     4.80087     4.53415
        1125         300     0.01307     1.12016     4.79237     4.52685
        1125         325     0.01254     1.12372     4.79839     4.53202
        1125         350     0.01309     1.13502     4.81802     4.54887
        1125         375     0.01180     1.12391     4.79870     4.53228
        1125         400     0.01281     1.12644     4.80304     4.53601
        1125         425     0.01273     1.12738     4.80465     4.53739
        1125         450     0.01350     1.11875     4.79002     4.52483
        1125         475     0.01295     1.12981     4.80887     4.54101
        1125         500     0.01165     1.13354     4.81540     4.54661
        1125         525     0.01262     1.13187     4.81246     4.54409
        1125         550     0.00992     1.11350     4.78136     4.51740
        1125         575     0.01062     1.14293     4.83220     4.56104
        1125         600     0.01072     1.13673     4.82106     4.55148
        1125         625     0.00938     1.16916     4.88355     4.60436
        1125         650     0.00930     1.18021     4.90762     4.62412
        1125         675     0.00833     1.19891     4.94937     4.65840
        1125         700     0.00784     1.16487     4.87436     4.59681
        1125         725     0.00598     1.19558     4.94184     4.65222
        1125         750     0.00562     1.22881     5.02080     4.71928
        1125         775     0.00476     1.21772     4.99244     4.69377
        1150           0     0.01213     1.13256     4.81368     4.54514
        1150          25     0.01244     1.12637     4.80291     4.53590
        1150          50     0.01285     1.12724     4.80442     4.53719
        1150          75     0.01294     1.13959     4.82617     4.55587
        1150         100     0.01224     1.13659     4.82080     4.55125
        1150         125     0.01247     1.13290     4.81428     4.54565
        1150         150     0.01317     1.13144     4.81171     4.54345
        1150         175     0.01246     1.13199     4.81268     4.54428
        1150         200     0.01286     1.13280     4.81410     4.54550
        1150         225     0.01289     1.12054     4.79300     4.52739
        1150         250     0.01309     1.12877     4.80706     4.53946
        1150         275     0.01385     1.11959     4.79142     4.52603
        1150         300     0.01256     1.11480     4.78349     4.51923
        1150         325     0.01206     1.12355     4.79809     4.53176
        1150         350     0.01298     1.12253     4.79637     4.53029
        1150         375     0.01207     1.11354     4.78144     4.51747
        1150         400     0.01412     1.11823     4.78915     4.52408
        1150         425     0.01268     1.12328     4.79764     4.53138
        1150         450     0.01211     1.12770     4.80521     4.53787
        1150         475     0.01237     1.13965     4.82629     4.55596
        1150         500     0.01246     1.13189     4.81251     4.54414
        1150         525     0.01080     1.12115     4.79404     4.52829
        1150         550     0.01131     1.13830     4.82387     4.55388
        1150         575     0.01051     1.13239     4.81338     4.54489
        1150         600     0.01009     1.14741     4.84040     4.56808
        1150         625     0.01021     1.17023     4.88587     4.60626
        1150         650     0.00958     1.15448     4.85352     4.57934
        1150         675     0.00902     1.18020     4.90761     4.62411
        1150         700     0.00852     1.17083     4.88717     4.60733
        1150         725     0.00705     1.21347     4.98263     4.68571
        1150         750     0.00774     1.22172     5.00241     4.70256
        1150         775     0.00625     1.22068     4.99973     4.70013
        1150         800     0.00554     1.23098     5.02645     4.72442
        1175           0     0.01211     1.12983     4.80890     4.54103
        1175          25     0.01269     1.13655     4.82073     4.55119
        1175          50     0.01305     1.13889     4.82491     4.55478
        1175          75     0.01342     1.13062     4.81027     4.54222
        1175         100     0.01355     1.13344     4.81523     4.54647
        1175         125     0.01389     1.13685     4.82127     4.55166
        1175         150     0.01266     1.13580     4.81940     4.55005
        1175         175     0.01335     1.12581     4.80196     4.53508
        1175         200     0.01298     1.13075     4.81051     4.54242
        1175         225     0.01293     1.12587     4.80206     4.53516
        1175         250     0.01312     1.12363     4.79823     4.53188
        1175         275     0.01321     1.11692     4.78697     4.52221
        1175         300     0.01322     1.13345     4.81525     4.54648
        1175         325     0.01261     1.12408     4.79900     4.53254
        1175         350     0.01339     1.12083     4.79350     4.52782
        1175         375     0.01348     1.13427     4.81669     4.54773
        1175         400     0.01387     1.13740     4.82224     4.55249
        1175         425     0.01294     1.12922     4.80785     4.54014
        1175         450     0.01271     1.11833     4.78931     4.52422
        1175         475     0.01244     1.13577     4.81935     4.55001
        1175         500     0.01221     1.13046     4.81000     4.54198
        1175         525     0.01258     1.12170     4.79497     4.52908
        1175         550     0.01189     1.12479     4.80022     4.53359
        1175         575     0.01139     1.13962     4.82622     4.55591
        1175         600     0.01019     1.12326     4.79760     4.53134
        1175         625     0.01174     1.14129     4.82923     4.55849
        1175         650     0.01049     1.12548     4.80139     4.53459
        1175         675     0.00998     1.12972     4.80871     4.54088
        1175         700     0.00896     1.13566     4.81915     4.54983
        1175         725     0.00897     1.14653     4.83877     4.56668
        1175         750     0.00826     1.21994     4.99783     4.69840
        1175         775     0.00569     1.24241     5.05638     4.75162
        1175         800     0.00644     1.27475     5.14254     4.82994
        1175         825     0.00429     1.29705     5.20975     4.88876
        1200           0     0.01276     1.14022     4.82731     4.55684
        1200          25     0.01280     1.13586     4.81951     4.55014
        1200          50     0.01255     1.13997     4.82686     4.55646
        1200          75     0.01291     1.12994     4.80909     4.54120
        1200         100     0.01352     1.13348     4.81529     4.54652
        1200         125     0.01312     1.13553     4.81893     4.54964
        1200         150     0.01254     1.13422     4.81660     4.54765
        1200         175     0.01264     1.13307     4.81458     4.54591
        1200         200     0.01194     1.13373     4.81574     4.54691
        1200         225     0.01312     1.12273     4.79671     4.53057
        1200         250     0.01278     1.13104     4.81101     4.54285
        1200         275     0.01338     1.11971     4.79162     4.52621
        1200         300     0.01408     1.12544     4.80133     4.53454
        1200         325     0.01389     1.13070     4.81042     4.54234
        1200         350     0.01184     1.13245     4.81349     4.54498
        1200         375     0.01326     1.12533     4.80114     4.53438
        1200         400     0.01362     1.12293     4.79705     4.53087
        1200         425     0.01217     1.13837     4.82399     4.55399
        1200         450     0.01192     1.12153     4.79468     4.52883
        1200         475     0.01256     1.11705     4.78719     4.52240
        1200         500     0.01213     1.11829     4.78925     4.52417
        1200         525     0.01228     1.12956     4.80843     4.54063
        1200         550     0.01226     1.12145     4.79454     4.52872
        1200         575     0.01066     1.11924     4.79084     4.52553
        1200         600     0.01188     1.11701     4.78713     4.52235
        1200         625     0.01168     1.12492     4.80044     4.53378
        1200         650     0.01093     1.14961     4.84446     4.57156
        1200         675     0.00905     1.16357     4.87159     4.59453
        1200         700     0.00993     1.14285     4.83206     4.56092
        1200         725     0.00930     1.13639     4.82044     4.55095
        1200         750     0.00768     1.21362     4.98297     4.68599
        1200         775     0.00749     1.17152     4.88865     4.60854
        1200         800     0.00689     1.24435     5.06151     4.75628
        1200         825     0.00661     1.24680     5.06797     4.76216
        1200         850     0.00407     1.25319     5.08488     4.77752
