450 50 0.0309801 1.05373
475 50 0.0334291 1.05321
475 75 0.0322805 1.04944
500 50 0.0328442 1.05067
500 75 0.0334187 1.05223
500 100 0.0328214 1.05202
525 50 0.0342864 1.0513
525 75 0.0339463 1.04731
525 100 0.0330813 1.054
525 125 0.032374 1.05137
550 50 0.0359806 1.04719
550 75 0.0364117 1.0497
550 100 0.0339996 1.05063
550 125 0.0338919 1.05226
550 150 0.0327191 1.05579
575 50 0.035733 1.05004
575 75 0.0342881 1.0477
575 100 0.0338772 1.0475
575 125 0.0336467 1.04913
575 150 0.0330074 1.05082
575 175 0.0325826 1.05249
600 50 0.0359469 1.04628
600 75 0.0351421 1.05041
600 100 0.03377 1.05046
600 125 0.0357153 1.04882
600 150 0.0343644 1.04897
600 175 0.0342191 1.05017
600 200 0.0329412 1.05309
625 50 0.0377602 1.04616
625 75 0.0381167 1.04843
625 100 0.0364575 1.04937
625 125 0.0358171 1.04727
625 150 0.0361251 1.04582
625 175 0.0342353 1.05169
625 200 0.0337306 1.05294
625 225 0.0329676 1.0516
650 50 0.0370299 1.0471
650 75 0.0383986 1.04535
650 100 0.0365125 1.04736
650 125 0.0362423 1.04783
650 150 0.0360436 1.04704
650 175 0.0361559 1.04902
650 200 0.0337474 1.05192
650 225 0.0330626 1.05362
650 250 0.0332879 1.05131
675 50 0.038066 1.04493
675 75 0.0382183 1.04333
675 100 0.0367509 1.04805
675 125 0.03686 1.04603
675 150 0.0352128 1.04697
675 175 0.0358815 1.05044
675 200 0.0343297 1.04828
675 225 0.0344553 1.04821
675 250 0.0351137 1.05068
675 275 0.0322139 1.05275
700 50 0.0382966 1.04624
700 75 0.0365448 1.04915
700 100 0.0375596 1.04633
700 125 0.0368051 1.04814
700 150 0.0357383 1.05221
700 175 0.0367678 1.04897
700 200 0.0357718 1.04533
700 225 0.0349086 1.04853
700 250 0.034679 1.04784
700 275 0.0326249 1.04939
700 300 0.0321191 1.05778
725 50 0.0394406 1.04656
725 75 0.0373523 1.0479
725 100 0.0392795 1.04553
725 125 0.0368418 1.04511
725 150 0.0362361 1.04646
725 175 0.0363921 1.04494
725 200 0.0371232 1.04592
725 225 0.0358431 1.04753
725 250 0.0358641 1.04908
725 275 0.0348913 1.04766
725 300 0.033699 1.05076
725 325 0.0335656 1.04989
750 50 0.0380352 1.04478
750 75 0.0381023 1.04452
750 100 0.0366502 1.04568
750 125 0.0385371 1.04422
750 150 0.0375109 1.04478
750 175 0.0382468 1.04425
750 200 0.0367353 1.04368
750 225 0.0364255 1.04693
750 250 0.0362327 1.05
750 275 0.0356284 1.05079
750 300 0.0334744 1.05101
750 325 0.0342935 1.04791
750 350 0.0330224 1.05347
775 50 0.0376479 1.04709
775 75 0.0381252 1.04424
775 100 0.03821 1.04728
775 125 0.038173 1.04568
775 150 0.0380283 1.04439
775 175 0.0362906 1.0528
775 200 0.035734 1.04975
775 225 0.0370234 1.04673
775 250 0.0378043 1.04656
775 275 0.0353059 1.04994
775 300 0.0358697 1.04722
775 325 0.0342611 1.0488
775 350 0.0333614 1.04973
775 375 0.0334715 1.0534
800 50 0.0394396 1.04795
800 75 0.0374743 1.04715
800 100 0.0381546 1.04504
800 125 0.0386111 1.04572
800 150 0.0380133 1.04534
800 175 0.0380708 1.04607
800 200 0.0363657 1.04425
800 225 0.036331 1.0473
800 250 0.0362795 1.04684
800 275 0.0358594 1.04948
800 300 0.0370173 1.04348
800 325 0.0356297 1.04883
800 350 0.0366063 1.0465
800 375 0.0349834 1.04751
800 400 0.0340039 1.05131
825 50 0.0381379 1.04654
825 75 0.0368875 1.04474
825 100 0.0369558 1.04813
825 125 0.0357544 1.04735
825 150 0.03919 1.04379
825 175 0.0373512 1.04525
825 200 0.036831 1.04438
825 225 0.037502 1.04763
825 250 0.0373947 1.04411
825 275 0.0356833 1.04731
825 300 0.0361786 1.04691
825 325 0.0358684 1.04718
825 350 0.0367636 1.04645
825 375 0.0332555 1.05077
825 400 0.034018 1.05152
825 425 0.0327865 1.05108
850 50 0.0390319 1.04685
850 75 0.0392568 1.04461
850 100 0.0372632 1.04569
850 125 0.0380075 1.04552
850 150 0.0378517 1.04689
850 175 0.0360381 1.04821
850 200 0.0377077 1.04657
850 225 0.0376236 1.04391
850 250 0.036457 1.04515
850 275 0.0378905 1.04692
850 300 0.0377673 1.04536
850 325 0.0369311 1.04856
850 350 0.0354807 1.04814
850 375 0.0359755 1.04743
850 400 0.0361802 1.04971
850 425 0.0333487 1.05362
850 450 0.0349147 1.04765
875 50 0.0384181 1.04561
875 75 0.0380948 1.04602
875 100 0.0391265 1.04444
875 125 0.0371298 1.04566
875 150 0.0381232 1.04438
875 175 0.0385057 1.04475
875 200 0.0383116 1.04601
875 225 0.0390325 1.04544
875 250 0.0388275 1.04421
875 275 0.0359388 1.04678
875 300 0.0375177 1.04327
875 325 0.0361599 1.04742
875 350 0.0357456 1.05149
875 375 0.0371186 1.0469
875 400 0.0371009 1.0449
875 425 0.034758 1.04881
875 450 0.0337999 1.05131
875 475 0.0332468 1.05189
900 50 0.0390885 1.04452
900 75 0.0386666 1.04471
900 100 0.0401682 1.04384
900 125 0.0374921 1.04465
900 150 0.0384375 1.04625
900 175 0.0379269 1.04604
900 200 0.0388158 1.04404
900 225 0.0378582 1.04585
900 250 0.0362167 1.0464
900 275 0.0366417 1.04915
900 300 0.0369318 1.04423
900 325 0.0389297 1.04525
900 350 0.0360365 1.04779
900 375 0.0367391 1.04655
900 400 0.0360385 1.04694
900 425 0.035033 1.04888
900 450 0.0351167 1.05111
900 475 0.0344885 1.05149
900 500 0.0338395 1.05338
925 50 0.0389998 1.04468
925 75 0.0394902 1.04523
925 100 0.0377924 1.04809
925 125 0.0384027 1.04542
925 150 0.0374582 1.04521
925 175 0.0381019 1.0435
925 200 0.0371522 1.04682
925 225 0.0369948 1.04843
925 250 0.0372435 1.04437
925 275 0.0354427 1.0488
925 300 0.0359568 1.04807
925 325 0.0376956 1.04832
925 350 0.0379302 1.04465
925 375 0.0365148 1.04673
925 400 0.0360873 1.04812
925 425 0.0349743 1.0508
925 450 0.0370007 1.04624
925 475 0.0354089 1.04805
925 500 0.0340909 1.0482
925 525 0.0324044 1.05416
950 50 0.0386125 1.04624
950 75 0.0391946 1.04597
950 100 0.0373461 1.04704
950 125 0.0388441 1.04534
950 150 0.0376754 1.04663
950 175 0.0393146 1.04527
950 200 0.0388403 1.04367
950 225 0.0378474 1.04812
950 250 0.0381836 1.0462
950 275 0.0383746 1.04877
950 300 0.0390681 1.04367
950 325 0.0378819 1.04553
950 350 0.0374444 1.0453
950 375 0.037438 1.04587
950 400 0.0372585 1.0458
950 425 0.0367001 1.04951
950 450 0.036698 1.04735
950 475 0.0359058 1.04943
950 500 0.0358667 1.05125
950 525 0.0340833 1.05478
950 550 0.0353688 1.0484
975 50 0.0388551 1.04352
975 75 0.0389841 1.04705
975 100 0.0369295 1.04807
975 125 0.0374745 1.05041
975 150 0.0382994 1.04794
975 175 0.0388365 1.04487
975 200 0.0370785 1.04655
975 225 0.0389325 1.04355
975 250 0.0391269 1.0444
975 275 0.0388259 1.04301
975 300 0.0381715 1.04401
975 325 0.0391445 1.04603
975 350 0.0377375 1.04847
975 375 0.0376123 1.04581
975 400 0.0373656 1.04533
975 425 0.0363379 1.04532
975 450 0.0363853 1.04867
975 475 0.0361347 1.04674
975 500 0.0362355 1.04897
975 525 0.0351207 1.04898
975 550 0.0359275 1.0462
975 575 0.0343242 1.05345
1000 50 0.0396928 1.04377
1000 75 0.0380646 1.04705
1000 100 0.0372302 1.04762
1000 125 0.0376541 1.04984
1000 150 0.0378951 1.04695
1000 175 0.0390772 1.04444
1000 200 0.0378528 1.04562
1000 225 0.0384961 1.04667
1000 250 0.0393813 1.04482
1000 275 0.0375794 1.04817
1000 300 0.0373764 1.04529
1000 325 0.0399468 1.04213
1000 350 0.0370517 1.04856
1000 375 0.0389052 1.04651
1000 400 0.0376046 1.04633
1000 425 0.038222 1.04504
1000 450 0.0372349 1.04868
1000 475 0.0380346 1.04472
1000 500 0.0363384 1.04808
1000 525 0.0366417 1.04865
1000 550 0.0365621 1.04774
1000 575 0.0349241 1.04753
1000 600 0.0332792 1.0515
1025 50 0.0383634 1.04532
1025 75 0.0371452 1.0472
1025 100 0.037531 1.04719
1025 125 0.0378337 1.04931
1025 150 0.0374908 1.04595
1025 175 0.0393179 1.04401
1025 200 0.0386271 1.04485
1025 225 0.0381724 1.04551
1025 250 0.0372073 1.04687
1025 275 0.0391562 1.04415
1025 300 0.0377939 1.04329
1025 325 0.0380468 1.04558
1025 350 0.0361419 1.04873
1025 375 0.0378919 1.04495
1025 400 0.0370338 1.04709
1025 425 0.038184 1.04489
1025 450 0.0375906 1.04533
1025 475 0.0365735 1.04675
1025 500 0.0362041 1.0464
1025 525 0.0354682 1.04849
1025 550 0.0356056 1.05153
1025 575 0.0354063 1.04747
1025 600 0.0345026 1.05125
1025 625 0.0338659 1.05205
1050 50 0.037631 1.04741
1050 75 0.038596 1.04589
1050 100 0.039158 1.04751
1050 125 0.0381797 1.04604
1050 150 0.0387042 1.04642
1050 175 0.0386926 1.0466
1050 200 0.0378737 1.04646
1050 225 0.0378041 1.04754
1050 250 0.0371134 1.04464
1050 275 0.0383051 1.04467
1050 300 0.0380166 1.04557
1050 325 0.0383189 1.04617
1050 350 0.0379477 1.04231
1050 375 0.0381248 1.04684
1050 400 0.0385175 1.04306
1050 425 0.0369681 1.04631
1050 450 0.0386045 1.04564
1050 475 0.0362244 1.04595
1050 500 0.0376388 1.04608
1050 525 0.0359933 1.0482
1050 550 0.0359926 1.04862
1050 575 0.0354757 1.04511
1050 600 0.0338897 1.05328
1050 625 0.0352146 1.04695
1050 650 0.0346547 1.05044
1075 50 0.0377416 1.0466
1075 75 0.0396159 1.04478
1075 100 0.0375183 1.04641
1075 125 0.0378152 1.04461
1075 150 0.0386477 1.0425
1075 175 0.0389263 1.04503
1075 200 0.0370938 1.04801
1075 225 0.0382985 1.04332
1075 250 0.0385757 1.04379
1075 275 0.0371457 1.04569
1075 300 0.0369651 1.04877
1075 325 0.0382325 1.04376
1075 350 0.0389922 1.04379
1075 375 0.0387896 1.0467
1075 400 0.036579 1.04547
1075 425 0.0376176 1.04493
1075 450 0.0381592 1.0456
1075 475 0.0371969 1.04601
1075 500 0.03668 1.04823
1075 525 0.0372302 1.0477
1075 550 0.0367395 1.04983
1075 575 0.0361736 1.04985
1075 600 0.0370052 1.04488
1075 625 0.0357573 1.04739
1075 650 0.0343897 1.04957
1075 675 0.0329831 1.05048
1100 50 0.0368544 1.04551
1100 75 0.0378782 1.04559
1100 100 0.037574 1.04451
1100 125 0.0387711 1.04478
1100 150 0.0381615 1.04528
1100 175 0.0373996 1.04664
1100 200 0.038763 1.04689
1100 225 0.038451 1.04686
1100 250 0.0381836 1.04253
1100 275 0.0374773 1.04454
1100 300 0.0370344 1.04649
1100 325 0.0374636 1.04374
1100 350 0.0383381 1.04269
1100 375 0.0373198 1.04778
1100 400 0.0385103 1.04389
1100 425 0.0385289 1.04922
1100 450 0.0371824 1.04991
1100 475 0.0381555 1.04518
1100 500 0.0378913 1.04693
1100 525 0.0376079 1.0469
1100 550 0.0367637 1.04706
1100 575 0.0359245 1.04823
1100 600 0.0372616 1.04746
1100 625 0.0355461 1.04823
1100 650 0.0352525 1.0485
1100 675 0.0336331 1.04749
1100 700 0.0335586 1.05579
1125 50 0.037685 1.04514
1125 75 0.036987 1.04508
1125 100 0.0369819 1.0493
1125 125 0.0386411 1.04616
1125 150 0.0393723 1.04331
1125 175 0.0381282 1.04685
1125 200 0.0390034 1.04496
1125 225 0.0378027 1.04789
1125 250 0.0378092 1.04651
1125 275 0.0380112 1.04416
1125 300 0.0377542 1.04678
1125 325 0.0370411 1.04845
1125 350 0.0376769 1.04601
1125 375 0.0393228 1.04165
1125 400 0.0380035 1.04619
1125 425 0.0380071 1.04991
1125 450 0.0382614 1.04498
1125 475 0.0386971 1.04531
1125 500 0.035432 1.05033
1125 525 0.0387163 1.0474
1125 550 0.0357528 1.04738
1125 575 0.0369837 1.04798
1125 600 0.0362634 1.04824
1125 625 0.0372793 1.04727
1125 650 0.0354478 1.04601
1125 675 0.0359297 1.04625
1125 700 0.0339043 1.05127
1125 725 0.0338425 1.05153
1150 50 0.0380876 1.04294
1150 75 0.0376209 1.04571
1150 100 0.0359771 1.05259
1150 125 0.037688 1.05082
1150 150 0.0386572 1.04653
1150 175 0.0384426 1.04374
1150 200 0.037548 1.04638
1150 225 0.0367251 1.05033
1150 250 0.0377425 1.04561
1150 275 0.0393342 1.04419
1150 300 0.0395383 1.04349
1150 325 0.0370273 1.04841
1150 350 0.039505 1.04222
1150 375 0.0383486 1.04618
1150 400 0.0381295 1.04725
1150 425 0.0378472 1.04807
1150 450 0.0380806 1.0463
1150 475 0.037739 1.04655
1150 500 0.0375743 1.04575
1150 525 0.0376434 1.04206
1150 550 0.0376596 1.04635
1150 575 0.0388109 1.04455
1150 600 0.0361922 1.04984
1150 625 0.0374788 1.0451
1150 650 0.036237 1.04734
1150 675 0.0358144 1.05076
1150 700 0.0364439 1.04619
1150 725 0.0339907 1.05109
1150 750 0.0348157 1.05009
1175 50 0.0373383 1.04839
1175 75 0.0384569 1.04916
1175 100 0.0390371 1.04603
1175 125 0.0384393 1.04465
1175 150 0.0379517 1.04612
1175 175 0.0373947 1.04645
1175 200 0.0364162 1.04825
1175 225 0.0386016 1.04536
1175 250 0.0370637 1.04856
1175 275 0.0382507 1.04518
1175 300 0.038387 1.04684
1175 325 0.0375678 1.04519
1175 350 0.0384729 1.04687
1175 375 0.0377927 1.04807
1175 400 0.0392041 1.04534
1175 425 0.0384068 1.04154
1175 450 0.0378546 1.04138
1175 475 0.0391389 1.04696
1175 500 0.0377544 1.04408
1175 525 0.0374 1.04686
1175 550 0.0388939 1.04368
1175 575 0.0368389 1.044
1175 600 0.0375227 1.04622
1175 625 0.037285 1.04888
1175 650 0.0356742 1.04562
1175 675 0.0351172 1.04736
1175 700 0.0363227 1.04623
1175 725 0.0350319 1.04789
1175 750 0.0341407 1.04869
1175 775 0.0354119 1.04778
1200 50 0.0387446 1.04382
1200 75 0.0373395 1.04655
1200 100 0.0373618 1.04548
1200 125 0.0370991 1.04805
1200 150 0.0371138 1.04609
1200 175 0.0392262 1.04503
1200 200 0.0366816 1.04667
1200 225 0.0369384 1.04825
1200 250 0.0375648 1.04396
1200 275 0.0382289 1.04659
1200 300 0.0381552 1.04492
1200 325 0.0381518 1.04561
1200 350 0.0378201 1.04847
1200 375 0.0375496 1.0478
1200 400 0.0379208 1.04519
1200 425 0.0376283 1.0458
1200 450 0.0380725 1.0453
1200 475 0.0376913 1.04521
1200 500 0.0382246 1.04709
1200 525 0.0387802 1.04507
1200 550 0.0375374 1.04579
1200 575 0.0367131 1.04339
1200 600 0.037301 1.04277
1200 625 0.0362104 1.0476
1200 650 0.0373953 1.04613
1200 675 0.0349646 1.05276
1200 700 0.0363337 1.04632
1200 725 0.0355922 1.04952
1200 750 0.0366876 1.04614
1200 775 0.0345797 1.04986
1200 800 0.0353987 1.04755
