450 50 0.0312484 1.01752
475 50 0.0339071 1.0152
475 75 0.0328173 1.01256
500 50 0.0333158 1.01206
500 75 0.0337694 1.02184
500 100 0.0333638 1.0158
525 50 0.0346463 1.01426
525 75 0.0343691 1.00849
525 100 0.0335707 1.02107
525 125 0.0328371 1.01475
550 50 0.0364847 1.01146
550 75 0.0369168 1.01271
550 100 0.0344367 1.01159
550 125 0.0342433 1.01328
550 150 0.0331555 1.02192
575 50 0.036106 1.00804
575 75 0.0348747 1.01148
575 100 0.0344281 1.01046
575 125 0.034161 1.00988
575 150 0.0335582 1.01333
575 175 0.0331623 1.01487
600 50 0.036418 1.01291
600 75 0.0356477 1.0117
600 100 0.0342214 1.00582
600 125 0.0362374 1.0106
600 150 0.0346361 1.00889
600 175 0.0346224 1.01346
600 200 0.0332895 1.01592
625 50 0.038181 1.00752
625 75 0.0386871 1.01001
625 100 0.0368806 1.00977
625 125 0.0363349 1.01111
625 150 0.0365311 1.00702
625 175 0.0346894 1.01532
625 200 0.0343322 1.01224
625 225 0.0334339 1.01753
650 50 0.0374706 1.00776
650 75 0.0390068 1.00903
650 100 0.0369482 1.00724
650 125 0.0366438 1.00976
650 150 0.0365557 1.01142
650 175 0.0365112 1.01185
650 200 0.0342632 1.01217
650 225 0.0335811 1.0151
650 250 0.0337254 1.01725
675 50 0.03858 1.00622
675 75 0.0385722 1.00949
675 100 0.0371445 1.0054
675 125 0.0373237 1.00692
675 150 0.0356546 1.00864
675 175 0.0361808 1.00701
675 200 0.0347868 1.01098
675 225 0.0347297 1.00931
675 250 0.0356329 1.00799
675 275 0.0327345 1.01107
700 50 0.0386771 1.00513
700 75 0.0368936 1.00344
700 100 0.0380251 1.01093
700 125 0.0371094 1.00734
700 150 0.0361101 1.0111
700 175 0.0371373 1.00818
700 200 0.0362762 1.00681
700 225 0.035316 1.01027
700 250 0.0351955 1.01237
700 275 0.0330206 1.01217
700 300 0.0324909 1.01607
725 50 0.0398076 1.00735
725 75 0.037902 1.00961
725 100 0.0397807 1.00879
725 125 0.0372883 1.00535
725 150 0.0366717 1.005
725 175 0.0367626 1.00789
725 200 0.0374862 1.0049
725 225 0.0363838 1.00757
725 250 0.0362948 1.01051
725 275 0.0354284 1.00941
725 300 0.0342348 1.01206
725 325 0.0340039 1.01021
750 50 0.0383692 1.00611
750 75 0.0384798 1.00668
750 100 0.0371394 1.00774
750 125 0.0390853 1.00655
750 150 0.0379302 1.00384
750 175 0.0386119 1.00561
750 200 0.0372109 1.00688
750 225 0.0368679 1.00999
750 250 0.0366715 1.01337
750 275 0.0361026 1.01164
750 300 0.0339303 1.01078
750 325 0.0348136 1.01082
750 350 0.0334058 1.01321
775 50 0.0380232 1.00196
775 75 0.0384174 1.00413
775 100 0.0385065 1.00524
775 125 0.0385138 1.00619
775 150 0.0386174 1.00714
775 175 0.0368016 1.00828
775 200 0.0362252 1.00612
775 225 0.0373056 1.00734
775 250 0.0381306 1.00616
775 275 0.0358403 1.00714
775 300 0.0362548 1.00964
775 325 0.0348205 1.00915
775 350 0.0339003 1.01396
775 375 0.0340229 1.01459
800 50 0.039837 1.00639
800 75 0.0380262 1.00524
800 100 0.0386094 1.0024
800 125 0.0391277 1.00552
800 150 0.0383396 1.00833
800 175 0.0385311 1.00457
800 200 0.0367736 1.00499
800 225 0.0368159 1.00731
800 250 0.0369082 1.00578
800 275 0.0363943 1.00291
800 300 0.0373966 1.00478
800 325 0.0361594 1.00813
800 350 0.037137 1.0093
800 375 0.0354845 1.01266
800 400 0.0344815 1.01753
825 50 0.0386457 1.00219
825 75 0.0373124 1.00391
825 100 0.0373758 1.00286
825 125 0.0360589 1.00605
825 150 0.0395319 1.00826
825 175 0.0377082 1.0052
825 200 0.0371607 1.00378
825 225 0.0380062 1.00718
825 250 0.0378404 1.0048
825 275 0.0361136 1.00453
825 300 0.0366641 1.01069
825 325 0.0362429 1.00896
825 350 0.0371883 1.01204
825 375 0.034026 1.00947
825 400 0.0343472 1.01642
825 425 0.0331947 1.01323
850 50 0.0394503 1.00319
850 75 0.0398527 1.00233
850 100 0.0377151 1.00195
850 125 0.0383936 1.00479
850 150 0.0383352 1.00527
850 175 0.0364922 1.00721
850 200 0.0381796 1.00721
850 225 0.0379718 1.00434
850 250 0.0369364 1.00486
850 275 0.038093 1.00384
850 300 0.0382687 1.0051
850 325 0.0371937 1.00396
850 350 0.0359621 1.00754
850 375 0.0365009 1.0088
850 400 0.0365697 1.01149
850 425 0.0337972 1.01262
850 450 0.035358 1.01624
875 50 0.0387965 1.00281
875 75 0.038567 1.0028
875 100 0.0395321 1.00313
875 125 0.0375962 1.00782
875 150 0.0385622 1.00567
875 175 0.0390404 1.0032
875 200 0.0388111 1.00224
875 225 0.0394982 1.00317
875 250 0.0391559 1.00317
875 275 0.0364108 1.00352
875 300 0.0379728 1.0039
875 325 0.0365874 1.00589
875 350 0.0361361 1.00694
875 375 0.0376306 1.00669
875 400 0.0375043 1.0124
875 425 0.0351503 1.01184
875 450 0.0342682 1.0145
875 475 0.0336158 1.01676
900 50 0.039506 1.00232
900 75 0.0390693 1.00373
900 100 0.0405529 1.0059
900 125 0.037912 1.00289
900 150 0.0389711 1.00513
900 175 0.0383768 1.00372
900 200 0.0392527 1.00462
900 225 0.0384536 1.00383
900 250 0.0365706 1.00592
900 275 0.0370579 1.00487
900 300 0.0373734 1.00733
900 325 0.0392215 1.00746
900 350 0.0364541 1.00446
900 375 0.0372244 1.00725
900 400 0.0366095 1.00581
900 425 0.0353894 1.00654
900 450 0.035465 1.01216
900 475 0.0349701 1.01435
900 500 0.0342303 1.01958
925 50 0.0394239 1.00183
925 75 0.0399673 1.00281
925 100 0.0381826 1.00482
925 125 0.0388549 1.00225
925 150 0.0378362 1.00533
925 175 0.0383949 1.00519
925 200 0.0374161 1.00443
925 225 0.03735 1.00538
925 250 0.0374668 1.00488
925 275 0.0358947 1.00367
925 300 0.0364803 1.00551
925 325 0.0381256 1.00731
925 350 0.0384005 1.00664
925 375 0.0369088 1.00769
925 400 0.0365254 1.01192
925 425 0.0353954 1.01237
925 450 0.0374709 1.0067
925 475 0.0357564 1.01166
925 500 0.0347804 1.01212
925 525 0.0329003 1.01536
950 50 0.0390105 1.00283
950 75 0.0395561 1.00322
950 100 0.037856 1.00331
950 125 0.0393092 1.00234
950 150 0.0380572 1.0038
950 175 0.0397452 1.00044
950 200 0.0392009 1.00234
950 225 0.0381248 1.00338
950 250 0.038826 1.00324
950 275 0.0388253 1.0038
950 300 0.0394881 1.0042
950 325 0.0383182 1.00673
950 350 0.0379244 1.00413
950 375 0.0378994 1.00433
950 400 0.0375927 1.00681
950 425 0.0371009 1.0103
950 450 0.0373013 1.00873
950 475 0.0363589 1.00891
950 500 0.036297 1.00855
950 525 0.0345443 1.01515
950 550 0.0359731 1.01162
975 50 0.0393634 1.00328
975 75 0.0393207 1.00281
975 100 0.0372377 1.00402
975 125 0.0378623 1.00358
975 150 0.0387498 1.0032
975 175 0.0392407 1.00461
975 200 0.0376693 1.00436
975 225 0.0391567 1.00413
975 250 0.0395644 1.00469
975 275 0.0392099 1.00418
975 300 0.0384624 1.00282
975 325 0.0395384 1.00552
975 350 0.0381268 1.00366
975 375 0.038071 1.00524
975 400 0.0378894 1.00484
975 425 0.0366897 1.00691
975 450 0.0367787 1.00685
975 475 0.0365649 1.00847
975 500 0.0365413 1.0083
975 525 0.0355824 1.01065
975 550 0.0363962 1.01407
975 575 0.0347019 1.0183
1000 50 0.0401137 1.00454
1000 75 0.038474 1.00286
1000 100 0.0375834 1.00346
1000 125 0.0381492 1.00366
1000 150 0.0382761 1.00307
1000 175 0.0395136 1.00461
1000 200 0.038408 1.00332
1000 225 0.0389483 1.00403
1000 250 0.039882 1.00403
1000 275 0.03826 1.00421
1000 300 0.0378053 1.00334
1000 325 0.0403065 1.00319
1000 350 0.0374259 1.00637
1000 375 0.0393147 1.00563
1000 400 0.0379823 1.00292
1000 425 0.0386223 1.00942
1000 450 0.0378005 1.00959
1000 475 0.0383612 1.00432
1000 500 0.0367225 1.00494
1000 525 0.0369445 1.01224
1000 550 0.037113 1.00881
1000 575 0.0352658 1.00877
1000 600 0.0338288 1.01407
1025 50 0.0388584 1.00327
1025 75 0.0376274 1.00482
1025 100 0.0379292 1.0029
1025 125 0.038436 1.00424
1025 150 0.0378024 1.00294
1025 175 0.0397864 1.0046
1025 200 0.0391466 1.00372
1025 225 0.0385222 1.00285
1025 250 0.0376509 1.00293
1025 275 0.039563 1.0051
1025 300 0.0381954 1.00246
1025 325 0.0384011 1.00325
1025 350 0.036404 1.00253
1025 375 0.038376 1.00373
1025 400 0.0373831 1.00529
1025 425 0.0386261 1.008
1025 450 0.0380038 1.00574
1025 475 0.0370023 1.00584
1025 500 0.0366926 1.00594
1025 525 0.035806 1.01012
1025 550 0.0362291 1.00756
1025 575 0.0359265 1.0076
1025 600 0.0349514 1.01682
1025 625 0.0343372 1.00862
1050 50 0.0381356 1.00482
1050 75 0.0389669 1.00372
1050 100 0.0396073 1.00139
1050 125 0.0385317 1.00431
1050 150 0.0390044 1.00421
1050 175 0.0391938 1.00325
1050 200 0.0381223 1.00328
1050 225 0.0381852 1.00193
1050 250 0.0375264 1.00392
1050 275 0.038754 1.00322
1050 300 0.0385498 1.0047
1050 325 0.0387362 1.00286
1050 350 0.03844 1.00275
1050 375 0.0386154 1.00521
1050 400 0.0389012 1.00283
1050 425 0.0373492 1.00632
1050 450 0.0388918 1.00654
1050 475 0.0366519 1.00547
1050 500 0.0381714 1.00525
1050 525 0.0365879 1.00599
1050 550 0.0363415 1.00532
1050 575 0.035988 1.0064
1050 600 0.034369 1.01415
1050 625 0.0355843 1.00639
1050 650 0.0350699 1.01632
1075 50 0.038234 1.00232
1075 75 0.039964 1.00354
1075 100 0.0379537 1.00046
1075 125 0.0382963 1.00429
1075 150 0.0390662 1.00235
1075 175 0.0393165 1.00363
1075 200 0.0376383 1.00144
1075 225 0.0387765 1.00284
1075 250 0.0389819 1.00227
1075 275 0.0374031 1.00518
1075 300 0.0373296 1.00444
1075 325 0.0385103 1.00381
1075 350 0.0393884 1.00193
1075 375 0.0392559 1.00373
1075 400 0.0370517 1.0059
1075 425 0.0381837 1.00288
1075 450 0.0386666 1.00795
1075 475 0.0375953 1.00374
1075 500 0.0371111 1.00583
1075 525 0.0376967 1.00909
1075 550 0.0371034 1.0077
1075 575 0.0368002 1.00683
1075 600 0.0374038 1.00721
1075 625 0.0361124 1.01228
1075 650 0.0350551 1.00925
1075 675 0.0334846 1.01228
1100 50 0.0371745 1.00294
1100 75 0.0382025 1.00288
1100 100 0.0378746 1.00244
1100 125 0.0390021 1.00318
1100 150 0.0385285 1.00273
1100 175 0.0377133 1.0039
1100 200 0.0391243 1.00416
1100 225 0.0387949 1.00284
1100 250 0.0385885 1.00231
1100 275 0.0378388 1.00195
1100 300 0.0375088 1.00441
1100 325 0.0378529 1.00385
1100 350 0.0387428 1.00238
1100 375 0.0378059 1.00529
1100 400 0.0387882 1.00282
1100 425 0.0390988 1.00506
1100 450 0.0374868 1.00678
1100 475 0.038576 1.00424
1100 500 0.0383484 1.00616
1100 525 0.0380411 1.00759
1100 550 0.0371509 1.0052
1100 575 0.0362959 1.00801
1100 600 0.0375322 1.00827
1100 625 0.036133 1.01014
1100 650 0.0357177 1.01474
1100 675 0.0342333 1.01009
1100 700 0.0339773 1.01559
1125 50 0.0380359 1.00202
1125 75 0.0373387 1.00381
1125 100 0.0373161 1.00151
1125 125 0.0389906 1.00377
1125 150 0.0397024 1.00093
1125 175 0.0384907 1.00234
1125 200 0.0394271 1.00279
1125 225 0.0380966 1.00427
1125 250 0.0381248 1.00192
1125 275 0.0382752 1.00246
1125 300 0.0382833 1.00286
1125 325 0.0373307 1.00592
1125 350 0.03797 1.00283
1125 375 0.0397743 1.00315
1125 400 0.0384514 1.00335
1125 425 0.0384198 1.00225
1125 450 0.0387833 1.00469
1125 475 0.0389381 1.00378
1125 500 0.0360529 1.00747
1125 525 0.0391031 1.00417
1125 550 0.0362163 1.00405
1125 575 0.0373319 1.00301
1125 600 0.0366684 1.00445
1125 625 0.0377925 1.00907
1125 650 0.0362188 1.01062
1125 675 0.0362701 1.00955
1125 700 0.0343396 1.01409
1125 725 0.0343541 1.01593
1150 50 0.0384851 1.00181
1150 75 0.0380803 1.00433
1150 100 0.0362962 1.00197
1150 125 0.0380606 1.00527
1150 150 0.03911 1.0033
1150 175 0.0388306 1.00142
1150 200 0.0378513 1.00147
1150 225 0.0372241 1.00098
1150 250 0.0380963 1.00193
1150 275 0.0398925 1.00415
1150 300 0.039931 1.00551
1150 325 0.0373383 1.00151
1150 350 0.0398659 1.00368
1150 375 0.0387633 1.00471
1150 400 0.0385257 1.00286
1150 425 0.0384439 1.00379
1150 450 0.0385817 1.00139
1150 475 0.0381927 1.00528
1150 500 0.0379286 1.00348
1150 525 0.0380296 1.00288
1150 550 0.0380338 1.0071
1150 575 0.0391753 1.007
1150 600 0.0366493 1.0058
1150 625 0.0378589 1.00573
1150 650 0.0369401 1.00853
1150 675 0.0362117 1.00789
1150 700 0.0368538 1.01375
1150 725 0.0345907 1.01351
1150 750 0.0351833 1.0139
1175 50 0.0377052 1.00097
1175 75 0.0388449 1.00331
1175 100 0.0394377 1.00411
1175 125 0.0390519 1.00234
1175 150 0.0384101 1.00375
1175 175 0.0377635 1.00175
1175 200 0.0368338 1.00297
1175 225 0.038968 1.00088
1175 250 0.0374225 1.00149
1175 275 0.0387078 1.0051
1175 300 0.0386402 1.0019
1175 325 0.0379386 1.00145
1175 350 0.038922 1.00278
1175 375 0.0383016 1.00231
1175 400 0.0397218 1.00228
1175 425 0.0388567 1.00374
1175 450 0.038273 1.00335
1175 475 0.0396887 1.00405
1175 500 0.0382362 1.00523
1175 525 0.0377182 1.00574
1175 550 0.0393577 1.00409
1175 575 0.0372684 1.00588
1175 600 0.0379655 1.00614
1175 625 0.0378525 1.00668
1175 650 0.0361016 1.00756
1175 675 0.035413 1.00564
1175 700 0.0366966 1.01019
1175 725 0.0353809 1.01595
1175 750 0.0346858 1.0171
1175 775 0.035863 1.01349
1200 50 0.0391128 1.00331
1200 75 0.0377515 1.00154
1200 100 0.0379026 1.00243
1200 125 0.0375286 1.00295
1200 150 0.0374931 1.00294
1200 175 0.0396043 1.00146
1200 200 0.0370416 1.00099
1200 225 0.0373294 1.00389
1200 250 0.0380565 1.00274
1200 275 0.0385243 1.00192
1200 300 0.03864 1.00241
1200 325 0.0386095 1.00243
1200 350 0.0382885 1.00525
1200 375 0.0379772 1.0014
1200 400 0.0383889 1.00427
1200 425 0.0382332 1.00374
1200 450 0.0384829 1.00607
1200 475 0.0381303 1.0053
1200 500 0.0386637 1.0038
1200 525 0.0392253 1.00758
1200 550 0.0379733 1.00242
1200 575 0.0371551 1.00096
1200 600 0.0376151 1.00439
1200 625 0.0366491 1.00588
1200 650 0.0378938 1.00724
1200 675 0.0353646 1.00706
1200 700 0.0367759 1.00651
1200 725 0.0360898 1.01158
1200 750 0.0371921 1.0123
1200 775 0.0350157 1.01163
1200 800 0.0357053 1.01702
