450 50 0.0312484 1.07397
475 50 0.033907 1.07232
475 75 0.0328173 1.06897
500 50 0.0333158 1.07218
500 75 0.0337694 1.06915
500 100 0.0333638 1.06983
525 50 0.0346463 1.07024
525 75 0.0343691 1.06684
525 100 0.0335706 1.07383
525 125 0.0328371 1.07237
550 50 0.0364847 1.06638
550 75 0.0369168 1.06847
550 100 0.0344367 1.06759
550 125 0.0342432 1.07345
550 150 0.0331555 1.07659
575 50 0.036106 1.06604
575 75 0.0348747 1.06572
575 100 0.0344281 1.06693
575 125 0.034161 1.06776
575 150 0.0335582 1.06966
575 175 0.0331623 1.07263
600 50 0.036418 1.06456
600 75 0.0356477 1.06839
600 100 0.0342214 1.07063
600 125 0.0362374 1.06714
600 150 0.0346361 1.06657
600 175 0.0346223 1.06798
600 200 0.0332895 1.07499
625 50 0.0381811 1.06517
625 75 0.0386871 1.06534
625 100 0.0368806 1.0686
625 125 0.0363349 1.06587
625 150 0.0365311 1.06364
625 175 0.0346894 1.06886
625 200 0.0343322 1.07216
625 225 0.0334339 1.07
650 50 0.0374706 1.0641
650 75 0.0390068 1.06215
650 100 0.0369483 1.0658
650 125 0.0366439 1.06627
650 150 0.0365557 1.06212
650 175 0.0365111 1.06676
650 200 0.0342632 1.07178
650 225 0.0335811 1.07463
650 250 0.0337253 1.06989
675 50 0.03858 1.06212
675 75 0.0385722 1.06011
675 100 0.0371444 1.06654
675 125 0.0373236 1.06507
675 150 0.0356546 1.06728
675 175 0.0361808 1.07019
675 200 0.0347868 1.06962
675 225 0.0347297 1.06465
675 250 0.0356329 1.07156
675 275 0.0327345 1.07673
700 50 0.0386771 1.0641
700 75 0.0368937 1.06834
700 100 0.038025 1.06286
700 125 0.0371094 1.06629
700 150 0.03611 1.0728
700 175 0.0371372 1.06758
700 200 0.0362762 1.06455
700 225 0.035316 1.06741
700 250 0.0351955 1.06534
700 275 0.0330206 1.0673
700 300 0.0324909 1.07806
725 50 0.0398076 1.0626
725 75 0.037902 1.06354
725 100 0.0397806 1.0613
725 125 0.0372883 1.06269
725 150 0.0366716 1.06474
725 175 0.0367627 1.06247
725 200 0.0374862 1.06313
725 225 0.0363838 1.0654
725 250 0.0362948 1.06816
725 275 0.0354285 1.06915
725 300 0.0342348 1.07259
725 325 0.0340039 1.071
750 50 0.0383692 1.06032
750 75 0.0384798 1.06079
750 100 0.0371394 1.06364
750 125 0.0390853 1.06052
750 150 0.0379302 1.06309
750 175 0.0386119 1.0612
750 200 0.0372109 1.06136
750 225 0.036868 1.06639
750 250 0.0366715 1.06801
750 275 0.0361026 1.06921
750 300 0.0339303 1.07155
750 325 0.0348136 1.0654
750 350 0.0334058 1.07443
775 50 0.0380231 1.06588
775 75 0.0384174 1.0626
775 100 0.0385066 1.06333
775 125 0.0385138 1.06322
775 150 0.0386173 1.06051
775 175 0.0368016 1.07062
775 200 0.0362252 1.06848
775 225 0.0373056 1.06652
775 250 0.0381306 1.06485
775 275 0.0358402 1.06912
775 300 0.0362548 1.06768
775 325 0.0348204 1.06864
775 350 0.0339003 1.07092
775 375 0.0340229 1.07407
800 50 0.039837 1.06287
800 75 0.0380262 1.06649
800 100 0.0386094 1.0593
800 125 0.0391277 1.06079
800 150 0.0383396 1.06077
800 175 0.0385311 1.06253
800 200 0.0367736 1.0615
800 225 0.036816 1.06437
800 250 0.0369082 1.06601
800 275 0.0363943 1.06608
800 300 0.0373966 1.06107
800 325 0.0361595 1.06781
800 350 0.037137 1.06615
800 375 0.0354845 1.06566
800 400 0.0344815 1.07162
825 50 0.0386457 1.06308
825 75 0.0373124 1.06471
825 100 0.0373758 1.06716
825 125 0.0360589 1.06483
825 150 0.0395319 1.05901
825 175 0.0377081 1.06407
825 200 0.0371607 1.06514
825 225 0.0380062 1.06499
825 250 0.0378404 1.06304
825 275 0.0361136 1.06375
825 300 0.0366641 1.06475
825 325 0.0362429 1.06481
825 350 0.0371883 1.06406
825 375 0.034026 1.07063
825 400 0.0343472 1.07188
825 425 0.0331947 1.0714
850 50 0.0394503 1.06109
850 75 0.0398526 1.06128
850 100 0.0377151 1.06235
850 125 0.0383936 1.05946
850 150 0.0383352 1.06311
850 175 0.0364922 1.06581
850 200 0.0381796 1.0617
850 225 0.0379718 1.06046
850 250 0.0369364 1.0625
850 275 0.038093 1.06535
850 300 0.0382687 1.0632
850 325 0.0371937 1.06707
850 350 0.0359621 1.06753
850 375 0.0365009 1.06788
850 400 0.0365697 1.06608
850 425 0.0337972 1.07287
850 450 0.035358 1.0638
875 50 0.0387965 1.06185
875 75 0.0385671 1.06249
875 100 0.0395321 1.05928
875 125 0.0375962 1.06315
875 150 0.0385622 1.06054
875 175 0.0390404 1.06108
875 200 0.0388112 1.05939
875 225 0.0394981 1.06156
875 250 0.0391559 1.06012
875 275 0.0364108 1.06317
875 300 0.0379728 1.06301
875 325 0.0365874 1.06482
875 350 0.036136 1.06987
875 375 0.0376307 1.06426
875 400 0.0375043 1.06282
875 425 0.0351504 1.06762
875 450 0.0342682 1.07013
875 475 0.0336157 1.06976
900 50 0.0395061 1.06115
900 75 0.0390694 1.0599
900 100 0.0405529 1.06026
900 125 0.037912 1.06049
900 150 0.0389711 1.06412
900 175 0.0383768 1.06208
900 200 0.0392526 1.06003
900 225 0.0384536 1.06214
900 250 0.0365706 1.06505
900 275 0.0370579 1.06672
900 300 0.0373734 1.05954
900 325 0.0392215 1.06225
900 350 0.0364542 1.06685
900 375 0.0372243 1.06603
900 400 0.0366095 1.06475
900 425 0.0353894 1.06877
900 450 0.035465 1.07029
900 475 0.0349701 1.07037
900 500 0.0342303 1.07249
925 50 0.0394239 1.06252
925 75 0.0399673 1.06093
925 100 0.0381826 1.0631
925 125 0.0388549 1.06043
925 150 0.0378362 1.05994
925 175 0.0383949 1.05911
925 200 0.0374161 1.06493
925 225 0.03735 1.0671
925 250 0.0374669 1.06086
925 275 0.0358947 1.0653
925 300 0.0364803 1.06422
925 325 0.0381256 1.06506
925 350 0.0384005 1.06119
925 375 0.0369088 1.06329
925 400 0.0365253 1.06601
925 425 0.0353954 1.06816
925 450 0.0374708 1.06376
925 475 0.0357565 1.06612
925 500 0.0347804 1.06736
925 525 0.0329003 1.07171
950 50 0.0390104 1.06064
950 75 0.039556 1.06151
950 100 0.037856 1.06322
950 125 0.0393092 1.05883
950 150 0.0380573 1.06361
950 175 0.0397452 1.06165
950 200 0.0392009 1.06077
950 225 0.0381248 1.06568
950 250 0.0388259 1.0625
950 275 0.0388253 1.06662
950 300 0.0394881 1.06
950 325 0.0383182 1.06221
950 350 0.0379244 1.06455
950 375 0.0378995 1.06219
950 400 0.0375928 1.06346
950 425 0.0371009 1.06868
950 450 0.0373012 1.06351
950 475 0.0363589 1.06915
950 500 0.036297 1.07043
950 525 0.0345443 1.07486
950 550 0.0359731 1.06621
975 50 0.0393634 1.05946
975 75 0.0393206 1.06424
975 100 0.0372377 1.06469
975 125 0.0378623 1.06675
975 150 0.0387498 1.06176
975 175 0.0392407 1.0604
975 200 0.0376693 1.06441
975 225 0.0391567 1.05914
975 250 0.0395645 1.05901
975 275 0.0392099 1.05813
975 300 0.0384624 1.06053
975 325 0.0395383 1.06404
975 350 0.0381268 1.06439
975 375 0.038071 1.06177
975 400 0.0378894 1.06319
975 425 0.0366897 1.06277
975 450 0.0367787 1.06693
975 475 0.036565 1.06242
975 500 0.0365413 1.06576
975 525 0.0355824 1.06709
975 550 0.0363962 1.06455
975 575 0.0347019 1.07224
1000 50 0.0401136 1.05818
1000 75 0.038474 1.06329
1000 100 0.0375834 1.06242
1000 125 0.0381491 1.06566
1000 150 0.0382761 1.06158
1000 175 0.0395136 1.05972
1000 200 0.038408 1.06129
1000 225 0.0389483 1.06188
1000 250 0.039882 1.0584
1000 275 0.03826 1.06403
1000 300 0.0378053 1.06178
1000 325 0.0403065 1.05962
1000 350 0.037426 1.06686
1000 375 0.0393147 1.06089
1000 400 0.0379823 1.0628
1000 425 0.0386223 1.06213
1000 450 0.0378006 1.066
1000 475 0.0383612 1.06203
1000 500 0.0367226 1.06497
1000 525 0.0369445 1.06449
1000 550 0.037113 1.0672
1000 575 0.0352658 1.06654
1000 600 0.0338288 1.07086
1025 50 0.0388584 1.05956
1025 75 0.0376274 1.06241
1025 100 0.0379291 1.06021
1025 125 0.038436 1.06462
1025 150 0.0378023 1.0614
1025 175 0.0397864 1.05906
1025 200 0.0391466 1.0584
1025 225 0.0385223 1.06206
1025 250 0.0376509 1.06527
1025 275 0.0395631 1.05749
1025 300 0.0381953 1.05732
1025 325 0.0384011 1.06071
1025 350 0.036404 1.06593
1025 375 0.038376 1.06281
1025 400 0.0373831 1.06486
1025 425 0.038626 1.06162
1025 450 0.0380039 1.05988
1025 475 0.0370022 1.06481
1025 500 0.0366926 1.06468
1025 525 0.0358061 1.06442
1025 550 0.0362292 1.06925
1025 575 0.0359266 1.06693
1025 600 0.0349515 1.07009
1025 625 0.0343372 1.07294
1050 50 0.0381356 1.06243
1050 75 0.0389669 1.06132
1050 100 0.0396074 1.06226
1050 125 0.0385317 1.06179
1050 150 0.0390044 1.06138
1050 175 0.0391938 1.0642
1050 200 0.0381223 1.0622
1050 225 0.0381853 1.06457
1050 250 0.0375264 1.06032
1050 275 0.038754 1.06063
1050 300 0.0385498 1.06251
1050 325 0.0387363 1.06135
1050 350 0.03844 1.05703
1050 375 0.0386155 1.06318
1050 400 0.0389012 1.0592
1050 425 0.0373491 1.06401
1050 450 0.0388918 1.06306
1050 475 0.0366518 1.06599
1050 500 0.0381713 1.06387
1050 525 0.0365879 1.0667
1050 550 0.0363414 1.06713
1050 575 0.0359881 1.06192
1050 600 0.034369 1.07257
1050 625 0.0355843 1.06855
1050 650 0.0350699 1.06862
1075 50 0.038234 1.06143
1075 75 0.039964 1.05795
1075 100 0.0379537 1.06292
1075 125 0.0382963 1.05908
1075 150 0.0390662 1.05601
1075 175 0.0393166 1.05917
1075 200 0.0376384 1.06298
1075 225 0.0387766 1.05862
1075 250 0.0389819 1.05727
1075 275 0.0374031 1.06367
1075 300 0.0373295 1.06546
1075 325 0.0385103 1.05765
1075 350 0.0393883 1.06153
1075 375 0.0392559 1.06173
1075 400 0.0370517 1.06362
1075 425 0.0381837 1.06487
1075 450 0.0386665 1.06316
1075 475 0.0375953 1.06099
1075 500 0.0371111 1.06439
1075 525 0.0376967 1.06377
1075 550 0.0371034 1.06983
1075 575 0.0368002 1.06649
1075 600 0.0374038 1.0637
1075 625 0.0361124 1.06519
1075 650 0.0350552 1.06918
1075 675 0.0334846 1.07201
1100 50 0.0371744 1.06087
1100 75 0.0382026 1.06088
1100 100 0.0378746 1.05835
1100 125 0.0390021 1.05863
1100 150 0.0385286 1.06045
1100 175 0.0377133 1.06306
1100 200 0.0391243 1.0613
1100 225 0.0387949 1.06128
1100 250 0.0385886 1.05835
1100 275 0.0378387 1.06066
1100 300 0.0375087 1.06079
1100 325 0.0378529 1.05785
1100 350 0.0387428 1.05825
1100 375 0.037806 1.06316
1100 400 0.0387882 1.05928
1100 425 0.0390988 1.06282
1100 450 0.0374868 1.06686
1100 475 0.0385759 1.06109
1100 500 0.0383484 1.06296
1100 525 0.0380412 1.06529
1100 550 0.0371509 1.06463
1100 575 0.0362959 1.06791
1100 600 0.0375322 1.0639
1100 625 0.0361331 1.06683
1100 650 0.0357177 1.06761
1100 675 0.0342333 1.06805
1100 700 0.0339773 1.07662
1125 50 0.0380359 1.0592
1125 75 0.0373386 1.05915
1125 100 0.0373161 1.06536
1125 125 0.0389907 1.06195
1125 150 0.0397024 1.05827
1125 175 0.0384906 1.06307
1125 200 0.0394271 1.05905
1125 225 0.0380966 1.06486
1125 250 0.0381248 1.06159
1125 275 0.0382752 1.06049
1125 300 0.0382833 1.0627
1125 325 0.0373308 1.06574
1125 350 0.03797 1.06121
1125 375 0.0397742 1.05462
1125 400 0.0384514 1.062
1125 425 0.0384198 1.06598
1125 450 0.0387833 1.06227
1125 475 0.0389381 1.06286
1125 500 0.0360529 1.06909
1125 525 0.0391031 1.06482
1125 550 0.0362163 1.06619
1125 575 0.0373319 1.06792
1125 600 0.0366683 1.06892
1125 625 0.0377925 1.0641
1125 650 0.0362188 1.06424
1125 675 0.0362701 1.06452
1125 700 0.0343396 1.0721
1125 725 0.0343541 1.07251
1150 50 0.0384851 1.05582
1150 75 0.0380803 1.0601
1150 100 0.0362962 1.06944
1150 125 0.0380606 1.06597
1150 150 0.03911 1.0619
1150 175 0.0388306 1.05998
1150 200 0.0378513 1.06289
1150 225 0.0372241 1.06463
1150 250 0.0380963 1.06071
1150 275 0.0398925 1.05696
1150 300 0.039931 1.05714
1150 325 0.0373383 1.06424
1150 350 0.0398659 1.05807
1150 375 0.0387633 1.06307
1150 400 0.0385257 1.06148
1150 425 0.0384438 1.06197
1150 450 0.0385817 1.06253
1150 475 0.0381928 1.0625
1150 500 0.0379286 1.06232
1150 525 0.0380296 1.05734
1150 550 0.0380339 1.06386
1150 575 0.0391753 1.06216
1150 600 0.0366494 1.06727
1150 625 0.0378589 1.06046
1150 650 0.0369401 1.06479
1150 675 0.0362117 1.06939
1150 700 0.0368538 1.06426
1150 725 0.0345908 1.07117
1150 750 0.0351833 1.06971
1175 50 0.0377052 1.06298
1175 75 0.0388449 1.06222
1175 100 0.0394376 1.05967
1175 125 0.039052 1.0597
1175 150 0.0384101 1.06074
1175 175 0.0377635 1.0611
1175 200 0.0368338 1.06399
1175 225 0.038968 1.06051
1175 250 0.0374225 1.06527
1175 275 0.0387078 1.05899
1175 300 0.0386401 1.06001
1175 325 0.0379386 1.06209
1175 350 0.038922 1.06154
1175 375 0.0383017 1.0618
1175 400 0.0397218 1.05991
1175 425 0.0388567 1.05614
1175 450 0.0382729 1.05604
1175 475 0.0396888 1.06165
1175 500 0.0382362 1.06034
1175 525 0.0377182 1.06462
1175 550 0.0393577 1.05851
1175 575 0.0372684 1.0587
1175 600 0.0379655 1.06373
1175 625 0.0378525 1.06659
1175 650 0.0361016 1.06407
1175 675 0.035413 1.06643
1175 700 0.0366966 1.06575
1175 725 0.0353809 1.06755
1175 750 0.0346858 1.06664
1175 775 0.035863 1.06613
1200 50 0.0391128 1.05782
1200 75 0.0377515 1.06138
1200 100 0.0379025 1.06061
1200 125 0.0375286 1.06314
1200 150 0.0374931 1.06164
1200 175 0.0396044 1.06026
1200 200 0.0370416 1.06262
1200 225 0.0373294 1.06285
1200 250 0.0380566 1.0575
1200 275 0.0385243 1.06183
1200 300 0.03864 1.06005
1200 325 0.0386095 1.06133
1200 350 0.0382885 1.06474
1200 375 0.0379772 1.06328
1200 400 0.0383889 1.0598
1200 425 0.0382332 1.06382
1200 450 0.0384829 1.06103
1200 475 0.0381303 1.06233
1200 500 0.0386638 1.06416
1200 525 0.0392253 1.05922
1200 550 0.0379733 1.06313
1200 575 0.0371551 1.05995
1200 600 0.0376151 1.05869
1200 625 0.0366491 1.06563
1200 650 0.0378939 1.06365
1200 675 0.0353646 1.07299
1200 700 0.036776 1.06464
1200 725 0.0360898 1.06863
1200 750 0.0371921 1.06284
1200 775 0.0350156 1.06946
1200 800 0.0357053 1.06804
