  *******************************************
  *                                         *
  *        W E L C O M E  to  R O O T       *
  *                                         *
  *   Version   5.28/00  14 December 2010   *
  *                                         *
  *  You are welcome to visit our Web site  *
  *          http://root.cern.ch            *
  *                                         *
  *******************************************

ROOT 5.28/00 (trunk@37585, Dec 14 2010, 15:20:27 on linuxx8664gcc)

CINT/ROOT C/C++ Interpreter version 5.18.00, July 2, 2010
Type ? for help. Commands must be C++ statements.
Enclose multiple statements between { }.
>> gStyle initialized with favorite parameters!

Processing forlands.C...
450 50 0.00441321 1.32644
475 50 0.00603973 1.30268
475 75 0.00522161 1.33447
500 50 0.00802262 1.29233
500 75 0.00678232 1.30645
500 100 0.00595771 1.31463
525 50 0.00976435 1.27806
525 75 0.00882548 1.32333
525 100 0.00694103 1.33913
525 125 0.00570405 1.35731
550 50 0.0114771 1.25144
550 75 0.0109418 1.27434
550 100 0.00836381 1.35727
550 125 0.00749683 1.32017
550 150 0.00584952 1.32899
575 50 0.0125032 1.23509
575 75 0.0120605 1.2643
575 100 0.0113895 1.23552
575 125 0.00965603 1.26644
575 150 0.0080956 1.2963
575 175 0.0062874 1.37041
600 50 0.0153824 1.19026
600 75 0.0140594 1.22557
600 100 0.0124715 1.25775
600 125 0.0121787 1.24376
600 150 0.0097757 1.25583
600 175 0.00814765 1.3024
600 200 0.00722948 1.29428
625 50 0.0174087 1.20086
625 75 0.0167985 1.19616
625 100 0.0147142 1.22479
625 125 0.0138006 1.22891
625 150 0.0119333 1.24698
625 175 0.0104936 1.27753
625 200 0.00817768 1.29392
625 225 0.00678884 1.37514
650 50 0.018232 1.17456
650 75 0.0177642 1.18603
650 100 0.0171678 1.19532
650 125 0.0153611 1.2089
650 150 0.0141947 1.24458
650 175 0.0129517 1.23304
650 200 0.0100126 1.28782
650 225 0.00889897 1.32308
650 250 0.00719037 1.26524
675 50 0.0203604 1.1501
675 75 0.0202956 1.18649
675 100 0.0187596 1.19313
675 125 0.0177244 1.20037
675 150 0.0154784 1.21456
675 175 0.0145067 1.21316
675 200 0.0119825 1.24
675 225 0.0115164 1.251
675 250 0.00982631 1.2802
675 275 0.00696224 1.34449
700 50 0.0217752 1.17305
700 75 0.0200466 1.15443
700 100 0.0196811 1.17738
700 125 0.0185093 1.20846
700 150 0.0174616 1.1962
700 175 0.0167817 1.20408
700 200 0.0148215 1.21964
700 225 0.0130647 1.22745
700 250 0.01079 1.29004
700 275 0.00857916 1.29316
700 300 0.00747839 1.31816
725 50 0.0236984 1.14868
725 75 0.0219618 1.13508
725 100 0.0223898 1.17186
725 125 0.0200053 1.18281
725 150 0.0193587 1.16654
725 175 0.018065 1.18147
725 200 0.016371 1.22867
725 225 0.0149479 1.22345
725 250 0.0143168 1.21812
725 275 0.0118093 1.24396
725 300 0.00935752 1.27375
725 325 0.00729127 1.30664
750 50 0.0239037 1.1505
750 75 0.0228955 1.12475
750 100 0.0212946 1.15782
750 125 0.0227771 1.13959
750 150 0.0203505 1.16734
750 175 0.0205794 1.16315
750 200 0.0189102 1.20328
750 225 0.0167282 1.1868
750 250 0.0148354 1.21802
750 275 0.0138457 1.25204
750 300 0.0110713 1.24988
750 325 0.00933486 1.29704
750 350 0.00726779 1.31815
775 50 0.0248552 1.12485
775 75 0.0250359 1.12917
775 100 0.0231008 1.13299
775 125 0.0231881 1.14812
775 150 0.0223975 1.16204
775 175 0.0208316 1.1701
775 200 0.019345 1.17519
775 225 0.0193889 1.19224
775 250 0.0178569 1.2266
775 275 0.0144574 1.21082
775 300 0.0139036 1.25029
775 325 0.0114753 1.28056
775 350 0.0100423 1.30117
775 375 0.00812351 1.31262
800 50 0.0263202 1.1284
800 75 0.0252484 1.13241
800 100 0.0254696 1.12518
800 125 0.0257875 1.12268
800 150 0.0237397 1.12573
800 175 0.0219616 1.15974
800 200 0.0207891 1.15006
800 225 0.0201205 1.18362
800 250 0.0186504 1.19919
800 275 0.0177313 1.18138
800 300 0.0159454 1.22458
800 325 0.0146691 1.22095
800 350 0.0118849 1.24342
800 375 0.00934787 1.31047
800 400 0.00845965 1.27954
825 50 0.0263707 1.12337
825 75 0.025214 1.11756
825 100 0.0250872 1.12107
825 125 0.0240152 1.13256
825 150 0.0258093 1.11857
825 175 0.023245 1.14995
825 200 0.0219227 1.1611
825 225 0.0218602 1.1589
825 250 0.0212557 1.15361
825 275 0.0186421 1.17636
825 300 0.0177729 1.21925
825 325 0.0157437 1.22955
825 350 0.0152221 1.22884
825 375 0.0116959 1.25647
825 400 0.00965926 1.25834
825 425 0.00733321 1.35995
850 50 0.0279398 1.10197
850 75 0.0279318 1.1098
850 100 0.0256664 1.10503
850 125 0.026674 1.11592
850 150 0.0262184 1.12604
850 175 0.0237059 1.12695
850 200 0.0237408 1.14126
850 225 0.0230581 1.13872
850 250 0.022223 1.15441
850 275 0.0208966 1.17169
850 300 0.0200273 1.17439
850 325 0.0183188 1.18686
850 350 0.0155818 1.21982
850 375 0.0137287 1.23724
850 400 0.0119545 1.25664
850 425 0.00933752 1.26666
850 450 0.00740386 1.36752
875 50 0.0283896 1.11089
875 75 0.0270151 1.10065
875 100 0.0283859 1.10553
875 125 0.026714 1.11346
875 150 0.026225 1.11789
875 175 0.026638 1.12467
875 200 0.0261952 1.13363
875 225 0.025787 1.13753
875 250 0.0243955 1.16542
875 275 0.0217732 1.17096
875 300 0.0218429 1.14355
875 325 0.0191875 1.18394
875 350 0.0170986 1.20421
875 375 0.0166964 1.21628
875 400 0.0149716 1.24248
875 425 0.011985 1.27069
875 450 0.0103001 1.23551
875 475 0.00732616 1.33915
900 50 0.0294937 1.08954
900 75 0.0283994 1.08519
900 100 0.0290558 1.09945
900 125 0.0279729 1.11251
900 150 0.0273045 1.10165
900 175 0.0267075 1.12461
900 200 0.026672 1.12026
900 225 0.0255844 1.11764
900 250 0.0234339 1.13578
900 275 0.0231643 1.15206
900 300 0.021553 1.14143
900 325 0.022375 1.17295
900 350 0.0192336 1.18418
900 375 0.0184002 1.20404
900 400 0.0158744 1.22345
900 425 0.0150664 1.23468
900 450 0.0121637 1.23226
900 475 0.0099914 1.31489
900 500 0.00717796 1.33042
925 50 0.0299475 1.09685
925 75 0.0304784 1.08965
925 100 0.0278581 1.10276
925 125 0.0285753 1.10851
925 150 0.0276616 1.10291
925 175 0.027035 1.11021
925 200 0.0266484 1.11321
925 225 0.0259468 1.11971
925 250 0.0259597 1.12181
925 275 0.0234676 1.12791
925 300 0.0224373 1.13966
925 325 0.0236817 1.16971
925 350 0.0220151 1.17129
925 375 0.0197433 1.17793
925 400 0.0184169 1.17692
925 425 0.0153257 1.21375
925 450 0.0144044 1.25088
925 475 0.0125451 1.27731
925 500 0.0102426 1.27934
925 525 0.00709831 1.33521
950 50 0.0301299 1.09285
950 75 0.0301706 1.09085
950 100 0.0285716 1.09561
950 125 0.0306642 1.09864
950 150 0.0283736 1.10029
950 175 0.0292251 1.10418
950 200 0.02858 1.10556
950 225 0.0273059 1.12017
950 250 0.0276276 1.11207
950 275 0.0253925 1.12142
950 300 0.0257726 1.15059
950 325 0.0241253 1.13941
950 350 0.0230525 1.17194
950 375 0.0219201 1.17948
950 400 0.0207015 1.17794
950 425 0.018163 1.19238
950 450 0.0167819 1.22181
950 475 0.0151525 1.23696
950 500 0.012585 1.25374
950 525 0.00953101 1.29284
950 550 0.00806931 1.32191
975 50 0.0306669 1.08777
975 75 0.0305078 1.08841
975 100 0.0288204 1.09199
975 125 0.0290862 1.10294
975 150 0.029398 1.09142
975 175 0.0297283 1.09687
975 200 0.0276879 1.10662
975 225 0.0284091 1.1105
975 250 0.0275988 1.1143
975 275 0.0275017 1.11216
975 300 0.0257218 1.11768
975 325 0.0259823 1.13307
975 350 0.0238461 1.14996
975 375 0.0230708 1.14524
975 400 0.02211 1.15439
975 425 0.0197729 1.20398
975 450 0.0184342 1.18062
975 475 0.0172945 1.20382
975 500 0.0141888 1.25186
975 525 0.0119427 1.23221
975 550 0.00984014 1.33986
975 575 0.00721657 1.3021
1000 50 0.0321684 1.07595
1000 75 0.0303826 1.08233
1000 100 0.0297014 1.08661
1000 125 0.029782 1.09323
1000 150 0.0291256 1.09159
1000 175 0.0303654 1.09257
1000 200 0.0290664 1.10132
1000 225 0.0296676 1.09786
1000 250 0.02922 1.10226
1000 275 0.0278711 1.10818
1000 300 0.0266876 1.11351
1000 325 0.027122 1.11906
1000 350 0.0249334 1.12448
1000 375 0.0245298 1.134
1000 400 0.0226979 1.15379
1000 425 0.0227094 1.16426
1000 450 0.0203283 1.18897
1000 475 0.0189529 1.20101
1000 500 0.0167269 1.2315
1000 525 0.0150318 1.22898
1000 550 0.0126497 1.24429
1000 575 0.0102686 1.30774
1000 600 0.00738019 1.38493
1025 50 0.0305707 1.07612
1025 75 0.0302574 1.0765
1025 100 0.0305825 1.08156
1025 125 0.0304777 1.08594
1025 150 0.0288532 1.09177
1025 175 0.0310025 1.08847
1025 200 0.0304449 1.09654
1025 225 0.029347 1.09711
1025 250 0.0282719 1.10567
1025 275 0.0296742 1.09449
1025 300 0.0271812 1.10025
1025 325 0.02745 1.11722
1025 350 0.0246745 1.11695
1025 375 0.0258856 1.13296
1025 400 0.0241579 1.14574
1025 425 0.0246781 1.14645
1025 450 0.0216736 1.16476
1025 475 0.0203739 1.16872
1025 500 0.0186674 1.19241
1025 525 0.0160608 1.22957
1025 550 0.0146884 1.2124
1025 575 0.0121655 1.26827
1025 600 0.00991949 1.27765
1025 625 0.00717972 1.35721
1050 50 0.0311377 1.08387
1050 75 0.0322131 1.08098
1050 100 0.03226 1.08102
1050 125 0.0310318 1.07966
1050 150 0.0310511 1.08534
1050 175 0.0309402 1.08851
1050 200 0.029992 1.0874
1050 225 0.0294194 1.09843
1050 250 0.0288602 1.10429
1050 275 0.0289371 1.09813
1050 300 0.0277644 1.1084
1050 325 0.0284809 1.11206
1050 350 0.0276373 1.09972
1050 375 0.0270343 1.1257
1050 400 0.0258788 1.1181
1050 425 0.0240954 1.14952
1050 450 0.0234816 1.14403
1050 475 0.0214361 1.15571
1050 500 0.02081 1.17508
1050 525 0.0181691 1.19791
1050 550 0.016169 1.24336
1050 575 0.0147839 1.23245
1050 600 0.0119904 1.26161
1050 625 0.00959549 1.31618
1050 650 0.0072137 1.38906
1075 50 0.0313306 1.08166
1075 75 0.032732 1.08282
1075 100 0.0311533 1.07455
1075 125 0.0314663 1.07569
1075 150 0.031979 1.07727
1075 175 0.0313715 1.08097
1075 200 0.0296437 1.08641
1075 225 0.0302735 1.08176
1075 250 0.0300589 1.08612
1075 275 0.0286669 1.09568
1075 300 0.0289957 1.10244
1075 325 0.0285946 1.09986
1075 350 0.0295163 1.10507
1075 375 0.0280368 1.11225
1075 400 0.0249304 1.11351
1075 425 0.0253623 1.12363
1075 450 0.0248833 1.14942
1075 475 0.0231547 1.13619
1075 500 0.0218975 1.1483
1075 525 0.020459 1.17847
1075 550 0.0184461 1.19626
1075 575 0.0166775 1.23454
1075 600 0.0137786 1.24153
1075 625 0.0123255 1.27865
1075 650 0.00961793 1.3067
1075 675 0.00710956 1.33181
1100 50 0.0311784 1.0727
1100 75 0.0312079 1.07678
1100 100 0.0313421 1.07384
1100 125 0.0322867 1.07505
1100 150 0.031565 1.08289
1100 175 0.03062 1.08079
1100 200 0.0312781 1.0882
1100 225 0.0311164 1.0918
1100 250 0.0303685 1.08855
1100 275 0.0297336 1.08783
1100 300 0.029436 1.09848
1100 325 0.0288354 1.09537
1100 350 0.0292083 1.09991
1100 375 0.0280177 1.10939
1100 400 0.0265159 1.11722
1100 425 0.0266431 1.11231
1100 450 0.0253788 1.13409
1100 475 0.0269511 1.13184
1100 500 0.0244791 1.14385
1100 525 0.0228971 1.16632
1100 550 0.0206746 1.16968
1100 575 0.0182142 1.21177
1100 600 0.0171214 1.20251
1100 625 0.014623 1.2565
1100 650 0.0123804 1.27175
1100 675 0.00967542 1.28849
1100 700 0.00727456 1.33449
1125 50 0.0319268 1.07403
1125 75 0.0314962 1.07545
1125 100 0.030743 1.07892
1125 125 0.0324452 1.07856
1125 150 0.0326585 1.07442
1125 175 0.0318606 1.08141
1125 200 0.0323188 1.08322
1125 225 0.0304845 1.08809
1125 250 0.0310471 1.08334
1125 275 0.030879 1.08446
1125 300 0.0299099 1.08931
1125 325 0.0293624 1.10115
1125 350 0.0292979 1.10037
1125 375 0.0303493 1.09726
1125 400 0.0280759 1.11038
1125 425 0.0279861 1.11685
1125 450 0.0276931 1.11132
1125 475 0.0260209 1.12733
1125 500 0.0237228 1.14577
1125 525 0.0242537 1.16557
1125 550 0.0219309 1.14629
1125 575 0.0206284 1.17085
1125 600 0.0191304 1.1853
1125 625 0.0162043 1.23275
1125 650 0.01415 1.26151
1125 675 0.0122017 1.29594
1125 700 0.00921784 1.27567
1125 725 0.00696423 1.3647
1150 50 0.0327049 1.06967
1150 75 0.0325124 1.07489
1150 100 0.0305906 1.08842
1150 125 0.0322305 1.07951
1150 150 0.0322278 1.08153
1150 175 0.0320759 1.07522
1150 200 0.0310753 1.07771
1150 225 0.0309802 1.07797
1150 250 0.0305145 1.08823
1150 275 0.0317961 1.07379
1150 300 0.0316955 1.07987
1150 325 0.0298769 1.08658
1150 350 0.0310372 1.10164
1150 375 0.0296111 1.09178
1150 400 0.0294369 1.09827
1150 425 0.0285307 1.11105
1150 450 0.0289674 1.10267
1150 475 0.0266154 1.1089
1150 500 0.0266769 1.13124
1150 525 0.0256947 1.13998
1150 550 0.023611 1.13799
1150 575 0.0236162 1.17267
1150 600 0.0210378 1.18164
1150 625 0.019622 1.21145
1150 650 0.0162277 1.224
1150 675 0.0147024 1.24689
1150 700 0.0118935 1.27521
1150 725 0.00944742 1.32271
1150 750 0.00776302 1.31018
1175 50 0.0321301 1.07235
1175 75 0.0326644 1.07328
1175 100 0.0338431 1.07416
1175 125 0.0333142 1.07411
1175 150 0.032522 1.07406
1175 175 0.0323867 1.07147
1175 200 0.0311662 1.07655
1175 225 0.032475 1.08017
1175 250 0.0309217 1.08618
1175 275 0.0318805 1.07666
1175 300 0.0322537 1.07651
1175 325 0.0309179 1.08682
1175 350 0.0311633 1.0984
1175 375 0.0303231 1.09428
1175 400 0.0314244 1.09255
1175 425 0.0295243 1.09276
1175 450 0.0287993 1.09426
1175 475 0.0293509 1.10802
1175 500 0.0274398 1.11982
1175 525 0.0258065 1.12897
1175 550 0.0247919 1.13243
1175 575 0.0238338 1.13715
1175 600 0.0224598 1.1658
1175 625 0.0210606 1.18382
1175 650 0.0179674 1.19403
1175 675 0.0160395 1.213
1175 700 0.0155634 1.2409
1175 725 0.0119126 1.27238
1175 750 0.00864211 1.36706
1175 775 0.00780263 1.32422
1200 50 0.03364 1.0672
1200 75 0.0325543 1.0707
1200 100 0.0327618 1.07393
1200 125 0.032113 1.074
1200 150 0.032151 1.07481
1200 175 0.0336285 1.07432
1200 200 0.0313639 1.07531
1200 225 0.0315844 1.08004
1200 250 0.0323763 1.0769
1200 275 0.0321805 1.08494
1200 300 0.0315519 1.07874
1200 325 0.0313502 1.08698
1200 350 0.0315263 1.08972
1200 375 0.0307152 1.08196
1200 400 0.0302476 1.08198
1200 425 0.0303081 1.09195
1200 450 0.030421 1.10189
1200 475 0.0286884 1.10518
1200 500 0.0279201 1.10669
1200 525 0.0273144 1.11854
1200 550 0.0254902 1.14169
1200 575 0.0244833 1.13096
1200 600 0.0233903 1.14663
1200 625 0.0222097 1.16374
1200 650 0.0212771 1.1692
1200 675 0.0181162 1.18509
1200 700 0.0168141 1.22274
1200 725 0.0147715 1.25596
1200 750 0.0124182 1.25977
1200 775 0.00918269 1.30574
1200 800 0.00746221 1.36452
