450 50 0.0044132 1.31841
475 50 0.00603973 1.29337
475 75 0.00522161 1.32808
500 50 0.00802262 1.28363
500 75 0.00678232 1.29836
500 100 0.00595771 1.30586
525 50 0.00976434 1.26929
525 75 0.00882547 1.31541
525 100 0.00694103 1.32954
525 125 0.00570405 1.34772
550 50 0.0114771 1.24231
550 75 0.0109418 1.26499
550 100 0.00836381 1.34913
550 125 0.00749683 1.30997
550 150 0.00584952 1.31813
575 50 0.0125032 1.22458
575 75 0.0120605 1.25707
575 100 0.0113895 1.22497
575 125 0.00965604 1.25708
575 150 0.0080956 1.28693
575 175 0.0062874 1.36407
600 50 0.0153824 1.18046
600 75 0.0140594 1.215
600 100 0.0124715 1.24831
600 125 0.0121787 1.23348
600 150 0.0097757 1.2472
600 175 0.00814765 1.29329
600 200 0.00722948 1.28713
625 50 0.0174087 1.18958
625 75 0.0167985 1.1839
625 100 0.0147142 1.21596
625 125 0.0138006 1.21928
625 150 0.0119333 1.23775
625 175 0.0104936 1.26877
625 200 0.00817768 1.28101
625 225 0.00678884 1.3687
650 50 0.018232 1.16253
650 75 0.0177642 1.17431
650 100 0.0171678 1.18426
650 125 0.0153611 1.19836
650 150 0.0141947 1.23638
650 175 0.0129517 1.22278
650 200 0.0100126 1.27649
650 225 0.00889896 1.31383
650 250 0.00719037 1.25608
675 50 0.0203604 1.136
675 75 0.0202955 1.17852
675 100 0.0187596 1.18087
675 125 0.0177244 1.18948
675 150 0.0154784 1.2042
675 175 0.0145067 1.20144
675 200 0.0119825 1.22689
675 225 0.0115164 1.24313
675 250 0.00982632 1.27034
675 275 0.00696224 1.33517
700 50 0.0217752 1.1604
700 75 0.0200466 1.1385
700 100 0.0196811 1.16595
700 125 0.0185093 1.19565
700 150 0.0174616 1.1831
700 175 0.0167817 1.19388
700 200 0.0148215 1.21092
700 225 0.0130647 1.21869
700 250 0.01079 1.28255
700 275 0.00857916 1.2831
700 300 0.0074784 1.31002
725 50 0.0236984 1.13748
725 75 0.0219618 1.12143
725 100 0.0223898 1.16086
725 125 0.0200053 1.17131
725 150 0.0193587 1.1548
725 175 0.018065 1.17059
725 200 0.016371 1.21986
725 225 0.0149479 1.21305
725 250 0.0143168 1.21007
725 275 0.0118093 1.23457
725 300 0.00935751 1.26459
725 325 0.00729127 1.29928
750 50 0.0239037 1.1383
750 75 0.0228955 1.10893
750 100 0.0212947 1.14385
750 125 0.0227771 1.12687
750 150 0.0203505 1.15517
750 175 0.0205794 1.15113
750 200 0.0189102 1.19489
750 225 0.0167282 1.17548
750 250 0.0148354 1.20619
750 275 0.0138457 1.24258
750 300 0.0110713 1.23935
750 325 0.00933486 1.28949
750 350 0.0072678 1.30829
775 50 0.0248552 1.10596
775 75 0.0250359 1.11302
775 100 0.0231008 1.11562
775 125 0.0231881 1.13382
775 150 0.0223975 1.14964
775 175 0.0208316 1.15496
775 200 0.019345 1.16153
775 225 0.0193889 1.18069
775 250 0.0178569 1.21649
775 275 0.0144574 1.19744
775 300 0.0139036 1.24147
775 325 0.0114753 1.27138
775 350 0.0100423 1.29351
775 375 0.00812351 1.30592
800 50 0.0263202 1.11189
800 75 0.0252484 1.11661
800 100 0.0254696 1.11042
800 125 0.0257875 1.10913
800 150 0.0237397 1.11045
800 175 0.0219616 1.14653
800 200 0.020789 1.13714
800 225 0.0201204 1.17315
800 250 0.0186504 1.18657
800 275 0.0177313 1.17023
800 300 0.0159454 1.21738
800 325 0.0146691 1.20829
800 350 0.0118849 1.23084
800 375 0.00934787 1.3025
800 400 0.00845965 1.27103
825 50 0.0263707 1.10578
825 75 0.025214 1.09605
825 100 0.0250872 1.09914
825 125 0.0240153 1.1155
825 150 0.0258093 1.10409
825 175 0.023245 1.13547
825 200 0.0219227 1.14726
825 225 0.0218602 1.14449
825 250 0.0212558 1.14268
825 275 0.0186421 1.16385
825 300 0.0177729 1.20972
825 325 0.0157437 1.21932
825 350 0.0152221 1.21936
825 375 0.0116959 1.24681
825 400 0.00965926 1.24848
825 425 0.0073332 1.3517
850 50 0.0279398 1.08253
850 75 0.0279318 1.09076
850 100 0.0256664 1.08366
850 125 0.026674 1.10036
850 150 0.0262184 1.10954
850 175 0.0237059 1.10922
850 200 0.0237407 1.12594
850 225 0.0230581 1.12499
850 250 0.0222229 1.14235
850 275 0.0208966 1.15822
850 300 0.0200273 1.16343
850 325 0.0183188 1.17588
850 350 0.0155818 1.20863
850 375 0.0137287 1.22603
850 400 0.0119545 1.24794
850 425 0.00933752 1.25649
850 450 0.00740386 1.36113
875 50 0.0283896 1.09293
875 75 0.0270151 1.07962
875 100 0.0283859 1.08769
875 125 0.026714 1.09666
875 150 0.026225 1.10034
875 175 0.026638 1.10861
875 200 0.0261952 1.12182
875 225 0.025787 1.12285
875 250 0.0243955 1.15484
875 275 0.0217732 1.15849
875 300 0.0218429 1.12962
875 325 0.0191875 1.17194
875 350 0.0170986 1.19105
875 375 0.0166964 1.20799
875 400 0.0149716 1.23481
875 425 0.011985 1.26255
875 450 0.0103001 1.22667
875 475 0.00732616 1.33318
900 50 0.0294936 1.06691
900 75 0.0283994 1.05978
900 100 0.0290558 1.0795
900 125 0.0279729 1.09707
900 150 0.0273045 1.07853
900 175 0.0267075 1.10794
900 200 0.026672 1.1036
900 225 0.0255844 1.10028
900 250 0.0234339 1.11854
900 275 0.0231643 1.13741
900 300 0.021553 1.12753
900 325 0.022375 1.16094
900 350 0.0192336 1.17198
900 375 0.0184001 1.19274
900 400 0.0158744 1.21313
900 425 0.0150664 1.22584
900 450 0.0121637 1.22412
900 475 0.00999141 1.3071
900 500 0.00717796 1.32115
925 50 0.0299475 1.07494
925 75 0.0304784 1.06455
925 100 0.0278581 1.08124
925 125 0.0285753 1.09011
925 150 0.0276616 1.08436
925 175 0.027035 1.09256
925 200 0.0266484 1.09329
925 225 0.0259468 1.09993
925 250 0.0259597 1.10627
925 275 0.0234676 1.11259
925 300 0.0224373 1.12481
925 325 0.0236818 1.15833
925 350 0.0220151 1.16048
925 375 0.0197433 1.16622
925 400 0.0184169 1.16604
925 425 0.0153257 1.2027
925 450 0.0144044 1.24108
925 475 0.0125451 1.27024
925 500 0.0102426 1.27154
925 525 0.00709831 1.32864
950 50 0.0301299 1.07006
950 75 0.0301706 1.06831
950 100 0.0285716 1.07058
950 125 0.0306642 1.08103
950 150 0.0283736 1.0782
950 175 0.0292251 1.08288
950 200 0.0285801 1.08664
950 225 0.0273059 1.10051
950 250 0.0276276 1.09489
950 275 0.0253925 1.10079
950 300 0.0257726 1.13645
950 325 0.0241253 1.12576
950 350 0.0230524 1.15848
950 375 0.0219201 1.16862
950 400 0.0207015 1.16636
950 425 0.018163 1.1795
950 450 0.0167819 1.21241
950 475 0.0151525 1.22756
950 500 0.012585 1.24375
950 525 0.00953101 1.28285
950 550 0.00806931 1.31408
975 50 0.0306669 1.06477
975 75 0.0305079 1.06146
975 100 0.0288204 1.06551
975 125 0.0290863 1.07828
975 150 0.029398 1.06733
975 175 0.0297283 1.07653
975 200 0.0276879 1.08413
975 225 0.0284091 1.09359
975 250 0.0275988 1.09593
975 275 0.0275017 1.0966
975 300 0.0257218 1.0992
975 325 0.0259822 1.11641
975 350 0.0238461 1.13566
975 375 0.0230708 1.13256
975 400 0.02211 1.14068
975 425 0.0197729 1.19373
975 450 0.0184342 1.16827
975 475 0.0172945 1.19572
975 500 0.0141888 1.24328
975 525 0.0119427 1.22299
975 550 0.00984013 1.33362
975 575 0.00721657 1.29357
1000 50 0.0321684 1.04969
1000 75 0.0303826 1.05375
1000 100 0.0297014 1.06101
1000 125 0.029782 1.0666
1000 150 0.0291256 1.06683
1000 175 0.0303654 1.07214
1000 200 0.0290664 1.08089
1000 225 0.0296676 1.07905
1000 250 0.0292199 1.08344
1000 275 0.027871 1.08892
1000 300 0.0266876 1.09558
1000 325 0.027122 1.10327
1000 350 0.0249334 1.10635
1000 375 0.0245298 1.11917
1000 400 0.0226979 1.13828
1000 425 0.0227094 1.15394
1000 450 0.0203283 1.17674
1000 475 0.0189529 1.1908
1000 500 0.016727 1.22237
1000 525 0.0150318 1.22056
1000 550 0.0126497 1.23255
1000 575 0.0102686 1.30086
1000 600 0.00738019 1.37831
1025 50 0.0305707 1.04727
1025 75 0.0302574 1.04597
1025 100 0.0305825 1.05677
1025 125 0.0304777 1.05768
1025 150 0.0288533 1.06631
1025 175 0.0310025 1.06792
1025 200 0.0304449 1.07794
1025 225 0.0293469 1.07451
1025 250 0.0282719 1.08378
1025 275 0.0296742 1.07525
1025 300 0.0271812 1.08177
1025 325 0.02745 1.10258
1025 350 0.0246745 1.09505
1025 375 0.0258856 1.11796
1025 400 0.0241579 1.13144
1025 425 0.0246781 1.13475
1025 450 0.0216736 1.15402
1025 475 0.0203739 1.15635
1025 500 0.0186674 1.18193
1025 525 0.0160608 1.21995
1025 550 0.0146884 1.2002
1025 575 0.0121655 1.25933
1025 600 0.0099195 1.27048
1025 625 0.00717972 1.34722
1050 50 0.0311377 1.05652
1050 75 0.0322131 1.05279
1050 100 0.03226 1.05194
1050 125 0.0310318 1.05346
1050 150 0.0310511 1.05905
1050 175 0.0309402 1.06096
1050 200 0.029992 1.06217
1050 225 0.0294194 1.07334
1050 250 0.0288602 1.08388
1050 275 0.0289372 1.07654
1050 300 0.0277644 1.08781
1050 325 0.0284809 1.09128
1050 350 0.0276373 1.08449
1050 375 0.0270343 1.10893
1050 400 0.0258788 1.10131
1050 425 0.0240954 1.13601
1050 450 0.0234816 1.13013
1050 475 0.0214361 1.14156
1050 500 0.0208099 1.16369
1050 525 0.0181691 1.18522
1050 550 0.016169 1.23341
1050 575 0.0147839 1.22418
1050 600 0.0119904 1.25157
1050 625 0.00959549 1.3072
1050 650 0.0072137 1.38172
1075 50 0.0313306 1.05323
1075 75 0.032732 1.05869
1075 100 0.0311533 1.04274
1075 125 0.0314663 1.04749
1075 150 0.031979 1.05388
1075 175 0.0313715 1.05651
1075 200 0.0296437 1.05942
1075 225 0.0302735 1.05875
1075 250 0.0300589 1.06371
1075 275 0.0286669 1.07073
1075 300 0.0289957 1.08093
1075 325 0.0285946 1.08112
1075 350 0.0295163 1.08592
1075 375 0.0280368 1.09402
1075 400 0.0249304 1.09426
1075 425 0.0253623 1.10488
1075 450 0.0248833 1.13625
1075 475 0.0231547 1.12103
1075 500 0.0218975 1.13414
1075 525 0.020459 1.16646
1075 550 0.0184462 1.18347
1075 575 0.0166775 1.22456
1075 600 0.0137786 1.23171
1075 625 0.0123255 1.27098
1075 650 0.00961793 1.29642
1075 675 0.00710956 1.3227
1100 50 0.0311784 1.0427
1100 75 0.0312079 1.04775
1100 100 0.0313421 1.04706
1100 125 0.0322867 1.04627
1100 150 0.0315649 1.05742
1100 175 0.03062 1.0491
1100 200 0.0312781 1.06202
1100 225 0.0311164 1.0688
1100 250 0.0303686 1.06703
1100 275 0.0297336 1.06406
1100 300 0.029436 1.07785
1100 325 0.0288354 1.07599
1100 350 0.0292083 1.08257
1100 375 0.0280177 1.08972
1100 400 0.0265159 1.09969
1100 425 0.0266431 1.09325
1100 450 0.0253788 1.11766
1100 475 0.0269511 1.12011
1100 500 0.0244791 1.13041
1100 525 0.0228971 1.15402
1100 550 0.0206746 1.15855
1100 575 0.0182142 1.20009
1100 600 0.0171214 1.19223
1100 625 0.014623 1.24786
1100 650 0.0123804 1.26362
1100 675 0.00967542 1.27919
1100 700 0.00727456 1.32811
1125 50 0.0319268 1.04625
1125 75 0.0314962 1.04942
1125 100 0.030743 1.04335
1125 125 0.0324452 1.0507
1125 150 0.0326585 1.04629
1125 175 0.0318605 1.05264
1125 200 0.0323188 1.05877
1125 225 0.0304844 1.05995
1125 250 0.0310471 1.05647
1125 275 0.030879 1.0596
1125 300 0.0299099 1.06329
1125 325 0.0293625 1.07719
1125 350 0.0292979 1.08022
1125 375 0.0303493 1.08059
1125 400 0.0280759 1.09307
1125 425 0.0279861 1.09752
1125 450 0.0276931 1.09366
1125 475 0.0260209 1.11
1125 500 0.0237228 1.12876
1125 525 0.0242537 1.15204
1125 550 0.0219309 1.13151
1125 575 0.0206284 1.15711
1125 600 0.0191304 1.17279
1125 625 0.0162043 1.22288
1125 650 0.0141501 1.25287
1125 675 0.0122017 1.2889
1125 700 0.00921784 1.26634
1125 725 0.00696423 1.3564
1150 50 0.0327049 1.04097
1150 75 0.0325124 1.04582
1150 100 0.0305905 1.05714
1150 125 0.0322306 1.04669
1150 150 0.0322278 1.05137
1150 175 0.0320759 1.04473
1150 200 0.0310753 1.04717
1150 225 0.0309802 1.04334
1150 250 0.0305145 1.06154
1150 275 0.0317961 1.04693
1150 300 0.0316955 1.05574
1150 325 0.0298769 1.05943
1150 350 0.0310372 1.08324
1150 375 0.0296111 1.06693
1150 400 0.0294369 1.07777
1150 425 0.0285307 1.09242
1150 450 0.0289674 1.0839
1150 475 0.0266154 1.09011
1150 500 0.0266769 1.11649
1150 525 0.0256947 1.12765
1150 550 0.023611 1.12195
1150 575 0.0236162 1.16242
1150 600 0.0210378 1.16964
1150 625 0.019622 1.20399
1150 650 0.0162277 1.21262
1150 675 0.0147023 1.23842
1150 700 0.0118935 1.26732
1150 725 0.00944742 1.31325
1150 750 0.00776302 1.30327
1175 50 0.0321301 1.03627
1175 75 0.0326643 1.03977
1175 100 0.0338431 1.04527
1175 125 0.0333142 1.0445
1175 150 0.032522 1.04393
1175 175 0.0323867 1.04067
1175 200 0.0311662 1.04523
1175 225 0.032475 1.05279
1175 250 0.0309217 1.05906
1175 275 0.0318805 1.05009
1175 300 0.0322537 1.05222
1175 325 0.0309179 1.06197
1175 350 0.0311633 1.07704
1175 375 0.0303231 1.07155
1175 400 0.0314244 1.0718
1175 425 0.0295243 1.07393
1175 450 0.0287993 1.0775
1175 475 0.0293509 1.09095
1175 500 0.0274398 1.10382
1175 525 0.0258065 1.11278
1175 550 0.0247919 1.11742
1175 575 0.0238338 1.12479
1175 600 0.0224598 1.15292
1175 625 0.0210606 1.17167
1175 650 0.0179674 1.18226
1175 675 0.0160395 1.20192
1175 700 0.0155634 1.23197
1175 725 0.0119126 1.26204
1175 750 0.00864211 1.35966
1175 775 0.00780263 1.31726
1200 50 0.03364 1.0345
1200 75 0.0325543 1.03885
1200 100 0.0327618 1.04323
1200 125 0.032113 1.04023
1200 150 0.032151 1.04302
1200 175 0.0336285 1.04525
1200 200 0.0313639 1.04242
1200 225 0.0315844 1.05114
1200 250 0.0323763 1.05275
1200 275 0.0321805 1.05929
1200 300 0.0315519 1.0513
1200 325 0.0313503 1.06141
1200 350 0.0315263 1.06534
1200 375 0.0307152 1.05325
1200 400 0.0302476 1.05655
1200 425 0.0303081 1.0671
1200 450 0.0304211 1.08407
1200 475 0.0286884 1.0847
1200 500 0.0279201 1.08742
1200 525 0.0273144 1.10355
1200 550 0.0254902 1.12613
1200 575 0.0244833 1.11647
1200 600 0.0233903 1.13453
1200 625 0.0222097 1.15098
1200 650 0.0212771 1.15592
1200 675 0.0181162 1.17064
1200 700 0.0168141 1.21353
1200 725 0.0147715 1.2475
1200 750 0.0124182 1.25127
1200 775 0.0091827 1.29574
1200 800 0.00746221 1.35881
