450 50 0.0112776 1.2458
475 50 0.0135124 1.24051
475 75 0.012269 1.25097
500 50 0.0156541 1.23085
500 75 0.0143401 1.22361
500 100 0.012691 1.24884
525 50 0.0183155 1.20769
525 75 0.0165798 1.21164
525 100 0.0134725 1.23828
525 125 0.0121921 1.28372
550 50 0.0198489 1.18491
550 75 0.0191257 1.18947
550 100 0.0160677 1.23317
550 125 0.0143872 1.23279
550 150 0.0122955 1.28727
575 50 0.0211209 1.17446
575 75 0.0199114 1.19544
575 100 0.0185488 1.18638
575 125 0.0165221 1.21774
575 150 0.0148618 1.22217
575 175 0.0127088 1.27611
600 50 0.0232892 1.142
600 75 0.0217815 1.17618
600 100 0.0190071 1.18203
600 125 0.0189483 1.18829
600 150 0.016355 1.20176
600 175 0.0146677 1.23943
600 200 0.0126921 1.26861
625 50 0.0252446 1.15194
625 75 0.0242893 1.14531
625 100 0.02211 1.16891
625 125 0.02072 1.17026
625 150 0.0188847 1.18475
625 175 0.0170183 1.2316
625 200 0.0144446 1.23552
625 225 0.0120739 1.29396
650 50 0.0256538 1.12312
650 75 0.0259287 1.13556
650 100 0.0237966 1.1461
650 125 0.0222573 1.16367
650 150 0.0207117 1.19211
650 175 0.0200432 1.19192
650 200 0.0165938 1.21174
650 225 0.0145798 1.25499
650 250 0.0133604 1.23075
675 50 0.0274357 1.10997
675 75 0.0270355 1.12569
675 100 0.0246672 1.12908
675 125 0.0244589 1.15108
675 150 0.0224276 1.16189
675 175 0.0210598 1.16886
675 200 0.0182629 1.19
675 225 0.0172052 1.20139
675 250 0.0161109 1.22092
675 275 0.0125119 1.27566
700 50 0.0285652 1.1181
700 75 0.026699 1.1063
700 100 0.0263942 1.12492
700 125 0.024788 1.14542
700 150 0.0235822 1.14684
700 175 0.0232943 1.1578
700 200 0.0210707 1.17855
700 225 0.0191421 1.19054
700 250 0.0165949 1.22589
700 275 0.0144356 1.22462
700 300 0.0126607 1.25114
725 50 0.0299921 1.10095
725 75 0.0276171 1.10665
725 100 0.0286068 1.12249
725 125 0.0259523 1.13634
725 150 0.0254492 1.12874
725 175 0.0239089 1.14104
725 200 0.0226407 1.16068
725 225 0.0210637 1.17029
725 250 0.0203483 1.19997
725 275 0.0175125 1.2048
725 300 0.0147259 1.22319
725 325 0.0126133 1.27993
750 50 0.0297746 1.10814
750 75 0.0288688 1.08174
750 100 0.0273207 1.0983
750 125 0.0291429 1.10444
750 150 0.0266791 1.11965
750 175 0.0267161 1.13278
750 200 0.024639 1.15458
750 225 0.0223239 1.1585
750 250 0.0205066 1.1838
750 275 0.0195569 1.19691
750 300 0.016574 1.20674
750 325 0.0156377 1.26226
750 350 0.012431 1.26328
775 50 0.0302586 1.07916
775 75 0.0306592 1.08951
775 100 0.028944 1.08918
775 125 0.028842 1.10128
775 150 0.0283089 1.12378
775 175 0.0262557 1.12955
775 200 0.0250236 1.12679
775 225 0.0251249 1.1428
775 250 0.0241044 1.17611
775 275 0.0199146 1.16464
775 300 0.0196792 1.19158
775 325 0.0175967 1.23984
775 350 0.0150806 1.22777
775 375 0.0136717 1.27887
800 50 0.032354 1.09258
800 75 0.0302286 1.08949
800 100 0.0311089 1.08049
800 125 0.0308189 1.0883
800 150 0.0294312 1.0878
800 175 0.0275197 1.11434
800 200 0.0260893 1.10283
800 225 0.0259564 1.14343
800 250 0.0244253 1.16433
800 275 0.0228312 1.14528
800 300 0.0219522 1.17972
800 325 0.019737 1.17895
800 350 0.0176265 1.2035
800 375 0.0148039 1.24145
800 400 0.0131169 1.275
825 50 0.0317841 1.06839
825 75 0.03041 1.07236
825 100 0.0300158 1.06683
825 125 0.0289482 1.09121
825 150 0.0312957 1.09515
825 175 0.0282841 1.11474
825 200 0.0273815 1.12234
825 225 0.0274445 1.11605
825 250 0.0262382 1.13155
825 275 0.0239185 1.13145
825 300 0.0231164 1.17403
825 325 0.0211047 1.18645
825 350 0.0204172 1.18696
825 375 0.0166518 1.21555
825 400 0.0143834 1.22517
825 425 0.0119523 1.3025
850 50 0.0332287 1.06777
850 75 0.0332185 1.07088
850 100 0.0308336 1.07791
850 125 0.0314986 1.08673
850 150 0.0305114 1.08609
850 175 0.0282526 1.09262
850 200 0.0288224 1.11201
850 225 0.0279715 1.09583
850 250 0.0266831 1.10956
850 275 0.0257045 1.13508
850 300 0.0253861 1.14301
850 325 0.0233277 1.1412
850 350 0.0206539 1.16183
850 375 0.0191204 1.18861
850 400 0.0172325 1.20948
850 425 0.0144314 1.23632
850 450 0.0130881 1.27711
875 50 0.0327393 1.06158
875 75 0.0322864 1.06929
875 100 0.0330525 1.06256
875 125 0.031461 1.07425
875 150 0.0310934 1.07502
875 175 0.0314309 1.07958
875 200 0.0311285 1.09214
875 225 0.0304892 1.10598
875 250 0.0289787 1.12599
875 275 0.0264306 1.13483
875 300 0.0268749 1.11101
875 325 0.0244704 1.14314
875 350 0.0226538 1.17534
875 375 0.0217392 1.17232
875 400 0.0200311 1.21131
875 425 0.0166733 1.254
875 450 0.0150466 1.205
875 475 0.0122946 1.28349
900 50 0.0340698 1.049
900 75 0.0330705 1.0484
900 100 0.033631 1.06683
900 125 0.0320469 1.07741
900 150 0.0319615 1.06539
900 175 0.0314085 1.08681
900 200 0.0310404 1.07366
900 225 0.0300678 1.08723
900 250 0.0279391 1.09746
900 275 0.0274677 1.11132
900 300 0.02655 1.10919
900 325 0.0276036 1.13357
900 350 0.0244454 1.13753
900 375 0.0234973 1.15677
900 400 0.0214018 1.1963
900 425 0.0192756 1.19778
900 450 0.0168224 1.20463
900 475 0.0147111 1.23782
900 500 0.0117653 1.29365
925 50 0.0343016 1.04902
925 75 0.0347093 1.05052
925 100 0.0323786 1.06636
925 125 0.0331826 1.0661
925 150 0.0322001 1.06147
925 175 0.0315429 1.07437
925 200 0.0308024 1.07601
925 225 0.0300711 1.0809
925 250 0.0299909 1.0786
925 275 0.0278083 1.0984
925 300 0.0272704 1.09823
925 325 0.0281879 1.12365
925 350 0.0266933 1.13709
925 375 0.0242122 1.13303
925 400 0.022849 1.14349
925 425 0.0197938 1.16625
925 450 0.0191493 1.20891
925 475 0.017609 1.23926
925 500 0.0146532 1.24949
925 525 0.0116815 1.29315
950 50 0.0340598 1.05063
950 75 0.0344681 1.04614
950 100 0.032552 1.04864
950 125 0.034393 1.0547
950 150 0.0323006 1.05596
950 175 0.0332604 1.06481
950 200 0.0330952 1.06546
950 225 0.0314843 1.07162
950 250 0.0314736 1.07769
950 275 0.0304046 1.08172
950 300 0.0307556 1.12222
950 325 0.0289853 1.10802
950 350 0.0273442 1.13043
950 375 0.0261967 1.13887
950 400 0.0251297 1.13807
950 425 0.0228716 1.15705
950 450 0.021615 1.1735
950 475 0.0197805 1.19715
950 500 0.017634 1.22656
950 525 0.0139572 1.25618
950 550 0.0129427 1.28124
975 50 0.0347686 1.04086
975 75 0.035012 1.04583
975 100 0.0325848 1.04978
975 125 0.0329804 1.06056
975 150 0.0336538 1.05783
975 175 0.0340222 1.05614
975 200 0.0318554 1.07471
975 225 0.0328504 1.06891
975 250 0.0320709 1.06963
975 275 0.0314342 1.07243
975 300 0.0299739 1.08678
975 325 0.0307542 1.10485
975 350 0.0283627 1.1208
975 375 0.0277469 1.11648
975 400 0.0264365 1.12985
975 425 0.0237127 1.17947
975 450 0.0234241 1.15057
975 475 0.0216631 1.17288
975 500 0.0186681 1.20128
975 525 0.01621 1.22176
975 550 0.0146601 1.2927
975 575 0.0118645 1.28172
1000 50 0.0358475 1.04515
1000 75 0.0342085 1.03985
1000 100 0.0332145 1.04528
1000 125 0.0335055 1.05289
1000 150 0.033004 1.05528
1000 175 0.0342456 1.05377
1000 200 0.0328701 1.06721
1000 225 0.0333279 1.06189
1000 250 0.0334902 1.06878
1000 275 0.031549 1.07457
1000 300 0.0304503 1.08196
1000 325 0.031642 1.08576
1000 350 0.0289577 1.08979
1000 375 0.0289447 1.09955
1000 400 0.0273549 1.11898
1000 425 0.0272686 1.13824
1000 450 0.0250745 1.15239
1000 475 0.0237383 1.16347
1000 500 0.0215027 1.18138
1000 525 0.0194445 1.20726
1000 550 0.0176118 1.21225
1000 575 0.0150057 1.25388
1000 600 0.0113485 1.33401
1025 50 0.0345296 1.04031
1025 75 0.033405 1.03358
1025 100 0.0338443 1.04096
1025 125 0.0340307 1.04694
1025 150 0.0323543 1.05262
1025 175 0.0344691 1.05143
1025 200 0.0338849 1.06016
1025 225 0.0330552 1.05723
1025 250 0.0317524 1.06656
1025 275 0.0335277 1.06853
1025 300 0.0314736 1.07296
1025 325 0.0309904 1.07616
1025 350 0.0288163 1.09295
1025 375 0.0303761 1.09641
1025 400 0.0281305 1.10434
1025 425 0.0286804 1.10908
1025 450 0.0261951 1.13097
1025 475 0.0247169 1.1396
1025 500 0.0230155 1.15433
1025 525 0.020867 1.19763
1025 550 0.0195775 1.17848
1025 575 0.0167993 1.232
1025 600 0.0145802 1.25462
1025 625 0.0115816 1.2757
1050 50 0.0342977 1.03909
1050 75 0.0353542 1.04305
1050 100 0.0356996 1.03477
1050 125 0.034792 1.04909
1050 150 0.03463 1.04479
1050 175 0.0346185 1.04619
1050 200 0.0335097 1.04926
1050 225 0.0331134 1.06309
1050 250 0.0322008 1.0662
1050 275 0.0326922 1.05851
1050 300 0.0318443 1.06543
1050 325 0.032105 1.07064
1050 350 0.0313141 1.06927
1050 375 0.0310232 1.09594
1050 400 0.0304569 1.08454
1050 425 0.0281013 1.11557
1050 450 0.0280718 1.10815
1050 475 0.0262006 1.12098
1050 500 0.0256144 1.14705
1050 525 0.0227154 1.16266
1050 550 0.0211236 1.19931
1050 575 0.0193564 1.20305
1050 600 0.0164655 1.23058
1050 625 0.0138869 1.26783
1050 650 0.0118261 1.32716
1075 50 0.0350432 1.0393
1075 75 0.0359432 1.04063
1075 100 0.0344261 1.03492
1075 125 0.0346441 1.03321
1075 150 0.0351169 1.0428
1075 175 0.0350037 1.04095
1075 200 0.0335001 1.04949
1075 225 0.0333977 1.04772
1075 250 0.0336763 1.04846
1075 275 0.0322131 1.05784
1075 300 0.0322322 1.06618
1075 325 0.0324449 1.06856
1075 350 0.0331323 1.07096
1075 375 0.0318468 1.07914
1075 400 0.0285463 1.07782
1075 425 0.0293969 1.09413
1075 450 0.0292376 1.11579
1075 475 0.0270711 1.11081
1075 500 0.0261996 1.12072
1075 525 0.0248605 1.13307
1075 550 0.0227811 1.16667
1075 575 0.0215389 1.20128
1075 600 0.0187964 1.20552
1075 625 0.0168017 1.2299
1075 650 0.0142845 1.25112
1075 675 0.0112912 1.27831
1100 50 0.034076 1.02834
1100 75 0.0344749 1.02799
1100 100 0.0345336 1.03591
1100 125 0.0354138 1.03699
1100 150 0.0348529 1.04355
1100 175 0.0336004 1.03904
1100 200 0.0345023 1.04796
1100 225 0.0343211 1.04718
1100 250 0.033582 1.0568
1100 275 0.0328952 1.05479
1100 300 0.0329672 1.06616
1100 325 0.0322144 1.06656
1100 350 0.0329729 1.07227
1100 375 0.0313824 1.07204
1100 400 0.03098 1.07898
1100 425 0.0307552 1.09193
1100 450 0.0292495 1.0958
1100 475 0.0304652 1.10222
1100 500 0.0280406 1.1126
1100 525 0.0271585 1.13938
1100 550 0.025234 1.1456
1100 575 0.0227253 1.18251
1100 600 0.0218371 1.17072
1100 625 0.0190317 1.21925
1100 650 0.017062 1.2549
1100 675 0.0141418 1.24975
1100 700 0.0114755 1.29359
1125 50 0.0346524 1.03324
1125 75 0.0343648 1.02902
1125 100 0.0337791 1.02813
1125 125 0.035606 1.03627
1125 150 0.0359972 1.03394
1125 175 0.0350202 1.03855
1125 200 0.0353064 1.04867
1125 225 0.0337897 1.04341
1125 250 0.0339696 1.0467
1125 275 0.0338226 1.05275
1125 300 0.0333143 1.055
1125 325 0.0327327 1.05971
1125 350 0.0326868 1.06245
1125 375 0.0338883 1.06464
1125 400 0.0321211 1.08147
1125 425 0.0314465 1.07887
1125 450 0.0312738 1.08005
1125 475 0.0298745 1.09836
1125 500 0.0270503 1.10658
1125 525 0.0282272 1.12891
1125 550 0.0259685 1.11316
1125 575 0.0248706 1.14366
1125 600 0.0234038 1.16058
1125 625 0.0206197 1.1979
1125 650 0.0182913 1.21983
1125 675 0.0165372 1.26403
1125 700 0.0134952 1.24048
1125 725 0.0111541 1.32893
1150 50 0.0357895 1.02874
1150 75 0.0353186 1.03468
1150 100 0.0334565 1.04237
1150 125 0.0349445 1.03693
1150 150 0.035209 1.03582
1150 175 0.0350066 1.03271
1150 200 0.033956 1.03946
1150 225 0.0336591 1.03992
1150 250 0.034006 1.04507
1150 275 0.0352586 1.04188
1150 300 0.0350275 1.04462
1150 325 0.0325581 1.05028
1150 350 0.034313 1.06258
1150 375 0.033081 1.05442
1150 400 0.0326049 1.07187
1150 425 0.0317673 1.07895
1150 450 0.0324326 1.06873
1150 475 0.0299316 1.06812
1150 500 0.0299798 1.09535
1150 525 0.029567 1.11254
1150 550 0.0279351 1.11791
1150 575 0.0278865 1.13232
1150 600 0.0248872 1.14711
1150 625 0.024272 1.16855
1150 650 0.0209662 1.19775
1150 675 0.0188853 1.20484
1150 700 0.0162844 1.23923
1150 725 0.0142383 1.2588
1150 750 0.0119468 1.2994
1175 50 0.0348036 1.02305
1175 75 0.0355478 1.02617
1175 100 0.0364972 1.02892
1175 125 0.0361716 1.038
1175 150 0.0353119 1.0352
1175 175 0.0351292 1.03493
1175 200 0.0336645 1.04032
1175 225 0.0352528 1.04273
1175 250 0.0336767 1.04477
1175 275 0.0346283 1.04023
1175 300 0.0352034 1.04804
1175 325 0.0338663 1.05334
1175 350 0.0346183 1.06366
1175 375 0.0334546 1.05715
1175 400 0.0342914 1.05828
1175 425 0.0330268 1.06219
1175 450 0.0316985 1.0758
1175 475 0.032921 1.07193
1175 500 0.0308072 1.09018
1175 525 0.0298539 1.09992
1175 550 0.0290376 1.09503
1175 575 0.0270779 1.1091
1175 600 0.026089 1.12847
1175 625 0.0254993 1.15704
1175 650 0.0221339 1.16595
1175 675 0.0202301 1.18611
1175 700 0.0194551 1.20426
1175 725 0.0163195 1.24708
1175 750 0.0128993 1.30033
1175 775 0.0118311 1.30167
1200 50 0.0363883 1.02551
1200 75 0.0353086 1.0278
1200 100 0.0350972 1.02951
1200 125 0.0346666 1.03366
1200 150 0.0347613 1.03383
1200 175 0.0363538 1.03484
1200 200 0.0338965 1.03297
1200 225 0.0342076 1.03779
1200 250 0.034814 1.03357
1200 275 0.0350119 1.0466
1200 300 0.0344919 1.03591
1200 325 0.0343758 1.04666
1200 350 0.0338532 1.05242
1200 375 0.0337445 1.04476
1200 400 0.0332588 1.04527
1200 425 0.0333248 1.05533
1200 450 0.0332701 1.06721
1200 475 0.032147 1.07649
1200 500 0.031725 1.07157
1200 525 0.0311082 1.08864
1200 550 0.029079 1.10612
1200 575 0.0284354 1.09954
1200 600 0.0277095 1.11596
1200 625 0.0259911 1.13515
1200 650 0.0255934 1.13389
1200 675 0.0222523 1.15853
1200 700 0.0211606 1.18967
1200 725 0.0193602 1.2132
1200 750 0.0167208 1.23886
1200 775 0.0135945 1.2813
1200 800 0.0114084 1.34089
