450 50 0.0111876 1.25112
475 50 0.013292 1.24635
475 75 0.012084 1.25513
500 50 0.0154896 1.23582
500 75 0.0141486 1.22818
500 100 0.0124461 1.25362
525 50 0.0180247 1.2136
525 75 0.0163488 1.21661
525 100 0.0131769 1.24404
525 125 0.0120037 1.28835
550 50 0.0194859 1.19036
550 75 0.0187884 1.19489
550 100 0.015825 1.23865
550 125 0.0142324 1.23844
550 150 0.0121075 1.29242
575 50 0.0208797 1.18087
575 75 0.0195846 1.20011
575 100 0.0182048 1.19208
575 125 0.0163014 1.22343
575 150 0.0146324 1.22692
575 175 0.0124741 1.2801
600 50 0.0229553 1.14773
600 75 0.0214673 1.1825
600 100 0.0186979 1.18853
600 125 0.0186478 1.19373
600 150 0.0162054 1.20779
600 175 0.014435 1.24463
600 200 0.012533 1.27334
625 50 0.0249705 1.15859
625 75 0.0238924 1.15272
625 100 0.021841 1.17519
625 125 0.0203803 1.17589
625 150 0.0186475 1.19036
625 175 0.0168399 1.23655
625 200 0.0141691 1.24096
625 225 0.0119398 1.29808
650 50 0.0252822 1.13111
650 75 0.0254441 1.14222
650 100 0.0234456 1.15324
650 125 0.0219193 1.16975
650 150 0.0203892 1.1973
650 175 0.0198611 1.19664
650 200 0.0162615 1.21748
650 225 0.0142832 1.25977
650 250 0.0131746 1.23478
675 50 0.0270407 1.11843
675 75 0.0267533 1.13165
675 100 0.0243708 1.13782
675 125 0.0241172 1.15741
675 150 0.0221416 1.16765
675 175 0.0208342 1.17593
675 200 0.0179594 1.19579
675 225 0.017033 1.20644
675 250 0.0158347 1.22628
675 275 0.0122723 1.27973
700 50 0.0282338 1.12672
700 75 0.0264055 1.11574
700 100 0.0259621 1.13246
700 125 0.0245506 1.15282
700 150 0.0233598 1.15477
700 175 0.023008 1.16391
700 200 0.0207258 1.18348
700 225 0.01882 1.19521
700 250 0.0162499 1.23047
700 275 0.0142099 1.22961
700 300 0.012454 1.25616
725 50 0.0297173 1.11019
725 75 0.0272561 1.1158
725 100 0.028224 1.13009
725 125 0.0255577 1.14336
725 150 0.0251478 1.13621
725 175 0.0236644 1.14762
725 200 0.0224862 1.16654
725 225 0.0206983 1.17596
725 250 0.0200799 1.20436
725 275 0.0172415 1.20942
725 300 0.0145373 1.22825
725 325 0.012415 1.28377
750 50 0.0294703 1.11697
750 75 0.0285426 1.09232
750 100 0.0268847 1.10799
750 125 0.0287329 1.11195
750 150 0.0263299 1.12683
750 175 0.0264373 1.13915
750 200 0.0243042 1.16015
750 225 0.0220007 1.16428
750 250 0.0201944 1.19015
750 275 0.0192464 1.20253
750 300 0.0163238 1.21259
750 325 0.0152946 1.26626
750 350 0.0122625 1.26779
775 50 0.0298997 1.09145
775 75 0.0303841 1.0996
775 100 0.0287708 1.10098
775 125 0.0285718 1.11029
775 150 0.0278089 1.13091
775 175 0.0258142 1.13869
775 200 0.0246316 1.13553
775 225 0.0249566 1.14929
775 250 0.0238618 1.18191
775 275 0.0195542 1.17123
775 300 0.0195086 1.19637
775 325 0.0173123 1.24429
775 350 0.0148919 1.2319
775 375 0.0134508 1.28258
800 50 0.0320086 1.1027
800 75 0.0297798 1.10029
800 100 0.0306875 1.09169
800 125 0.0303758 1.09852
800 150 0.0291758 1.09837
800 175 0.0271317 1.12311
800 200 0.0257909 1.11138
800 225 0.0256318 1.1497
800 250 0.0239871 1.17081
800 275 0.0225539 1.15232
800 300 0.0216929 1.18382
800 325 0.0193257 1.1853
800 350 0.0172817 1.20852
800 375 0.0145622 1.24558
800 400 0.0128182 1.27931
825 50 0.0313267 1.08171
825 75 0.0300923 1.08477
825 100 0.0296305 1.08172
825 125 0.0287321 1.10201
825 150 0.0310747 1.10346
825 175 0.0280134 1.12256
825 200 0.0271197 1.12961
825 225 0.0270998 1.12478
825 250 0.0258275 1.13752
825 275 0.0235921 1.13868
825 300 0.0227406 1.17942
825 325 0.0208659 1.19192
825 350 0.0201124 1.19233
825 375 0.0160827 1.22104
825 400 0.0141775 1.23029
825 425 0.0117277 1.30703
850 50 0.0328285 1.08128
850 75 0.0327116 1.08317
850 100 0.0304523 1.08946
850 125 0.0311159 1.09746
850 150 0.0300783 1.09717
850 175 0.0278674 1.10355
850 200 0.0285026 1.12096
850 225 0.0277256 1.10483
850 250 0.0263287 1.11816
850 275 0.0255536 1.14265
850 300 0.0249671 1.14953
850 325 0.0231194 1.14857
850 350 0.0203465 1.16864
850 375 0.0187464 1.19431
850 400 0.0170472 1.21475
850 425 0.0141351 1.24148
850 450 0.0129048 1.28017
875 50 0.0324141 1.07634
875 75 0.0318316 1.08248
875 100 0.0326838 1.07615
875 125 0.0310301 1.08522
875 150 0.0308394 1.0868
875 175 0.0310534 1.09039
875 200 0.03075 1.1017
875 225 0.0301286 1.11467
875 250 0.0286872 1.13262
875 275 0.0260138 1.14237
875 300 0.0265017 1.11862
875 325 0.02411 1.15051
875 350 0.0223647 1.18228
875 375 0.0214247 1.17781
875 400 0.0197667 1.21522
875 425 0.0165034 1.25814
875 450 0.0148431 1.21005
875 475 0.0121086 1.28686
900 50 0.0336686 1.06519
900 75 0.0327531 1.06575
900 100 0.0332819 1.07924
900 125 0.0316617 1.08828
900 150 0.0314762 1.07944
900 175 0.030977 1.09812
900 200 0.0306425 1.08627
900 225 0.0295627 1.09768
900 250 0.0276337 1.10713
900 275 0.0271035 1.12103
900 300 0.0261962 1.11731
900 325 0.0273816 1.14065
900 350 0.024114 1.14443
900 375 0.0232371 1.16288
900 400 0.0210227 1.20114
900 425 0.0190594 1.20255
900 450 0.0166717 1.20994
900 475 0.0144452 1.24305
900 500 0.0116486 1.29772
925 50 0.0339277 1.06614
925 75 0.0342507 1.06797
925 100 0.0320242 1.08127
925 125 0.0327487 1.07951
925 150 0.0318395 1.0746
925 175 0.0312649 1.08641
925 200 0.0305569 1.08852
925 225 0.0297677 1.09355
925 250 0.0298355 1.08941
925 275 0.0274453 1.10873
925 300 0.0268344 1.10801
925 325 0.0278105 1.13134
925 350 0.0262956 1.1439
925 375 0.023923 1.14063
925 400 0.0226054 1.14968
925 425 0.0195358 1.17276
925 450 0.0189303 1.21448
925 475 0.0173448 1.24298
925 500 0.014345 1.25376
925 525 0.0114084 1.29723
950 50 0.0336619 1.06808
950 75 0.034123 1.06385
950 100 0.0321146 1.06781
950 125 0.033928 1.0704
950 150 0.0319711 1.07233
950 175 0.0328473 1.07931
950 200 0.0328714 1.07834
950 225 0.0312621 1.08579
950 250 0.0309154 1.08991
950 275 0.0300072 1.09472
950 300 0.0304209 1.12929
950 325 0.0285814 1.11616
950 350 0.0269472 1.13814
950 375 0.025819 1.14586
950 400 0.0248321 1.14449
950 425 0.0225413 1.16398
950 450 0.021244 1.17941
950 475 0.0194683 1.20289
950 500 0.0173971 1.23179
950 525 0.0137918 1.26146
950 550 0.0127541 1.28515
975 50 0.0343138 1.05847
975 75 0.0347286 1.06481
975 100 0.0322937 1.06874
975 125 0.0326777 1.07835
975 150 0.0332363 1.07472
975 175 0.0336846 1.07058
975 200 0.0313718 1.08675
975 225 0.0326262 1.08032
975 250 0.0316517 1.08266
975 275 0.0311013 1.0837
975 300 0.0297567 1.09714
975 325 0.0303789 1.11391
975 350 0.0280607 1.13009
975 375 0.0274273 1.12423
975 400 0.0260345 1.13709
975 425 0.0234875 1.18469
975 450 0.0231545 1.15711
975 475 0.0214389 1.17806
975 500 0.0184988 1.20615
975 525 0.0159687 1.22594
975 550 0.014425 1.29592
975 575 0.0116348 1.28545
1000 50 0.0354801 1.06192
1000 75 0.0338349 1.06082
1000 100 0.0328699 1.06477
1000 125 0.0330868 1.07184
1000 150 0.0326564 1.07235
1000 175 0.0338588 1.06853
1000 200 0.0323686 1.08018
1000 225 0.0329453 1.07616
1000 250 0.0330289 1.08131
1000 275 0.0309056 1.08809
1000 300 0.0300594 1.0931
1000 325 0.0313829 1.09477
1000 350 0.0286897 1.10097
1000 375 0.0286067 1.10924
1000 400 0.0270322 1.12815
1000 425 0.0269702 1.14383
1000 450 0.0246625 1.15956
1000 475 0.023535 1.16935
1000 500 0.0212415 1.18651
1000 525 0.0192435 1.21269
1000 550 0.0173132 1.21742
1000 575 0.0148013 1.25775
1000 600 0.0110233 1.3379
1025 50 0.0341043 1.05932
1025 75 0.0329411 1.05701
1025 100 0.0334461 1.06104
1025 125 0.0334959 1.06682
1025 150 0.0320765 1.06991
1025 175 0.034033 1.06653
1025 200 0.0333654 1.07415
1025 225 0.0327574 1.07238
1025 250 0.0313271 1.0801
1025 275 0.0331576 1.08066
1025 300 0.0311251 1.08432
1025 325 0.0306875 1.08681
1025 350 0.0286059 1.10471
1025 375 0.0299936 1.10577
1025 400 0.0278525 1.11393
1025 425 0.0283253 1.11666
1025 450 0.025873 1.13741
1025 475 0.0243733 1.14631
1025 500 0.0226809 1.16051
1025 525 0.0206853 1.20295
1025 550 0.0191283 1.18487
1025 575 0.0165023 1.23627
1025 600 0.0143569 1.25846
1025 625 0.0114163 1.28007
1050 50 0.033793 1.0606
1050 75 0.0350017 1.06229
1050 100 0.0352862 1.05843
1050 125 0.0344768 1.06573
1050 150 0.0343298 1.06403
1050 175 0.0341172 1.06473
1050 200 0.0332794 1.06672
1050 225 0.0328365 1.07833
1050 250 0.0318418 1.07963
1050 275 0.0322617 1.07323
1050 300 0.0313826 1.07936
1050 325 0.0317061 1.08491
1050 350 0.0308725 1.08033
1050 375 0.0306049 1.10582
1050 400 0.0301254 1.09424
1050 425 0.0278057 1.12334
1050 450 0.0278354 1.11686
1050 475 0.0258736 1.1283
1050 500 0.0252202 1.15366
1050 525 0.0222577 1.16954
1050 550 0.0208591 1.20502
1050 575 0.0190178 1.20726
1050 600 0.0161629 1.23604
1050 625 0.0137 1.27165
1050 650 0.0116747 1.33021
1075 50 0.0345508 1.06043
1075 75 0.0355951 1.05981
1075 100 0.0340625 1.05706
1075 125 0.034218 1.05481
1075 150 0.0347525 1.05974
1075 175 0.0346134 1.05997
1075 200 0.0329739 1.0681
1075 225 0.032938 1.06374
1075 250 0.0332701 1.06475
1075 275 0.0319906 1.07264
1075 300 0.0318861 1.08085
1075 325 0.0322177 1.08084
1075 350 0.0327716 1.08247
1075 375 0.0314194 1.09098
1075 400 0.0281291 1.08922
1075 425 0.0289193 1.10415
1075 450 0.028836 1.12348
1075 475 0.0267267 1.12001
1075 500 0.0258554 1.12919
1075 525 0.0245156 1.14089
1075 550 0.0224852 1.17344
1075 575 0.0211158 1.20648
1075 600 0.0185823 1.20993
1075 625 0.0165848 1.23413
1075 650 0.0139905 1.2554
1075 675 0.0110752 1.28248
1100 50 0.0337559 1.05244
1100 75 0.0341505 1.05299
1100 100 0.0342676 1.05612
1100 125 0.0352002 1.05768
1100 150 0.0345575 1.06142
1100 175 0.0332867 1.0603
1100 200 0.0341595 1.06713
1100 225 0.0339955 1.06568
1100 250 0.0331771 1.07059
1100 275 0.0325708 1.06994
1100 300 0.0325287 1.07992
1100 325 0.031862 1.07938
1100 350 0.0326397 1.08312
1100 375 0.03097 1.08573
1100 400 0.0307542 1.08976
1100 425 0.03027 1.10377
1100 450 0.0289807 1.10697
1100 475 0.0301328 1.11008
1100 500 0.0276702 1.12132
1100 525 0.0267785 1.14578
1100 550 0.0249629 1.15215
1100 575 0.0224702 1.18844
1100 600 0.0216518 1.17637
1100 625 0.0186454 1.22384
1100 650 0.0168338 1.25823
1100 675 0.01388 1.25359
1100 700 0.0113019 1.2972
1125 50 0.0343015 1.05508
1125 75 0.0340317 1.05224
1125 100 0.0334612 1.05692
1125 125 0.0352728 1.05719
1125 150 0.0357027 1.05476
1125 175 0.0346578 1.05986
1125 200 0.0349196 1.06534
1125 225 0.0335511 1.06396
1125 250 0.0337257 1.06532
1125 275 0.0335954 1.06816
1125 300 0.0328498 1.072
1125 325 0.0324615 1.07623
1125 350 0.0324448 1.07725
1125 375 0.0334553 1.07628
1125 400 0.0317436 1.09245
1125 425 0.0310858 1.09234
1125 450 0.0307886 1.09066
1125 475 0.0296648 1.10813
1125 500 0.0265354 1.11732
1125 525 0.0279094 1.13705
1125 550 0.0255874 1.1218
1125 575 0.0246317 1.15043
1125 600 0.0230656 1.16716
1125 625 0.0202631 1.20384
1125 650 0.0179346 1.22397
1125 675 0.0163895 1.26737
1125 700 0.0132796 1.2451
1125 725 0.0109148 1.33247
1150 50 0.0354255 1.0506
1150 75 0.0348763 1.05622
1150 100 0.0331374 1.06661
1150 125 0.0346087 1.06145
1150 150 0.0347747 1.05894
1150 175 0.0346499 1.05456
1150 200 0.0337436 1.06052
1150 225 0.033212 1.06328
1150 250 0.0336705 1.06422
1150 275 0.0347372 1.06051
1150 300 0.034688 1.06175
1150 325 0.0322841 1.06839
1150 350 0.0339855 1.07553
1150 375 0.0327324 1.07082
1150 400 0.032224 1.08539
1150 425 0.0311707 1.09185
1150 450 0.0319692 1.08159
1150 475 0.0295127 1.08173
1150 500 0.0296254 1.10522
1150 525 0.0292501 1.11937
1150 550 0.0276142 1.12612
1150 575 0.027644 1.13865
1150 600 0.0244814 1.15437
1150 625 0.0239567 1.17318
1150 650 0.0204958 1.20277
1150 675 0.0185709 1.2098
1150 700 0.0160108 1.24327
1150 725 0.0138707 1.26263
1150 750 0.0118441 1.30285
1175 50 0.034455 1.05355
1175 75 0.0351948 1.05526
1175 100 0.0360967 1.05352
1175 125 0.035596 1.05788
1175 150 0.0348685 1.05652
1175 175 0.0348014 1.05643
1175 200 0.033282 1.06141
1175 225 0.0348865 1.06127
1175 250 0.0333364 1.0649
1175 275 0.0342388 1.0598
1175 300 0.0349986 1.06444
1175 325 0.033514 1.06885
1175 350 0.0341692 1.07873
1175 375 0.0329824 1.07452
1175 400 0.0338246 1.07333
1175 425 0.0326312 1.0743
1175 450 0.0313906 1.08515
1175 475 0.0323931 1.08457
1175 500 0.0304651 1.09984
1175 525 0.0295358 1.10943
1175 550 0.0286227 1.10472
1175 575 0.0266994 1.11724
1175 600 0.0257969 1.13608
1175 625 0.0250175 1.16354
1175 650 0.0217928 1.17178
1175 675 0.0200753 1.19168
1175 700 0.0191849 1.2088
1175 725 0.0160698 1.25083
1175 750 0.0125456 1.30364
1175 775 0.0116689 1.30501
1200 50 0.0360385 1.04937
1200 75 0.034915 1.05336
1200 100 0.0345864 1.05294
1200 125 0.0342741 1.05751
1200 150 0.034382 1.05618
1200 175 0.0359756 1.05634
1200 200 0.0335365 1.057
1200 225 0.0338315 1.05936
1200 250 0.0343222 1.05496
1200 275 0.034748 1.06461
1200 300 0.0340405 1.0569
1200 325 0.0339733 1.06477
1200 350 0.0334033 1.07022
1200 375 0.0333851 1.06418
1200 400 0.0328082 1.06302
1200 425 0.0328273 1.07082
1200 450 0.032906 1.0799
1200 475 0.0317602 1.08835
1200 500 0.0313042 1.08412
1200 525 0.0307117 1.0988
1200 550 0.0286798 1.11543
1200 575 0.0280475 1.10808
1200 600 0.0274587 1.12325
1200 625 0.0256062 1.14265
1200 650 0.0251978 1.14081
1200 675 0.021932 1.16581
1200 700 0.0208719 1.19444
1200 725 0.019119 1.21725
1200 750 0.016471 1.24291
1200 775 0.0134375 1.28534
1200 800 0.0113229 1.34359
