450 50 0.0112776 1.25571
475 50 0.0135124 1.25174
475 75 0.012269 1.25987
500 50 0.0156541 1.24194
500 75 0.0143401 1.2331
500 100 0.012691 1.25979
525 50 0.0183155 1.21859
525 75 0.0165798 1.22221
525 100 0.0134725 1.2512
525 125 0.0121921 1.2936
550 50 0.0198489 1.19631
550 75 0.0191257 1.20063
550 100 0.0160677 1.24312
550 125 0.0143872 1.24386
550 150 0.0122955 1.29839
575 50 0.0211209 1.18664
575 75 0.0199114 1.20497
575 100 0.0185488 1.19811
575 125 0.0165221 1.2286
575 150 0.0148618 1.23208
575 175 0.0127088 1.28361
600 50 0.0232892 1.15449
600 75 0.0217815 1.18828
600 100 0.0190071 1.19489
600 125 0.0189483 1.19962
600 150 0.016355 1.21253
600 175 0.0146677 1.2501
600 200 0.0126921 1.27781
625 50 0.0252446 1.16495
625 75 0.0242893 1.1594
625 100 0.02211 1.18136
625 125 0.02072 1.18222
625 150 0.0188847 1.19635
625 175 0.0170183 1.2415
625 200 0.0144446 1.24688
625 225 0.0120739 1.30236
650 50 0.0256538 1.13758
650 75 0.0259287 1.14908
650 100 0.0237966 1.15994
650 125 0.0222573 1.17594
650 150 0.0207117 1.20194
650 175 0.0200432 1.20198
650 200 0.0165938 1.22391
650 225 0.0145798 1.26581
650 250 0.0133604 1.23955
675 50 0.0274357 1.1263
675 75 0.0270355 1.13815
675 100 0.0246672 1.14563
675 125 0.0244589 1.16366
675 150 0.0224276 1.17399
675 175 0.0210598 1.18247
675 200 0.0182629 1.20322
675 225 0.0172052 1.2107
675 250 0.0161109 1.23244
675 275 0.0125119 1.28652
700 50 0.0285652 1.13504
700 75 0.026699 1.12483
700 100 0.0263942 1.13913
700 125 0.0247879 1.16031
700 150 0.0235822 1.16261
700 175 0.0232943 1.1697
700 200 0.0210707 1.18824
700 225 0.0191421 1.2007
700 250 0.0165949 1.23478
700 275 0.0144356 1.2346
700 300 0.0126607 1.26175
725 50 0.0299921 1.11732
725 75 0.0276171 1.12381
725 100 0.0286068 1.13659
725 125 0.0259523 1.14962
725 150 0.0254492 1.14335
725 175 0.0239089 1.15425
725 200 0.0226407 1.17211
725 225 0.0210637 1.18171
725 250 0.0203483 1.20873
725 275 0.0175125 1.21503
725 300 0.0147259 1.23439
725 325 0.0126133 1.2886
750 50 0.0297746 1.12393
750 75 0.0288688 1.10179
750 100 0.0273207 1.11649
750 125 0.0291429 1.11896
750 150 0.0266791 1.13385
750 175 0.0267161 1.14601
750 200 0.024639 1.16594
750 225 0.0223239 1.17151
750 250 0.0205066 1.19612
750 275 0.0195569 1.20829
750 300 0.016574 1.21878
750 325 0.0156377 1.26968
750 350 0.012431 1.27317
775 50 0.0302586 1.10269
775 75 0.0306592 1.10881
775 100 0.028944 1.11013
775 125 0.028842 1.11935
775 150 0.0283089 1.13761
775 175 0.0262557 1.14684
775 200 0.0250236 1.14387
775 225 0.0251249 1.15696
775 250 0.0241044 1.18761
775 275 0.0199146 1.17943
775 300 0.0196792 1.20181
775 325 0.0175967 1.24932
775 350 0.0150806 1.23737
775 375 0.0136717 1.28606
800 50 0.032354 1.11046
800 75 0.0302286 1.11057
800 100 0.0311089 1.09943
800 125 0.0308189 1.10598
800 150 0.0294312 1.10619
800 175 0.0275197 1.13073
800 200 0.0260893 1.11918
800 225 0.0259565 1.15546
800 250 0.0244253 1.17752
800 275 0.0228312 1.15823
800 300 0.0219522 1.1887
800 325 0.0197369 1.19246
800 350 0.0176265 1.21537
800 375 0.0148039 1.25045
800 400 0.0131169 1.28412
825 50 0.0317841 1.09194
825 75 0.03041 1.09819
825 100 0.0300159 1.0947
825 125 0.0289482 1.11113
825 150 0.0312957 1.11062
825 175 0.0282841 1.13107
825 200 0.0273815 1.13822
825 225 0.0274444 1.13283
825 250 0.0262382 1.14435
825 275 0.0239185 1.14554
825 300 0.0231164 1.18532
825 325 0.0211047 1.19794
825 350 0.0204172 1.19834
825 375 0.0166518 1.22545
825 400 0.0143834 1.23656
825 425 0.0119523 1.31174
850 50 0.0332287 1.09032
850 75 0.0332185 1.09314
850 100 0.0308336 1.09912
850 125 0.0314987 1.10451
850 150 0.0305114 1.10644
850 175 0.0282527 1.11299
850 200 0.0288224 1.12817
850 225 0.0279715 1.11303
850 250 0.026683 1.12575
850 275 0.0257045 1.15038
850 300 0.0253861 1.15603
850 325 0.0233277 1.15473
850 350 0.0206539 1.1757
850 375 0.0191204 1.20087
850 400 0.0172325 1.21919
850 425 0.0144314 1.24624
850 450 0.0130881 1.28355
875 50 0.0327393 1.08761
875 75 0.0322864 1.09236
875 100 0.0330525 1.08584
875 125 0.031461 1.09501
875 150 0.0310934 1.09665
875 175 0.0314309 1.09984
875 200 0.0311285 1.10751
875 225 0.0304892 1.12171
875 250 0.0289787 1.13863
875 275 0.0264306 1.14946
875 300 0.0268749 1.12735
875 325 0.0244704 1.15738
875 350 0.0226538 1.18881
875 375 0.0217392 1.18247
875 400 0.0200311 1.21979
875 425 0.0166733 1.26333
875 450 0.0150466 1.21519
875 475 0.0122947 1.29082
900 50 0.0340698 1.0774
900 75 0.0330705 1.07749
900 100 0.0336309 1.0895
900 125 0.0320469 1.09681
900 150 0.0319615 1.09192
900 175 0.0314085 1.10726
900 200 0.0310404 1.09578
900 225 0.0300678 1.10668
900 250 0.0279391 1.11689
900 275 0.0274677 1.1292
900 300 0.02655 1.12446
900 325 0.0276036 1.14783
900 350 0.0244454 1.15212
900 375 0.0234973 1.16989
900 400 0.0214018 1.20633
900 425 0.0192756 1.20846
900 450 0.0168224 1.21539
900 475 0.0147111 1.24868
900 500 0.0117653 1.30269
925 50 0.0343016 1.07919
925 75 0.0347093 1.07953
925 100 0.0323786 1.09059
925 125 0.0331826 1.08921
925 150 0.0322001 1.08395
925 175 0.0315429 1.09585
925 200 0.0308024 1.09965
925 225 0.0300711 1.10451
925 250 0.0299909 1.09814
925 275 0.0278083 1.1163
925 300 0.0272704 1.11612
925 325 0.0281879 1.13791
925 350 0.0266934 1.15021
925 375 0.0242122 1.14745
925 400 0.022849 1.15618
925 425 0.0197938 1.17922
925 450 0.0191493 1.21961
925 475 0.0176091 1.24688
925 500 0.0146532 1.25872
925 525 0.0116815 1.30039
950 50 0.0340598 1.0788
950 75 0.0344681 1.07545
950 100 0.032552 1.08094
950 125 0.034393 1.07887
950 150 0.0323007 1.08437
950 175 0.0332604 1.09052
950 200 0.0330952 1.08929
950 225 0.0314844 1.09653
950 250 0.0314736 1.09847
950 275 0.0304046 1.10569
950 300 0.0307556 1.13628
950 325 0.0289853 1.12385
950 350 0.0273442 1.1463
950 375 0.0261967 1.15221
950 400 0.0251297 1.1519
950 425 0.0228716 1.17159
950 450 0.0216151 1.18425
950 475 0.0197805 1.20878
950 500 0.017634 1.23689
950 525 0.0139572 1.26752
950 550 0.0129427 1.28933
975 50 0.0347686 1.07101
975 75 0.035012 1.07813
975 100 0.0325848 1.08173
975 125 0.0329803 1.09011
975 150 0.0336538 1.08385
975 175 0.0340222 1.0813
975 200 0.0318554 1.09716
975 225 0.0328504 1.08958
975 250 0.0320709 1.09189
975 275 0.0314342 1.09224
975 300 0.0299739 1.1062
975 325 0.0307543 1.12287
975 350 0.0283627 1.13682
975 375 0.0277469 1.13091
975 400 0.0264365 1.14438
975 425 0.0237126 1.1905
975 450 0.0234241 1.16406
975 475 0.0216631 1.18256
975 500 0.0186681 1.21107
975 525 0.01621 1.23054
975 550 0.0146601 1.29996
975 575 0.0118645 1.28985
1000 50 0.0358475 1.07273
1000 75 0.0342085 1.07421
1000 100 0.0332145 1.07668
1000 125 0.0335055 1.08342
1000 150 0.033004 1.08269
1000 175 0.0342456 1.07928
1000 200 0.0328701 1.08989
1000 225 0.0333279 1.08596
1000 250 0.0334902 1.08945
1000 275 0.0315491 1.09742
1000 300 0.0304503 1.10249
1000 325 0.031642 1.10411
1000 350 0.0289577 1.11081
1000 375 0.0289447 1.11692
1000 400 0.0273549 1.136
1000 425 0.0272686 1.15011
1000 450 0.0250745 1.1664
1000 475 0.0237383 1.17566
1000 500 0.0215027 1.19189
1000 525 0.0194445 1.21745
1000 550 0.0176118 1.22381
1000 575 0.0150057 1.26195
1000 600 0.0113485 1.34178
1025 50 0.0345296 1.07076
1025 75 0.033405 1.07042
1025 100 0.0338443 1.07188
1025 125 0.0340307 1.07807
1025 150 0.0323542 1.08155
1025 175 0.0344691 1.0773
1025 200 0.0338849 1.08317
1025 225 0.0330552 1.08429
1025 250 0.0317525 1.09222
1025 275 0.0335278 1.08831
1025 300 0.0314736 1.09259
1025 325 0.0309904 1.09491
1025 350 0.0288164 1.11421
1025 375 0.030376 1.11443
1025 400 0.0281305 1.12212
1025 425 0.0286804 1.12368
1025 450 0.0261951 1.14329
1025 475 0.0247169 1.15314
1025 500 0.0230155 1.16733
1025 525 0.020867 1.20729
1025 550 0.0195775 1.19125
1025 575 0.0167993 1.24198
1025 600 0.0145802 1.26257
1025 625 0.0115816 1.28577
1050 50 0.0342977 1.07284
1050 75 0.0353542 1.07424
1050 100 0.0356996 1.0707
1050 125 0.0347921 1.07713
1050 150 0.03463 1.07592
1050 175 0.0346185 1.07818
1050 200 0.0335097 1.0787
1050 225 0.0331135 1.08952
1050 250 0.0322008 1.09011
1050 275 0.0326922 1.08441
1050 300 0.0318443 1.09091
1050 325 0.032105 1.09473
1050 350 0.0313141 1.08818
1050 375 0.0310232 1.11469
1050 400 0.0304569 1.10288
1050 425 0.0281013 1.13128
1050 450 0.0280718 1.12465
1050 475 0.0262006 1.13623
1050 500 0.0256144 1.16007
1050 525 0.0227154 1.17649
1050 550 0.0211236 1.2102
1050 575 0.0193564 1.21188
1050 600 0.0164655 1.24164
1050 625 0.0138869 1.27769
1050 650 0.0118261 1.33404
1075 50 0.0350432 1.0728
1075 75 0.0359432 1.07078
1075 100 0.0344261 1.07106
1075 125 0.0346442 1.06764
1075 150 0.0351169 1.07014
1075 175 0.0350037 1.07139
1075 200 0.0335001 1.07957
1075 225 0.0333977 1.07534
1075 250 0.0336763 1.07497
1075 275 0.0322131 1.086
1075 300 0.0322322 1.09199
1075 325 0.0324449 1.08941
1075 350 0.0331323 1.09358
1075 375 0.0318468 1.09964
1075 400 0.0285463 1.10026
1075 425 0.0293969 1.11455
1075 450 0.0292376 1.13087
1075 475 0.0270712 1.12723
1075 500 0.0261997 1.13579
1075 525 0.0248605 1.14792
1075 550 0.0227811 1.18013
1075 575 0.0215389 1.21139
1075 600 0.0187964 1.21548
1075 625 0.0168017 1.23876
1075 650 0.0142845 1.26084
1075 675 0.0112912 1.28848
1100 50 0.034076 1.06638
1100 75 0.0344749 1.06644
1100 100 0.0345336 1.06766
1100 125 0.0354138 1.06917
1100 150 0.034853 1.07336
1100 175 0.0336004 1.07391
1100 200 0.0345022 1.0784
1100 225 0.0343211 1.07673
1100 250 0.033582 1.08095
1100 275 0.0328952 1.08155
1100 300 0.0329672 1.08882
1100 325 0.0322144 1.0882
1100 350 0.0329729 1.09212
1100 375 0.0313824 1.09569
1100 400 0.03098 1.09841
1100 425 0.0307552 1.11095
1100 450 0.0292495 1.11598
1100 475 0.0304652 1.11646
1100 500 0.0280406 1.12893
1100 525 0.0271585 1.15283
1100 550 0.025234 1.15813
1100 575 0.0227253 1.19491
1100 600 0.0218371 1.18172
1100 625 0.0190317 1.22877
1100 650 0.017062 1.2631
1100 675 0.0141418 1.2593
1100 700 0.0114755 1.30075
1125 50 0.0346524 1.06739
1125 75 0.0343648 1.0641
1125 100 0.0337791 1.07135
1125 125 0.035606 1.07045
1125 150 0.0359972 1.06729
1125 175 0.0350202 1.07299
1125 200 0.0353064 1.07626
1125 225 0.0337897 1.07645
1125 250 0.0339696 1.07704
1125 275 0.0338226 1.08001
1125 300 0.0333143 1.08398
1125 325 0.0327327 1.08879
1125 350 0.0326868 1.08637
1125 375 0.0338882 1.08384
1125 400 0.0321212 1.10151
1125 425 0.0314465 1.10222
1125 450 0.0312738 1.10039
1125 475 0.0298745 1.11755
1125 500 0.0270503 1.12688
1125 525 0.0282272 1.14456
1125 550 0.0259685 1.13059
1125 575 0.0248706 1.15885
1125 600 0.0234038 1.17432
1125 625 0.0206197 1.20864
1125 650 0.0182913 1.22917
1125 675 0.0165372 1.27177
1125 700 0.0134952 1.2512
1125 725 0.0111541 1.33665
1150 50 0.0357895 1.06182
1150 75 0.0353185 1.06827
1150 100 0.0334565 1.08023
1150 125 0.0349445 1.07417
1150 150 0.035209 1.0724
1150 175 0.0350066 1.06824
1150 200 0.033956 1.07409
1150 225 0.0336591 1.07555
1150 250 0.034006 1.07625
1150 275 0.0352586 1.07034
1150 300 0.0350275 1.07238
1150 325 0.0325581 1.0804
1150 350 0.034313 1.08581
1150 375 0.033081 1.08296
1150 400 0.0326049 1.09342
1150 425 0.0317673 1.10026
1150 450 0.0324326 1.09115
1150 475 0.0299316 1.09217
1150 500 0.0299798 1.11363
1150 525 0.029567 1.12548
1150 550 0.0279351 1.134
1150 575 0.0278865 1.14498
1150 600 0.0248872 1.1608
1150 625 0.0242719 1.17731
1150 650 0.0209662 1.20797
1150 675 0.0188853 1.21506
1150 700 0.0162844 1.24789
1150 725 0.0142383 1.26796
1150 750 0.0119468 1.30627
1175 50 0.0348036 1.06719
1175 75 0.0355478 1.06744
1175 100 0.0364972 1.06589
1175 125 0.0361716 1.06993
1175 150 0.035312 1.06887
1175 175 0.0351292 1.06886
1175 200 0.0336646 1.07366
1175 225 0.0352528 1.07327
1175 250 0.0336767 1.07777
1175 275 0.0346283 1.07086
1175 300 0.0352033 1.07409
1175 325 0.0338663 1.081
1175 350 0.0346183 1.08821
1175 375 0.0334546 1.08445
1175 400 0.0342914 1.08329
1175 425 0.0330268 1.0836
1175 450 0.0316985 1.09319
1175 475 0.032921 1.09285
1175 500 0.0308072 1.10775
1175 525 0.0298539 1.11826
1175 550 0.0290376 1.11242
1175 575 0.0270778 1.12355
1175 600 0.026089 1.14362
1175 625 0.0254993 1.16946
1175 650 0.0221339 1.17864
1175 675 0.0202301 1.19792
1175 700 0.0194551 1.21427
1175 725 0.0163195 1.25632
1175 750 0.0128993 1.30772
1175 775 0.0118311 1.30892
1200 50 0.0363883 1.06202
1200 75 0.0353086 1.06614
1200 100 0.0350971 1.06613
1200 125 0.0346666 1.07019
1200 150 0.0347612 1.06926
1200 175 0.0363538 1.06897
1200 200 0.0338965 1.07029
1200 225 0.0342076 1.07145
1200 250 0.034814 1.06606
1200 275 0.035012 1.07598
1200 300 0.0344919 1.06966
1200 325 0.0343757 1.07678
1200 350 0.0338532 1.08186
1200 375 0.0337445 1.07643
1200 400 0.0332587 1.07426
1200 425 0.0333248 1.08325
1200 450 0.0332701 1.08905
1200 475 0.032147 1.09844
1200 500 0.031725 1.09396
1200 525 0.0311082 1.10573
1200 550 0.0290789 1.12418
1200 575 0.0284354 1.11637
1200 600 0.0277095 1.12985
1200 625 0.0259911 1.15001
1200 650 0.0255934 1.14813
1200 675 0.0222523 1.17331
1200 700 0.0211606 1.19969
1200 725 0.0193602 1.22219
1200 750 0.0167208 1.24703
1200 775 0.0135945 1.29091
1200 800 0.0114084 1.34758
