450 50 0.00821666 1.23027
475 50 0.0108789 1.18278
475 75 0.00919555 1.19014
500 50 0.0134986 1.15564
500 75 0.0122417 1.18744
500 100 0.0107201 1.19313
525 50 0.0154246 1.14546
525 75 0.0151775 1.16065
525 100 0.0125187 1.1784
525 125 0.0108541 1.18103
550 50 0.0182212 1.1363
550 75 0.0174855 1.16889
550 100 0.0146899 1.16509
550 125 0.0138982 1.17632
550 150 0.0112238 1.19189
575 50 0.0189966 1.12361
575 75 0.0183426 1.12714
575 100 0.0176403 1.1196
575 125 0.0159596 1.145
575 150 0.01404 1.17674
575 175 0.012044 1.17597
600 50 0.0212446 1.10647
600 75 0.0203159 1.11722
600 100 0.0193609 1.1247
600 125 0.0192887 1.12864
600 150 0.0168034 1.12157
600 175 0.015481 1.14809
600 200 0.0127268 1.1642
625 50 0.0235715 1.09739
625 75 0.023414 1.10895
625 100 0.0217169 1.11801
625 125 0.0212531 1.11138
625 150 0.0190644 1.13211
625 175 0.0176831 1.14102
625 200 0.0154013 1.15153
625 225 0.0135187 1.1641
650 50 0.0245867 1.09412
650 75 0.0248426 1.09441
650 100 0.0238929 1.09503
650 125 0.0227678 1.1123
650 150 0.0216824 1.10564
650 175 0.0206078 1.12504
650 200 0.0171449 1.13776
650 225 0.0159057 1.15988
650 250 0.0130474 1.15977
675 50 0.0264718 1.08728
675 75 0.026106 1.08721
675 100 0.0252643 1.10426
675 125 0.0244091 1.10271
675 150 0.0224614 1.1034
675 175 0.022125 1.10859
675 200 0.0195502 1.12396
675 225 0.0192601 1.13729
675 250 0.0175662 1.15596
675 275 0.0137705 1.16397
700 50 0.0274762 1.09249
700 75 0.0257766 1.08681
700 100 0.0258729 1.09062
700 125 0.0253111 1.10654
700 150 0.0241845 1.10847
700 175 0.0241784 1.10549
700 200 0.022449 1.10818
700 225 0.0204378 1.1184
700 250 0.0189143 1.11807
700 275 0.0158109 1.15717
700 300 0.0142354 1.16624
725 50 0.0293208 1.07844
725 75 0.0279013 1.07662
725 100 0.0283367 1.08923
725 125 0.0263131 1.08491
725 150 0.025397 1.0816
725 175 0.0247176 1.09426
725 200 0.0247517 1.09042
725 225 0.0226367 1.10595
725 250 0.0225863 1.10227
725 275 0.0201056 1.12101
725 300 0.0170486 1.14708
725 325 0.0146713 1.15957
750 50 0.0289549 1.08113
750 75 0.0283918 1.07921
750 100 0.0269433 1.0908
750 125 0.0285337 1.08064
750 150 0.0271878 1.09539
750 175 0.0271425 1.08308
750 200 0.0260754 1.09603
750 225 0.0245867 1.08503
750 250 0.0231524 1.10198
750 275 0.0216323 1.11589
750 300 0.0190837 1.12711
750 325 0.017136 1.15022
750 350 0.0143564 1.15792
775 50 0.029348 1.08137
775 75 0.0297529 1.07478
775 100 0.0285479 1.08124
775 125 0.0291465 1.08305
775 150 0.028411 1.0813
775 175 0.0273222 1.08759
775 200 0.0257193 1.09592
775 225 0.0266199 1.09394
775 250 0.0254482 1.10422
775 275 0.0227229 1.09948
775 300 0.0222281 1.10895
775 325 0.0199125 1.1387
775 350 0.0181025 1.14038
775 375 0.014874 1.17499
800 50 0.0311375 1.0761
800 75 0.0300826 1.07956
800 100 0.0301863 1.07405
800 125 0.0308081 1.07179
800 150 0.029229 1.08399
800 175 0.0286462 1.08756
800 200 0.0272703 1.084
800 225 0.0266341 1.09461
800 250 0.0263304 1.08881
800 275 0.0254101 1.08954
800 300 0.0242637 1.09867
800 325 0.0234652 1.10059
800 350 0.020986 1.11673
800 375 0.0178672 1.15838
800 400 0.0155326 1.14782
825 50 0.0308215 1.07745
825 75 0.0294578 1.07668
825 100 0.0297698 1.08183
825 125 0.0283493 1.07654
825 150 0.0309536 1.07216
825 175 0.0294201 1.08142
825 200 0.0284897 1.08485
825 225 0.0287301 1.084
825 250 0.0282164 1.07658
825 275 0.0258412 1.08848
825 300 0.025829 1.09777
825 325 0.0236498 1.09987
825 350 0.0242942 1.10562
825 375 0.0199755 1.12938
825 400 0.0180047 1.13461
825 425 0.0146984 1.16306
850 50 0.0316885 1.07124
850 75 0.0318595 1.07492
850 100 0.0300667 1.07266
850 125 0.0308405 1.06664
850 150 0.0312919 1.07467
850 175 0.0285589 1.0738
850 200 0.0293388 1.07744
850 225 0.0293149 1.08187
850 250 0.0284386 1.08182
850 275 0.0281812 1.09363
850 300 0.0279983 1.08426
850 325 0.0261643 1.09518
850 350 0.0244011 1.10092
850 375 0.0227822 1.1083
850 400 0.0212421 1.11033
850 425 0.0174966 1.14535
850 450 0.0152514 1.14803
875 50 0.0324204 1.07129
875 75 0.0312589 1.07125
875 100 0.032573 1.07339
875 125 0.0306645 1.07302
875 150 0.0313686 1.074
875 175 0.031705 1.07424
875 200 0.0313697 1.07557
875 225 0.0317028 1.07148
875 250 0.0310757 1.07664
875 275 0.0279327 1.07924
875 300 0.028765 1.08235
875 325 0.026432 1.08931
875 350 0.0252545 1.10294
875 375 0.0254231 1.0992
875 400 0.0240904 1.10005
875 425 0.021382 1.11721
875 450 0.0183459 1.11989
875 475 0.0151065 1.14966
900 50 0.0330645 1.07099
900 75 0.0322217 1.06434
900 100 0.0336693 1.06741
900 125 0.0320434 1.06827
900 150 0.0318708 1.07436
900 175 0.0312559 1.07227
900 200 0.0318469 1.07275
900 225 0.0311412 1.07269
900 250 0.0292119 1.08157
900 275 0.0291097 1.08234
900 300 0.0285767 1.07938
900 325 0.0293913 1.08368
900 350 0.0264138 1.09145
900 375 0.0263497 1.09192
900 400 0.0245319 1.09645
900 425 0.02341 1.09178
900 450 0.0210831 1.1157
900 475 0.0189126 1.12792
900 500 0.0155026 1.1615
925 50 0.0334915 1.07041
925 75 0.0340351 1.06738
925 100 0.0315265 1.07236
925 125 0.0325679 1.06895
925 150 0.0311984 1.07375
925 175 0.0315347 1.06688
925 200 0.031259 1.0688
925 225 0.0305748 1.07596
925 250 0.0307075 1.07435
925 275 0.0288673 1.07584
925 300 0.028415 1.07965
925 325 0.0301301 1.07886
925 350 0.0293525 1.08127
925 375 0.0276212 1.08571
925 400 0.0265092 1.09263
925 425 0.0248217 1.09681
925 450 0.0244948 1.10736
925 475 0.0214241 1.12058
925 500 0.0188565 1.12954
925 525 0.0149695 1.15338
950 50 0.0333331 1.06672
950 75 0.0333665 1.06781
950 100 0.031917 1.06894
950 125 0.0338167 1.06588
950 150 0.0319973 1.0706
950 175 0.0335192 1.06945
950 200 0.0326759 1.06849
950 225 0.0316909 1.08108
950 250 0.0326568 1.07095
950 275 0.0309401 1.07507
950 300 0.031648 1.07036
950 325 0.0298777 1.07878
950 350 0.0300047 1.08367
950 375 0.0299028 1.08383
950 400 0.0283145 1.08176
950 425 0.0267344 1.09299
950 450 0.0259666 1.09081
950 475 0.0243847 1.11072
950 500 0.0218984 1.10986
950 525 0.0186708 1.13912
950 550 0.0165893 1.16045
975 50 0.0337942 1.06598
975 75 0.0332194 1.06951
975 100 0.0319056 1.06995
975 125 0.0325472 1.07309
975 150 0.0330113 1.06818
975 175 0.0332604 1.06887
975 200 0.0318 1.07274
975 225 0.0325038 1.07088
975 250 0.0326171 1.0672
975 275 0.0326543 1.06874
975 300 0.0313176 1.06888
975 325 0.0321333 1.07089
975 350 0.030346 1.07329
975 375 0.0294152 1.07419
975 400 0.029336 1.07911
975 425 0.0281286 1.08063
975 450 0.0264339 1.09277
975 475 0.0259327 1.08565
975 500 0.0240895 1.10728
975 525 0.0216568 1.09954
975 550 0.019607 1.12818
975 575 0.015135 1.14901
1000 50 0.0349666 1.061
1000 75 0.0331501 1.06746
1000 100 0.0327059 1.06724
1000 125 0.0331467 1.07087
1000 150 0.0328581 1.0676
1000 175 0.0338816 1.06576
1000 200 0.032902 1.06784
1000 225 0.0335013 1.06709
1000 250 0.0333773 1.06695
1000 275 0.0325921 1.06945
1000 300 0.0318061 1.06797
1000 325 0.0333363 1.07
1000 350 0.030423 1.07783
1000 375 0.031322 1.07454
1000 400 0.0297516 1.07918
1000 425 0.029721 1.07652
1000 450 0.0281555 1.08844
1000 475 0.0278723 1.09062
1000 500 0.025772 1.10292
1000 525 0.0244644 1.09749
1000 550 0.0225039 1.11736
1000 575 0.0197341 1.11197
1000 600 0.0156514 1.15479
1025 50 0.0334835 1.06398
1025 75 0.0330808 1.06543
1025 100 0.0335062 1.06498
1025 125 0.0337463 1.06925
1025 150 0.0327049 1.06707
1025 175 0.0345027 1.06287
1025 200 0.0340039 1.0633
1025 225 0.0333338 1.06696
1025 250 0.0324075 1.07273
1025 275 0.033967 1.06407
1025 300 0.0318471 1.06565
1025 325 0.0327578 1.07082
1025 350 0.0296607 1.07571
1025 375 0.0313673 1.07086
1025 400 0.0304728 1.07734
1025 425 0.0310065 1.08187
1025 450 0.0293114 1.07492
1025 475 0.0276678 1.07948
1025 500 0.026887 1.08853
1025 525 0.024998 1.10502
1025 550 0.0234388 1.10746
1025 575 0.0226577 1.12138
1025 600 0.0189164 1.12137
1025 625 0.0159589 1.16221
1050 50 0.0337787 1.06979
1050 75 0.0344928 1.06561
1050 100 0.0349994 1.06586
1050 125 0.0334601 1.06493
1050 150 0.0339082 1.06525
1050 175 0.0340838 1.06991
1050 200 0.033026 1.06631
1050 225 0.0329148 1.07112
1050 250 0.0324624 1.06835
1050 275 0.0332322 1.06806
1050 300 0.0323225 1.07226
1050 325 0.0331508 1.07167
1050 350 0.0327862 1.06217
1050 375 0.0318543 1.07016
1050 400 0.0319215 1.0699
1050 425 0.0300716 1.07273
1050 450 0.0307448 1.0809
1050 475 0.028062 1.08155
1050 500 0.0290352 1.08467
1050 525 0.0266046 1.0834
1050 550 0.0254634 1.09367
1050 575 0.0240252 1.10017
1050 600 0.0212914 1.11675
1050 625 0.0195321 1.12807
1050 650 0.016085 1.15429
1075 50 0.0335236 1.0673
1075 75 0.0355344 1.06397
1075 100 0.0334341 1.06559
1075 125 0.0339753 1.06407
1075 150 0.0347791 1.06091
1075 175 0.0344596 1.06293
1075 200 0.0324002 1.06575
1075 225 0.0339701 1.06089
1075 250 0.03368 1.06358
1075 275 0.0323343 1.07026
1075 300 0.032392 1.06882
1075 325 0.0330624 1.06287
1075 350 0.0336155 1.06776
1075 375 0.0334115 1.06969
1075 400 0.0310407 1.0752
1075 425 0.0310558 1.0781
1075 450 0.0311126 1.07528
1075 475 0.0300688 1.07613
1075 500 0.0292376 1.07941
1075 525 0.0283121 1.08414
1075 550 0.0272169 1.09164
1075 575 0.0256965 1.09193
1075 600 0.0244968 1.1077
1075 625 0.021916 1.12301
1075 650 0.0190901 1.12952
1075 675 0.0158692 1.1558
1100 50 0.0334788 1.06368
1100 75 0.0337387 1.06652
1100 100 0.0336797 1.06101
1100 125 0.034636 1.06181
1100 150 0.033911 1.06686
1100 175 0.0334254 1.06786
1100 200 0.0346123 1.06587
1100 225 0.0343013 1.06687
1100 250 0.0339666 1.06273
1100 275 0.0332575 1.06487
1100 300 0.0328348 1.06557
1100 325 0.0328575 1.06302
1100 350 0.0331764 1.06313
1100 375 0.032448 1.07122
1100 400 0.0320203 1.07301
1100 425 0.0322674 1.06984
1100 450 0.0308165 1.07632
1100 475 0.0322904 1.06742
1100 500 0.0312549 1.07209
1100 525 0.0300611 1.07678
1100 550 0.0283572 1.08593
1100 575 0.0265603 1.08435
1100 600 0.0266992 1.09656
1100 625 0.0242487 1.10022
1100 650 0.0219323 1.11978
1100 675 0.0188812 1.13457
1100 700 0.0159473 1.16451
1125 50 0.0343993 1.06303
1125 75 0.0336691 1.06304
1125 100 0.0331334 1.06985
1125 125 0.0346848 1.06531
1125 150 0.0352559 1.06247
1125 175 0.0343804 1.06641
1125 200 0.035164 1.0628
1125 225 0.033545 1.06926
1125 250 0.0339959 1.06466
1125 275 0.0340369 1.0617
1125 300 0.0333722 1.06539
1125 325 0.0325944 1.06968
1125 350 0.0330758 1.06823
1125 375 0.0347209 1.06218
1125 400 0.0325782 1.06625
1125 425 0.0328647 1.07543
1125 450 0.0329439 1.0694
1125 475 0.032385 1.07289
1125 500 0.0299434 1.08024
1125 525 0.0319113 1.07812
1125 550 0.0285735 1.08062
1125 575 0.0286559 1.08354
1125 600 0.0271764 1.08463
1125 625 0.0262255 1.08846
1125 650 0.0244597 1.10262
1125 675 0.0229716 1.11869
1125 700 0.018678 1.1338
1125 725 0.0154838 1.15703
1150 50 0.0347139 1.06071
1150 75 0.034477 1.06351
1150 100 0.0326092 1.07305
1150 125 0.0343778 1.06815
1150 150 0.0349279 1.06717
1150 175 0.0347901 1.06484
1150 200 0.0338588 1.06647
1150 225 0.0337451 1.0662
1150 250 0.0335793 1.06757
1150 275 0.0351384 1.06067
1150 300 0.035014 1.06078
1150 325 0.0332758 1.06823
1150 350 0.0350729 1.0645
1150 375 0.033227 1.06728
1150 400 0.033647 1.06671
1150 425 0.0329354 1.06723
1150 450 0.0333148 1.06715
1150 475 0.0322528 1.06968
1150 500 0.0322233 1.07257
1150 525 0.0316199 1.07065
1150 550 0.0301097 1.07811
1150 575 0.0308984 1.07761
1150 600 0.0284885 1.08576
1150 625 0.0283509 1.08365
1150 650 0.0258275 1.10039
1150 675 0.0246929 1.10706
1150 700 0.0223194 1.11581
1150 725 0.0186383 1.1215
1150 750 0.0167051 1.15538
1175 50 0.0343155 1.06439
1175 75 0.0350323 1.06443
1175 100 0.0356929 1.0635
1175 125 0.0354042 1.06223
1175 150 0.0346446 1.06384
1175 175 0.0341404 1.06284
1175 200 0.0335608 1.06575
1175 225 0.035194 1.06395
1175 250 0.0336037 1.06748
1175 275 0.034856 1.0611
1175 300 0.0347299 1.06235
1175 325 0.0339256 1.06482
1175 350 0.0343436 1.06714
1175 375 0.033951 1.06513
1175 400 0.0353595 1.06414
1175 425 0.0336673 1.06033
1175 450 0.0332305 1.0612
1175 475 0.0340492 1.06882
1175 500 0.0327657 1.06511
1175 525 0.0310187 1.07257
1175 550 0.0320759 1.07377
1175 575 0.0308238 1.06876
1175 600 0.0302096 1.07925
1175 625 0.0287803 1.08354
1175 650 0.0265128 1.0955
1175 675 0.0251703 1.09753
1175 700 0.0257036 1.10166
1175 725 0.0221203 1.10897
1175 750 0.0185113 1.13787
1175 775 0.0173611 1.14451
1200 50 0.0356922 1.06158
1200 75 0.0342657 1.06331
1200 100 0.0346746 1.06502
1200 125 0.0339158 1.06553
1200 150 0.0341932 1.06441
1200 175 0.0361302 1.06181
1200 200 0.0336577 1.06579
1200 225 0.0339202 1.06813
1200 250 0.0346129 1.06198
1200 275 0.034492 1.06517
1200 300 0.0344761 1.06433
1200 325 0.0344901 1.06578
1200 350 0.034601 1.06595
1200 375 0.0339283 1.06459
1200 400 0.0339192 1.06158
1200 425 0.0339617 1.06906
1200 450 0.0340071 1.06684
1200 475 0.0328794 1.06852
1200 500 0.0327416 1.07367
1200 525 0.0331101 1.06871
1200 550 0.0317799 1.07274
1200 575 0.030658 1.06796
1200 600 0.0300594 1.07041
1200 625 0.0295003 1.07851
1200 650 0.0291366 1.08733
1200 675 0.0262481 1.09324
1200 700 0.0266828 1.10322
1200 725 0.0246129 1.10708
1200 750 0.0229538 1.10218
1200 775 0.0186383 1.12177
1200 800 0.0170977 1.14351
