450 50 0.00821666 1.21812
475 50 0.0108789 1.1685
475 75 0.00919555 1.17815
500 50 0.0134986 1.13904
500 75 0.0122417 1.17607
500 100 0.0107201 1.17938
525 50 0.0154246 1.12657
525 75 0.0151775 1.1457
525 100 0.0125187 1.16233
525 125 0.0108541 1.16447
550 50 0.0182212 1.11867
550 75 0.0174855 1.15404
550 100 0.0146899 1.14837
550 125 0.0138982 1.15831
550 150 0.0112238 1.1753
575 50 0.0189966 1.10312
575 75 0.0183426 1.10818
575 100 0.0176403 1.09786
575 125 0.0159596 1.12739
575 150 0.01404 1.1622
575 175 0.012044 1.1618
600 50 0.0212446 1.08565
600 75 0.0203159 1.09564
600 100 0.0193609 1.10328
600 125 0.0192887 1.10783
600 150 0.0168034 1.10384
600 175 0.015481 1.13183
600 200 0.0127268 1.14848
625 50 0.0235715 1.07044
625 75 0.023414 1.08527
625 100 0.0217169 1.09904
625 125 0.0212531 1.09013
625 150 0.0190644 1.11325
625 175 0.0176831 1.12262
625 200 0.0154013 1.13087
625 225 0.0135187 1.14944
650 50 0.0245867 1.06761
650 75 0.0248426 1.06983
650 100 0.0238929 1.06979
650 125 0.0227678 1.09111
650 150 0.0216824 1.08395
650 175 0.0206078 1.10328
650 200 0.0171449 1.11482
650 225 0.0159057 1.14113
650 250 0.0130474 1.14297
675 50 0.0264718 1.0595
675 75 0.026106 1.06571
675 100 0.0252643 1.07977
675 125 0.0244091 1.07964
675 150 0.0224614 1.07827
675 175 0.022125 1.08442
675 200 0.0195502 1.09994
675 225 0.0192601 1.12138
675 250 0.0175662 1.1388
675 275 0.0137705 1.14564
700 50 0.0274762 1.06747
700 75 0.0257766 1.04986
700 100 0.0258729 1.06289
700 125 0.0253111 1.0802
700 150 0.0241844 1.08128
700 175 0.0241784 1.08212
700 200 0.022449 1.08475
700 225 0.0204378 1.09736
700 250 0.0189143 1.09698
700 275 0.0158109 1.13939
700 300 0.0142354 1.14879
725 50 0.0293208 1.05109
725 75 0.0279013 1.04709
725 100 0.0283367 1.06404
725 125 0.0263131 1.05607
725 150 0.025397 1.05024
725 175 0.0247176 1.07098
725 200 0.0247518 1.06485
725 225 0.0226367 1.08347
725 250 0.0225863 1.07909
725 275 0.0201056 1.10047
725 300 0.0170487 1.12777
725 325 0.0146713 1.14438
750 50 0.0289549 1.0548
750 75 0.0283918 1.05086
750 100 0.0269434 1.06236
750 125 0.0285337 1.05199
750 150 0.0271878 1.06983
750 175 0.0271425 1.05526
750 200 0.0260754 1.07523
750 225 0.0245867 1.05447
750 250 0.0231524 1.0743
750 275 0.0216323 1.09271
750 300 0.0190837 1.10617
750 325 0.017136 1.13527
750 350 0.0143564 1.13633
775 50 0.029348 1.0465
775 75 0.0297529 1.04191
775 100 0.0285479 1.04962
775 125 0.0291465 1.05356
775 150 0.028411 1.05295
775 175 0.0273222 1.05323
775 200 0.0257193 1.06603
775 225 0.0266199 1.06643
775 250 0.0254482 1.0807
775 275 0.0227229 1.06795
775 300 0.0222281 1.08548
775 325 0.0199125 1.11948
775 350 0.0181024 1.12098
775 375 0.014874 1.15935
800 50 0.0311375 1.04127
800 75 0.0300826 1.04651
800 100 0.0301864 1.04426
800 125 0.0308081 1.04197
800 150 0.029229 1.05835
800 175 0.0286462 1.06079
800 200 0.0272703 1.05771
800 225 0.0266341 1.07134
800 250 0.0263304 1.05704
800 275 0.0254101 1.06175
800 300 0.0242637 1.07951
800 325 0.0234652 1.07334
800 350 0.020986 1.09403
800 375 0.0178672 1.1434
800 400 0.0155326 1.13023
825 50 0.0308215 1.04244
825 75 0.0294578 1.03829
825 100 0.0297698 1.04408
825 125 0.0283493 1.03799
825 150 0.0309536 1.04211
825 175 0.0294201 1.05028
825 200 0.0284897 1.05642
825 225 0.0287301 1.0528
825 250 0.0282164 1.0473
825 275 0.0258412 1.05933
825 300 0.025829 1.07319
825 325 0.0236498 1.07544
825 350 0.0242942 1.08559
825 375 0.0199755 1.10867
825 400 0.0180047 1.11478
825 425 0.0146984 1.14634
850 50 0.0316885 1.03557
850 75 0.0318595 1.04036
850 100 0.0300667 1.03564
850 125 0.0308405 1.03195
850 150 0.0312919 1.04209
850 175 0.0285589 1.03078
850 200 0.0293388 1.04309
850 225 0.0293149 1.05438
850 250 0.0284386 1.05419
850 275 0.0281812 1.06666
850 300 0.0279983 1.0577
850 325 0.0261643 1.06778
850 350 0.0244011 1.0742
850 375 0.0227822 1.0839
850 400 0.0212421 1.08796
850 425 0.0174966 1.12338
850 450 0.0152514 1.13271
875 50 0.0324204 1.03762
875 75 0.031259 1.03538
875 100 0.032573 1.04294
875 125 0.0306645 1.03638
875 150 0.0313686 1.04235
875 175 0.031705 1.04249
875 200 0.0313697 1.0491
875 225 0.0317028 1.03374
875 250 0.0310757 1.04749
875 275 0.0279327 1.04722
875 300 0.028765 1.05442
875 325 0.026432 1.06132
875 350 0.0252545 1.07367
875 375 0.025423 1.07601
875 400 0.0240904 1.07942
875 425 0.021382 1.0984
875 450 0.0183459 1.09817
875 475 0.0151065 1.13438
900 50 0.0330644 1.03573
900 75 0.0322217 1.02299
900 100 0.0336693 1.02994
900 125 0.0320433 1.03533
900 150 0.0318708 1.03682
900 175 0.0312559 1.03757
900 200 0.0318469 1.04005
900 225 0.0311412 1.03788
900 250 0.0292119 1.04783
900 275 0.0291097 1.04827
900 300 0.0285767 1.05179
900 325 0.0293913 1.05465
900 350 0.0264138 1.06283
900 375 0.0263496 1.06325
900 400 0.0245319 1.07068
900 425 0.02341 1.06245
900 450 0.0210831 1.09551
900 475 0.0189126 1.10706
900 500 0.0155026 1.1446
925 50 0.0334915 1.03325
925 75 0.0340351 1.02701
925 100 0.0315265 1.03454
925 125 0.032568 1.0318
925 150 0.0311984 1.04037
925 175 0.0315348 1.031
925 200 0.031259 1.02548
925 225 0.0305748 1.03626
925 250 0.0307076 1.04222
925 275 0.0288673 1.04259
925 300 0.0284151 1.04646
925 325 0.0301301 1.048
925 350 0.0293524 1.05351
925 375 0.0276212 1.05815
925 400 0.0265092 1.0671
925 425 0.0248217 1.06957
925 450 0.0244948 1.08571
925 475 0.0214241 1.10029
925 500 0.0188565 1.1124
925 525 0.0149695 1.13589
950 50 0.0333331 1.02783
950 75 0.0333665 1.02894
950 100 0.031917 1.02605
950 125 0.0338167 1.03044
950 150 0.0319973 1.03188
950 175 0.0335192 1.03014
950 200 0.0326759 1.03291
950 225 0.0316909 1.04535
950 250 0.0326568 1.03545
950 275 0.0309401 1.03329
950 300 0.031648 1.03275
950 325 0.0298777 1.04955
950 350 0.0300047 1.05134
950 375 0.0299028 1.05863
950 400 0.0283145 1.05016
950 425 0.0267344 1.06323
950 450 0.0259666 1.06607
950 475 0.0243847 1.0877
950 500 0.0218984 1.08285
950 525 0.0186708 1.11683
950 550 0.0165893 1.14487
975 50 0.0337942 1.02803
975 75 0.0332194 1.02512
975 100 0.0319056 1.02744
975 125 0.0325472 1.02944
975 150 0.0330113 1.02753
975 175 0.0332605 1.03283
975 200 0.0318 1.02975
975 225 0.0325038 1.0364
975 250 0.0326171 1.03052
975 275 0.0326543 1.03609
975 300 0.0313176 1.03088
975 325 0.0321332 1.03098
975 350 0.030346 1.03761
975 375 0.0294152 1.04264
975 400 0.029336 1.0474
975 425 0.0281286 1.05303
975 450 0.0264339 1.06478
975 475 0.0259327 1.06094
975 500 0.0240895 1.08495
975 525 0.0216568 1.07351
975 550 0.019607 1.11196
975 575 0.015135 1.13014
1000 50 0.0349665 1.01875
1000 75 0.0331501 1.02305
1000 100 0.0327059 1.02517
1000 125 0.0331468 1.02613
1000 150 0.0328581 1.02562
1000 175 0.0338816 1.02922
1000 200 0.032902 1.02718
1000 225 0.0335013 1.03158
1000 250 0.0333773 1.02891
1000 275 0.0325921 1.03102
1000 300 0.031806 1.03059
1000 325 0.0333363 1.03743
1000 350 0.030423 1.0404
1000 375 0.031322 1.04314
1000 400 0.0297516 1.04577
1000 425 0.029721 1.04741
1000 450 0.0281555 1.0586
1000 475 0.0278723 1.06531
1000 500 0.025772 1.07985
1000 525 0.0244644 1.07614
1000 550 0.0225039 1.09425
1000 575 0.0197341 1.09144
1000 600 0.0156514 1.13718
1025 50 0.0334834 1.02061
1025 75 0.0330808 1.02098
1025 100 0.0335062 1.02381
1025 125 0.0337464 1.02415
1025 150 0.032705 1.02369
1025 175 0.0345027 1.02574
1025 200 0.034004 1.02477
1025 225 0.0333338 1.02517
1025 250 0.0324075 1.03141
1025 275 0.033967 1.02715
1025 300 0.031847 1.03149
1025 325 0.0327578 1.03819
1025 350 0.0296607 1.03238
1025 375 0.0313673 1.03509
1025 400 0.0304727 1.04348
1025 425 0.0310065 1.05549
1025 450 0.0293115 1.04505
1025 475 0.0276678 1.04746
1025 500 0.026887 1.06368
1025 525 0.024998 1.08113
1025 550 0.0234388 1.0799
1025 575 0.0226577 1.10209
1025 600 0.0189165 1.10071
1025 625 0.0159589 1.14201
1050 50 0.0337787 1.02981
1050 75 0.0344928 1.02106
1050 100 0.0349993 1.02029
1050 125 0.03346 1.02238
1050 150 0.0339082 1.02075
1050 175 0.0340838 1.02611
1050 200 0.033026 1.02286
1050 225 0.0329148 1.02299
1050 250 0.0324624 1.02964
1050 275 0.0332322 1.03054
1050 300 0.0323226 1.03667
1050 325 0.0331508 1.03411
1050 350 0.0327863 1.02826
1050 375 0.0318543 1.03193
1050 400 0.0319215 1.03484
1050 425 0.0300716 1.03351
1050 450 0.0307448 1.05212
1050 475 0.028062 1.04496
1050 500 0.0290352 1.05664
1050 525 0.0266046 1.04941
1050 550 0.0254634 1.06761
1050 575 0.0240252 1.07939
1050 600 0.0212914 1.09243
1050 625 0.0195321 1.10685
1050 650 0.016085 1.13722
1075 50 0.0335236 1.02544
1075 75 0.0355344 1.02612
1075 100 0.0334341 1.01955
1075 125 0.0339753 1.02566
1075 150 0.0347791 1.02463
1075 175 0.0344596 1.0221
1075 200 0.0324002 1.01836
1075 225 0.0339701 1.02131
1075 250 0.0336799 1.0252
1075 275 0.0323343 1.02908
1075 300 0.032392 1.02333
1075 325 0.0330623 1.02426
1075 350 0.0336155 1.02878
1075 375 0.0334115 1.0321
1075 400 0.0310407 1.04222
1075 425 0.0310558 1.0415
1075 450 0.0311126 1.03929
1075 475 0.0300687 1.04504
1075 500 0.0292376 1.04663
1075 525 0.0283121 1.05312
1075 550 0.0272169 1.05675
1075 575 0.0256965 1.06097
1075 600 0.0244968 1.08568
1075 625 0.021916 1.1045
1075 650 0.0190901 1.10745
1075 675 0.0158692 1.13978
1100 50 0.0334788 1.02188
1100 75 0.0337387 1.02787
1100 100 0.0336797 1.02056
1100 125 0.0346359 1.01728
1100 150 0.033911 1.02573
1100 175 0.0334254 1.02208
1100 200 0.0346123 1.0245
1100 225 0.0343013 1.02743
1100 250 0.0339666 1.02153
1100 275 0.0332575 1.02243
1100 300 0.0328347 1.02274
1100 325 0.0328575 1.02569
1100 350 0.0331764 1.02719
1100 375 0.032448 1.03298
1100 400 0.0320203 1.03912
1100 425 0.0322674 1.03051
1100 450 0.0308165 1.0361
1100 475 0.0322905 1.03282
1100 500 0.0312548 1.03867
1100 525 0.0300611 1.04
1100 550 0.0283572 1.05785
1100 575 0.0265603 1.05061
1100 600 0.0266992 1.07243
1100 625 0.0242487 1.07537
1100 650 0.0219323 1.09963
1100 675 0.0188812 1.11391
1100 700 0.0159473 1.14568
1125 50 0.0343993 1.02383
1125 75 0.0336691 1.02418
1125 100 0.0331333 1.02207
1125 125 0.0346847 1.02186
1125 150 0.0352559 1.02206
1125 175 0.0343804 1.02006
1125 200 0.035164 1.02072
1125 225 0.033545 1.02213
1125 250 0.0339959 1.01751
1125 275 0.0340369 1.01388
1125 300 0.0333723 1.01954
1125 325 0.0325944 1.02737
1125 350 0.0330758 1.02973
1125 375 0.034721 1.0293
1125 400 0.0325782 1.02824
1125 425 0.0328646 1.03697
1125 450 0.0329438 1.03295
1125 475 0.032385 1.03639
1125 500 0.0299433 1.04099
1125 525 0.0319113 1.04462
1125 550 0.0285735 1.04805
1125 575 0.0286559 1.05042
1125 600 0.0271764 1.05046
1125 625 0.0262255 1.06007
1125 650 0.0244596 1.08036
1125 675 0.0229716 1.10038
1125 700 0.018678 1.11405
1125 725 0.0154838 1.13751
1150 50 0.0347139 1.0203
1150 75 0.034477 1.01904
1150 100 0.0326092 1.02504
1150 125 0.0343778 1.01784
1150 150 0.0349279 1.02446
1150 175 0.0347901 1.02178
1150 200 0.0338588 1.02365
1150 225 0.033745 1.01344
1150 250 0.0335793 1.02452
1150 275 0.0351384 1.0197
1150 300 0.035014 1.02031
1150 325 0.0332758 1.02278
1150 350 0.0350729 1.02882
1150 375 0.033227 1.02071
1150 400 0.033647 1.0254
1150 425 0.0329355 1.02599
1150 450 0.0333148 1.02539
1150 475 0.0322528 1.0321
1150 500 0.0322233 1.03928
1150 525 0.0316199 1.03877
1150 550 0.0301097 1.04348
1150 575 0.0308985 1.04678
1150 600 0.0284885 1.05219
1150 625 0.0283509 1.05775
1150 650 0.0258275 1.07295
1150 675 0.0246929 1.08348
1150 700 0.0223194 1.09713
1150 725 0.0186383 1.09628
1150 750 0.0167051 1.13942
1175 50 0.0343155 1.01697
1175 75 0.0350323 1.01954
1175 100 0.0356929 1.0225
1175 125 0.0354042 1.01645
1175 150 0.0346445 1.01898
1175 175 0.0341404 1.01597
1175 200 0.0335608 1.01455
1175 225 0.035194 1.01988
1175 250 0.0336037 1.02035
1175 275 0.034856 1.01758
1175 300 0.03473 1.01865
1175 325 0.0339255 1.01971
1175 350 0.0343436 1.0259
1175 375 0.033951 1.02387
1175 400 0.0353595 1.02616
1175 425 0.0336673 1.02149
1175 450 0.0332305 1.02712
1175 475 0.0340491 1.03119
1175 500 0.0327657 1.02547
1175 525 0.0310187 1.0344
1175 550 0.0320759 1.04455
1175 575 0.0308238 1.03837
1175 600 0.0302096 1.04843
1175 625 0.0287803 1.04909
1175 650 0.0265128 1.06932
1175 675 0.0251703 1.0704
1175 700 0.0257036 1.07805
1175 725 0.0221203 1.0857
1175 750 0.0185113 1.11826
1175 775 0.0173611 1.12756
1200 50 0.0356922 1.02078
1200 75 0.0342656 1.01801
1200 100 0.0346747 1.02208
1200 125 0.0339158 1.0157
1200 150 0.0341932 1.01925
1200 175 0.0361302 1.01954
1200 200 0.0336577 1.01988
1200 225 0.0339202 1.02454
1200 250 0.0346129 1.02448
1200 275 0.034492 1.01889
1200 300 0.0344761 1.02212
1200 325 0.0344901 1.02257
1200 350 0.034601 1.01822
1200 375 0.0339283 1.01553
1200 400 0.0339192 1.01595
1200 425 0.0339617 1.02644
1200 450 0.0340071 1.02922
1200 475 0.0328794 1.02734
1200 500 0.0327416 1.03421
1200 525 0.0331102 1.03502
1200 550 0.0317799 1.03555
1200 575 0.030658 1.03354
1200 600 0.0300594 1.03871
1200 625 0.0295003 1.0462
1200 650 0.0291366 1.05872
1200 675 0.0262481 1.05851
1200 700 0.0266828 1.07985
1200 725 0.0246128 1.08084
1200 750 0.0229538 1.07888
1200 775 0.0186383 1.09672
1200 800 0.0170977 1.1285
