450 50 0.00818181 1.22461
475 50 0.0107413 1.17684
475 75 0.00908892 1.18495
500 50 0.0132431 1.14782
500 75 0.0121535 1.18298
500 100 0.0105265 1.18767
525 50 0.0152547 1.1368
525 75 0.0149548 1.15302
525 100 0.0122368 1.17063
525 125 0.0106345 1.17377
550 50 0.0180101 1.12729
550 75 0.0172767 1.16176
550 100 0.0145158 1.15801
550 125 0.0137416 1.16757
550 150 0.0110317 1.1845
575 50 0.0187912 1.11583
575 75 0.0181345 1.11825
575 100 0.0173463 1.108
575 125 0.0157696 1.13716
575 150 0.0137467 1.16984
575 175 0.0118726 1.16974
600 50 0.0210143 1.09695
600 75 0.0200538 1.10792
600 100 0.0191198 1.11518
600 125 0.0190009 1.11877
600 150 0.0166698 1.11411
600 175 0.0153258 1.14008
600 200 0.0125678 1.15648
625 50 0.0233634 1.08531
625 75 0.0230261 1.09788
625 100 0.0213972 1.10964
625 125 0.0209769 1.10131
625 150 0.0188787 1.12264
625 175 0.0174284 1.133
625 200 0.0150689 1.14149
625 225 0.0134124 1.15699
650 50 0.0242499 1.08215
650 75 0.0245088 1.08344
650 100 0.0236307 1.08416
650 125 0.0225633 1.10275
650 150 0.0213683 1.09728
650 175 0.0204204 1.11441
650 200 0.0168397 1.12673
650 225 0.0156641 1.15104
650 250 0.0128581 1.15189
675 50 0.0261083 1.07424
675 75 0.0258948 1.07765
675 100 0.0249712 1.09347
675 125 0.0241836 1.092
675 150 0.022243 1.09063
675 175 0.0219306 1.09825
675 200 0.0193141 1.11181
675 225 0.0191088 1.13066
675 250 0.0173547 1.14764
675 275 0.0134877 1.15429
700 50 0.0271629 1.08155
700 75 0.0254626 1.07
700 100 0.0255055 1.07815
700 125 0.0251543 1.09472
700 150 0.0239289 1.09605
700 175 0.0239609 1.09462
700 200 0.0221648 1.09759
700 225 0.0201461 1.10885
700 250 0.0186485 1.10801
700 275 0.0156082 1.14917
700 300 0.0141326 1.15834
725 50 0.0290414 1.06774
725 75 0.0275039 1.06566
725 100 0.0280072 1.07916
725 125 0.0259498 1.07291
725 150 0.0251364 1.06823
725 175 0.0245097 1.08341
725 200 0.0245723 1.07931
725 225 0.0223062 1.0956
725 250 0.0222906 1.09212
725 275 0.0198468 1.111
725 300 0.0168039 1.13777
725 325 0.0145071 1.15206
750 50 0.0287375 1.07034
750 75 0.0280799 1.06761
750 100 0.0265429 1.07777
750 125 0.028159 1.06856
750 150 0.0269151 1.08368
750 175 0.0268813 1.07088
750 200 0.0257555 1.08662
750 225 0.0242778 1.07087
750 250 0.0229128 1.08952
750 275 0.0212629 1.10512
750 300 0.0188821 1.11677
750 325 0.0168443 1.14378
750 350 0.0141837 1.14705
775 50 0.0290082 1.06739
775 75 0.0294978 1.06102
775 100 0.0283705 1.06901
775 125 0.0288759 1.06947
775 150 0.0279966 1.06905
775 175 0.0269012 1.07354
775 200 0.0254117 1.08292
775 225 0.0264067 1.08028
775 250 0.0252563 1.09362
775 275 0.0223609 1.0854
775 300 0.0219828 1.0971
775 325 0.0195256 1.12885
775 350 0.0178084 1.13095
775 375 0.0145989 1.16807
800 50 0.0308102 1.06364
800 75 0.0296536 1.06496
800 100 0.029767 1.06329
800 125 0.030417 1.06049
800 150 0.028955 1.07359
800 175 0.02827 1.0765
800 200 0.0269913 1.07252
800 225 0.0263045 1.08431
800 250 0.0259308 1.07392
800 275 0.0249929 1.07855
800 300 0.0239873 1.08973
800 325 0.0230735 1.08853
800 350 0.0206127 1.10572
800 375 0.0176793 1.15105
800 400 0.0153197 1.13956
825 50 0.0304869 1.06364
825 75 0.0291368 1.05962
825 100 0.0294751 1.06587
825 125 0.028062 1.06105
825 150 0.0306955 1.05997
825 175 0.0291162 1.06763
825 200 0.028197 1.07093
825 225 0.0283474 1.07048
825 250 0.0278405 1.06362
825 275 0.0255421 1.07625
825 300 0.0254826 1.08652
825 325 0.0234003 1.0883
825 350 0.0239888 1.09659
825 375 0.0194803 1.11993
825 400 0.0178327 1.12493
825 425 0.0145063 1.15541
850 50 0.0313244 1.05954
850 75 0.0314053 1.06088
850 100 0.0296666 1.05832
850 125 0.0305558 1.05499
850 150 0.0308257 1.06233
850 175 0.0281381 1.05738
850 200 0.0289653 1.06442
850 225 0.0290212 1.07042
850 250 0.0280616 1.0696
850 275 0.0280309 1.08225
850 300 0.0276284 1.07313
850 325 0.0259732 1.08308
850 350 0.0240211 1.08821
850 375 0.0224631 1.09683
850 400 0.0210213 1.10003
850 425 0.0172726 1.13548
850 450 0.0150953 1.14091
875 50 0.0320752 1.05792
875 75 0.030875 1.05719
875 100 0.0322383 1.06151
875 125 0.0303038 1.05867
875 150 0.0310519 1.06118
875 175 0.0313034 1.06208
875 200 0.0310013 1.06668
875 225 0.0313352 1.05739
875 250 0.0308342 1.06474
875 275 0.0276199 1.06572
875 300 0.0283805 1.06884
875 325 0.0261101 1.07709
875 350 0.024971 1.0915
875 375 0.0250971 1.08891
875 400 0.0237889 1.09038
875 425 0.0211234 1.10843
875 450 0.0181186 1.10912
875 475 0.0149412 1.14347
900 50 0.032713 1.05698
900 75 0.0319203 1.0507
900 100 0.0333343 1.05278
900 125 0.0317083 1.05517
900 150 0.0314251 1.05911
900 175 0.0308384 1.05942
900 200 0.0314468 1.05939
900 225 0.0306648 1.05912
900 250 0.0288924 1.06733
900 275 0.0287487 1.06942
900 300 0.0282077 1.06829
900 325 0.0291671 1.07095
900 350 0.0261545 1.07921
900 375 0.0260921 1.07833
900 400 0.0241699 1.08487
900 425 0.0231744 1.07784
900 450 0.0208655 1.10712
900 475 0.0186817 1.11758
900 500 0.0153174 1.15316
925 50 0.0331001 1.05562
925 75 0.0336656 1.05306
925 100 0.0311548 1.0595
925 125 0.0321501 1.05643
925 150 0.0309056 1.06131
925 175 0.0313276 1.05358
925 200 0.0310319 1.05269
925 225 0.0302538 1.06061
925 250 0.0305379 1.06138
925 275 0.0284879 1.06358
925 300 0.0279856 1.0669
925 325 0.0297864 1.0666
925 350 0.0289852 1.06975
925 375 0.02731 1.07417
925 400 0.0261948 1.08117
925 425 0.024507 1.08597
925 450 0.0241734 1.09763
925 475 0.02118 1.11015
925 500 0.0185457 1.12081
925 525 0.0146976 1.14658
950 50 0.0329861 1.05372
950 75 0.033093 1.05443
950 100 0.0314975 1.05416
950 125 0.0334177 1.05456
950 150 0.031687 1.05598
950 175 0.033189 1.05535
950 200 0.0324338 1.05491
950 225 0.0314648 1.06687
950 250 0.0321367 1.05809
950 275 0.0305921 1.05993
950 300 0.0312738 1.05479
950 325 0.0295194 1.06727
950 350 0.0296463 1.069
950 375 0.029578 1.07349
950 400 0.0281065 1.06796
950 425 0.0264402 1.0799
950 450 0.0255546 1.08057
950 475 0.0240501 1.0997
950 500 0.0216547 1.09829
950 525 0.0183785 1.12962
950 550 0.0163169 1.15358
975 50 0.0333217 1.05169
975 75 0.0329363 1.05371
975 100 0.0316295 1.05499
975 125 0.0322214 1.05799
975 150 0.0326265 1.05553
975 175 0.0329092 1.05471
975 200 0.0312812 1.05618
975 225 0.0323329 1.05756
975 250 0.0322502 1.0546
975 275 0.0323235 1.05586
975 300 0.0310635 1.05436
975 325 0.0318023 1.05517
975 350 0.0299891 1.06054
975 375 0.0290597 1.06257
975 400 0.0288997 1.06485
975 425 0.0278657 1.06829
975 450 0.0262095 1.08061
975 475 0.0256189 1.0757
975 500 0.0239061 1.09741
975 525 0.0213813 1.08763
975 550 0.0193342 1.12007
975 575 0.0149807 1.14
1000 50 0.0345806 1.04798
1000 75 0.0328037 1.05237
1000 100 0.0323763 1.05383
1000 125 0.0326994 1.05627
1000 150 0.0325268 1.05373
1000 175 0.0335053 1.05188
1000 200 0.0324006 1.05333
1000 225 0.0330848 1.05473
1000 250 0.0330085 1.054
1000 275 0.0319823 1.05589
1000 300 0.031463 1.0536
1000 325 0.0330114 1.05582
1000 350 0.0300975 1.06345
1000 375 0.0309786 1.06307
1000 400 0.0294462 1.06566
1000 425 0.0293923 1.06336
1000 450 0.027714 1.07558
1000 475 0.0276277 1.07961
1000 500 0.0254574 1.09266
1000 525 0.0242121 1.0886
1000 550 0.0221435 1.10607
1000 575 0.0194972 1.10216
1000 600 0.0153106 1.14692
1025 50 0.0330905 1.05044
1025 75 0.0326711 1.05108
1025 100 0.033123 1.05315
1025 125 0.0331774 1.05527
1025 150 0.0324272 1.05194
1025 175 0.0341013 1.04928
1025 200 0.0335199 1.05071
1025 225 0.0330359 1.05196
1025 250 0.031998 1.05617
1025 275 0.0336084 1.05241
1025 300 0.031516 1.05323
1025 325 0.0324383 1.05895
1025 350 0.0294676 1.05959
1025 375 0.0309697 1.05637
1025 400 0.0302134 1.06384
1025 425 0.0305993 1.07065
1025 450 0.0290206 1.06344
1025 475 0.0273421 1.06538
1025 500 0.0264684 1.0774
1025 525 0.0247948 1.09462
1025 550 0.0230516 1.0955
1025 575 0.0223278 1.11174
1025 600 0.0186508 1.11129
1025 625 0.0157081 1.15194
1050 50 0.0333086 1.05638
1050 75 0.0341403 1.05067
1050 100 0.0346193 1.0516
1050 125 0.0332105 1.0504
1050 150 0.033608 1.05107
1050 175 0.0336494 1.05384
1050 200 0.0327959 1.05138
1050 225 0.0326206 1.05431
1050 250 0.0320678 1.0541
1050 275 0.0328373 1.05466
1050 300 0.0318595 1.05767
1050 325 0.0327483 1.05831
1050 350 0.0323966 1.04878
1050 375 0.031453 1.056
1050 400 0.0316094 1.05597
1050 425 0.029775 1.0569
1050 450 0.0304724 1.06859
1050 475 0.0277191 1.06411
1050 500 0.0286737 1.07261
1050 525 0.0261604 1.0684
1050 550 0.0251872 1.08244
1050 575 0.023602 1.09025
1050 600 0.0209154 1.10582
1050 625 0.0193381 1.11669
1050 650 0.0159057 1.14571
1075 50 0.0330845 1.05369
1075 75 0.0352672 1.05189
1075 100 0.0331074 1.0501
1075 125 0.0335458 1.05068
1075 150 0.0343792 1.04913
1075 175 0.034155 1.05018
1075 200 0.0319539 1.05158
1075 225 0.0335288 1.04694
1075 250 0.0332887 1.05148
1075 275 0.0321102 1.05391
1075 300 0.0320646 1.0539
1075 325 0.03284 1.05055
1075 350 0.0332527 1.05236
1075 375 0.0329622 1.05639
1075 400 0.0306235 1.06118
1075 425 0.0305738 1.06173
1075 450 0.0307085 1.06012
1075 475 0.0297049 1.06427
1075 500 0.0288909 1.06676
1075 525 0.0280013 1.07189
1075 550 0.0269373 1.07648
1075 575 0.0252022 1.07884
1075 600 0.0242482 1.09645
1075 625 0.0216331 1.11409
1075 650 0.0186574 1.1187
1075 675 0.0156466 1.14773
1100 50 0.0331751 1.04935
1100 75 0.0334512 1.05272
1100 100 0.0334127 1.04823
1100 125 0.0344234 1.04831
1100 150 0.0336339 1.05221
1100 175 0.033201 1.05194
1100 200 0.0343046 1.05247
1100 225 0.0339912 1.05423
1100 250 0.0336123 1.04756
1100 275 0.0329329 1.05001
1100 300 0.032431 1.05253
1100 325 0.0325234 1.0505
1100 350 0.032827 1.05009
1100 375 0.0319953 1.05839
1100 400 0.0317791 1.0601
1100 425 0.0317645 1.05846
1100 450 0.0305597 1.06121
1100 475 0.0319398 1.05475
1100 500 0.0308509 1.05927
1100 525 0.0297473 1.06119
1100 550 0.0281086 1.07414
1100 575 0.0263069 1.06966
1100 600 0.0264979 1.08644
1100 625 0.0238344 1.08903
1100 650 0.0216332 1.11029
1100 675 0.0185548 1.12383
1100 700 0.0157377 1.15525
1125 50 0.0340657 1.05047
1125 75 0.0333175 1.05044
1125 100 0.0328325 1.05467
1125 125 0.0343698 1.05057
1125 150 0.0349441 1.0488
1125 175 0.0340527 1.05092
1125 200 0.0347577 1.04966
1125 225 0.0333043 1.05318
1125 250 0.0337321 1.05028
1125 275 0.0338241 1.04595
1125 300 0.0329123 1.05056
1125 325 0.032353 1.0543
1125 350 0.0327991 1.0546
1125 375 0.0343248 1.05116
1125 400 0.0321837 1.05295
1125 425 0.0325037 1.06209
1125 450 0.0324784 1.05524
1125 475 0.0322309 1.05776
1125 500 0.0294073 1.06416
1125 525 0.0315394 1.06476
1125 550 0.0281429 1.06665
1125 575 0.0284273 1.06868
1125 600 0.0268942 1.06962
1125 625 0.0258449 1.07606
1125 650 0.0239215 1.0919
1125 675 0.0227165 1.10984
1125 700 0.0183929 1.12466
1125 725 0.0152246 1.14665
1150 50 0.0343349 1.04851
1150 75 0.0340647 1.04978
1150 100 0.0323224 1.05756
1150 125 0.0340602 1.05345
1150 150 0.0345468 1.05298
1150 175 0.0344539 1.04972
1150 200 0.0335888 1.05169
1150 225 0.0332999 1.05226
1150 250 0.0332807 1.0532
1150 275 0.0346329 1.04853
1150 300 0.0346541 1.04738
1150 325 0.0329983 1.05306
1150 350 0.034727 1.05067
1150 375 0.0328673 1.05101
1150 400 0.0332877 1.05362
1150 425 0.0323687 1.05378
1150 450 0.0328479 1.05238
1150 475 0.0318164 1.05586
1150 500 0.0319357 1.05928
1150 525 0.0312687 1.05815
1150 550 0.0298634 1.06355
1150 575 0.0306016 1.06406
1150 600 0.0280662 1.07192
1150 625 0.0280865 1.07284
1150 650 0.0253141 1.08774
1150 675 0.0243781 1.09625
1150 700 0.0220838 1.10672
1150 725 0.0182345 1.10929
1150 750 0.0165674 1.14735
1175 50 0.0339486 1.05031
1175 75 0.0346813 1.05208
1175 100 0.0352923 1.05088
1175 125 0.0348228 1.04769
1175 150 0.0342044 1.04972
1175 175 0.0337933 1.04884
1175 200 0.0331432 1.05041
1175 225 0.0348611 1.04934
1175 250 0.0332797 1.05208
1175 275 0.0344488 1.0482
1175 300 0.0345449 1.0498
1175 325 0.0335907 1.04866
1175 350 0.0339498 1.0533
1175 375 0.0335455 1.0528
1175 400 0.0349094 1.05105
1175 425 0.033288 1.04736
1175 450 0.032904 1.0487
1175 475 0.0335848 1.05585
1175 500 0.0323152 1.05043
1175 525 0.0307168 1.05745
1175 550 0.0316794 1.06261
1175 575 0.0304952 1.05756
1175 600 0.0298724 1.06677
1175 625 0.0283794 1.06923
1175 650 0.0261396 1.08375
1175 675 0.0249633 1.08456
1175 700 0.0254807 1.09028
1175 725 0.0219382 1.09725
1175 750 0.0182033 1.12767
1175 775 0.0171268 1.13627
1200 50 0.0353608 1.0487
1200 75 0.0338721 1.0493
1200 100 0.0341661 1.05081
1200 125 0.0335382 1.05071
1200 150 0.0338303 1.04991
1200 175 0.0357695 1.04802
1200 200 0.0333319 1.05066
1200 225 0.0335802 1.05472
1200 250 0.0341546 1.05
1200 275 0.0342116 1.05053
1200 300 0.0340238 1.05025
1200 325 0.0340864 1.05096
1200 350 0.0341684 1.05032
1200 375 0.0335157 1.05009
1200 400 0.0334511 1.04795
1200 425 0.0334427 1.05282
1200 450 0.0336648 1.05328
1200 475 0.0325234 1.05287
1200 500 0.0323576 1.05885
1200 525 0.0326987 1.05689
1200 550 0.031416 1.05746
1200 575 0.0302863 1.05404
1200 600 0.0298228 1.05721
1200 625 0.0291826 1.06469
1200 650 0.028727 1.07433
1200 675 0.025933 1.07804
1200 700 0.0263773 1.09269
1200 725 0.0242876 1.09499
1200 750 0.0225712 1.09219
1200 775 0.0183775 1.10989
1200 800 0.0169261 1.1351
