450 50 0.0125592 1.16306
475 50 0.0156479 1.10985
475 75 0.0141101 1.12764
500 50 0.018177 1.09883
500 75 0.0165754 1.10689
500 100 0.0156063 1.12
525 50 0.0208005 1.09873
525 75 0.0200231 1.08733
525 100 0.0179702 1.10419
525 125 0.0154286 1.10888
550 50 0.0227377 1.09082
550 75 0.0227985 1.0945
550 100 0.0201376 1.09822
550 125 0.018732 1.104
550 150 0.0164077 1.1145
575 50 0.0233378 1.08595
575 75 0.0227964 1.08113
575 100 0.0217129 1.07366
575 125 0.0211681 1.0964
575 150 0.018671 1.10515
575 175 0.0172254 1.11501
600 50 0.0249879 1.07095
600 75 0.0245641 1.07193
600 100 0.023878 1.07391
600 125 0.0240763 1.07768
600 150 0.0214011 1.0883
600 175 0.0202528 1.09012
600 200 0.0177197 1.10087
625 50 0.0276199 1.06595
625 75 0.0278804 1.07411
625 100 0.0259262 1.08072
625 125 0.0252514 1.07186
625 150 0.0237753 1.0804
625 175 0.0222487 1.09201
625 200 0.0203259 1.09284
625 225 0.0183923 1.09483
650 50 0.0278719 1.06624
650 75 0.0288942 1.06883
650 100 0.0278984 1.06538
650 125 0.0269951 1.07789
650 150 0.0259065 1.07716
650 175 0.025161 1.07979
650 200 0.0219004 1.09
650 225 0.021378 1.08572
650 250 0.0183854 1.10432
675 50 0.0297654 1.05914
675 75 0.0297638 1.05811
675 100 0.0285467 1.05983
675 125 0.0283316 1.06323
675 150 0.0262076 1.0637
675 175 0.0261647 1.07037
675 200 0.0240093 1.07176
675 225 0.0236893 1.06812
675 250 0.0227759 1.08465
675 275 0.0179451 1.10336
700 50 0.0306605 1.05604
700 75 0.0289686 1.06326
700 100 0.0291549 1.05768
700 125 0.0288735 1.06259
700 150 0.0281422 1.06257
700 175 0.0277878 1.06918
700 200 0.026611 1.07011
700 225 0.0250485 1.07478
700 250 0.0239832 1.08238
700 275 0.0207773 1.08853
700 300 0.0190001 1.09068
725 50 0.0327774 1.05766
725 75 0.0304723 1.05131
725 100 0.0316909 1.05726
725 125 0.0298726 1.0651
725 150 0.0283931 1.06398
725 175 0.0280584 1.0558
725 200 0.0292064 1.06205
725 225 0.0264368 1.06633
725 250 0.0262685 1.06704
725 275 0.0245239 1.07722
725 300 0.0219999 1.08888
725 325 0.0199548 1.09745
750 50 0.031621 1.05582
750 75 0.0314264 1.05218
750 100 0.0299502 1.06784
750 125 0.0317469 1.06046
750 150 0.0305369 1.05959
750 175 0.0309775 1.05932
750 200 0.029412 1.05784
750 225 0.0280115 1.06123
750 250 0.0271378 1.06584
750 275 0.026042 1.06998
750 300 0.0232759 1.08019
750 325 0.0221474 1.09871
750 350 0.0194996 1.0909
775 50 0.031666 1.05547
775 75 0.0323763 1.05262
775 100 0.0318624 1.064
775 125 0.0320197 1.05402
775 150 0.0317049 1.05843
775 175 0.0299096 1.06218
775 200 0.0285639 1.06231
775 225 0.0298527 1.05739
775 250 0.0292661 1.06228
775 275 0.0265875 1.07143
775 300 0.0263032 1.06807
775 325 0.0239175 1.07421
775 350 0.0223415 1.07955
775 375 0.0199078 1.09392
800 50 0.0336983 1.05597
800 75 0.0318178 1.05103
800 100 0.0323065 1.05034
800 125 0.0332603 1.04943
800 150 0.0324171 1.05464
800 175 0.0317969 1.05619
800 200 0.0301694 1.05323
800 225 0.0296233 1.0612
800 250 0.0294984 1.05766
800 275 0.0286782 1.06241
800 300 0.0282328 1.06118
800 325 0.0268859 1.06625
800 350 0.0259558 1.07677
800 375 0.0228434 1.08095
800 400 0.0205486 1.09622
825 50 0.0333034 1.05816
825 75 0.0317082 1.05175
825 100 0.0322957 1.05695
825 125 0.0305809 1.054
825 150 0.0338265 1.0506
825 175 0.0320911 1.05428
825 200 0.0311066 1.05359
825 225 0.0315974 1.05854
825 250 0.0309587 1.05048
825 275 0.0290968 1.06079
825 300 0.0291408 1.06147
825 325 0.0276099 1.05976
825 350 0.0279348 1.06015
825 375 0.0237885 1.07735
825 400 0.0231673 1.07903
825 425 0.0198122 1.09317
850 50 0.0338703 1.05168
850 75 0.0341746 1.05352
850 100 0.032083 1.05127
850 125 0.0328704 1.05125
850 150 0.0334182 1.05171
850 175 0.030999 1.0559
850 200 0.0320451 1.05624
850 225 0.032031 1.05405
850 250 0.0309815 1.05224
850 275 0.0313342 1.05603
850 300 0.0310977 1.05464
850 325 0.0297177 1.05892
850 350 0.0277492 1.0626
850 375 0.0270665 1.07094
850 400 0.0259267 1.07182
850 425 0.0223615 1.08105
850 450 0.0206093 1.09483
875 50 0.0340582 1.04906
875 75 0.0332225 1.05118
875 100 0.0344391 1.04985
875 125 0.0326148 1.05102
875 150 0.0335399 1.04918
875 175 0.0335029 1.05013
875 200 0.0333868 1.05151
875 225 0.0341585 1.05332
875 250 0.0337388 1.05029
875 275 0.0304603 1.05432
875 300 0.0312719 1.05297
875 325 0.0298708 1.05757
875 350 0.0288085 1.06335
875 375 0.0294862 1.0666
875 400 0.0279274 1.06021
875 425 0.0254257 1.07604
875 450 0.0224968 1.07772
875 475 0.020278 1.10011
900 50 0.0347456 1.04921
900 75 0.0341126 1.04942
900 100 0.0354362 1.04739
900 125 0.0336407 1.05062
900 150 0.0338181 1.04855
900 175 0.0335269 1.05295
900 200 0.0338561 1.04746
900 225 0.0333018 1.054
900 250 0.0315828 1.0516
900 275 0.0312829 1.05471
900 300 0.0311194 1.05146
900 325 0.0324273 1.05384
900 350 0.0298055 1.05829
900 375 0.0299815 1.06432
900 400 0.0284009 1.06061
900 425 0.0274897 1.06284
900 450 0.0254068 1.07971
900 475 0.0240031 1.08486
900 500 0.0201335 1.10196
925 50 0.0351484 1.04885
925 75 0.0357696 1.05077
925 100 0.0333069 1.05144
925 125 0.0343501 1.05267
925 150 0.0331813 1.05172
925 175 0.0331107 1.04841
925 200 0.0329083 1.04929
925 225 0.0324344 1.05214
925 250 0.0326437 1.05002
925 275 0.0307853 1.05206
925 300 0.0307809 1.05517
925 325 0.0324155 1.05241
925 350 0.032268 1.0538
925 375 0.0306735 1.05524
925 400 0.029654 1.05562
925 425 0.0282014 1.05972
925 450 0.0283863 1.0665
925 475 0.0256874 1.07122
925 500 0.0236529 1.07407
925 525 0.0196811 1.10373
950 50 0.0351272 1.0494
950 75 0.0352396 1.04967
950 100 0.0335679 1.05095
950 125 0.0349508 1.04764
950 150 0.033691 1.05025
950 175 0.035129 1.04986
950 200 0.0348315 1.04844
950 225 0.0333999 1.05286
950 250 0.0340803 1.05035
950 275 0.033301 1.05516
950 300 0.033892 1.04875
950 325 0.0326432 1.05197
950 350 0.0324377 1.05224
950 375 0.0321176 1.05007
950 400 0.0310295 1.05574
950 425 0.0301482 1.05907
950 450 0.0292322 1.05796
950 475 0.0277714 1.06396
950 500 0.0262453 1.07393
950 525 0.0233946 1.08255
950 550 0.0216026 1.08346
975 50 0.0353693 1.04841
975 75 0.0348447 1.05289
975 100 0.0336503 1.05001
975 125 0.034335 1.05426
975 150 0.0348443 1.05223
975 175 0.0350183 1.04858
975 200 0.0331867 1.05037
975 225 0.0345813 1.05102
975 250 0.0349389 1.05215
975 275 0.0346356 1.04712
975 300 0.0336533 1.05013
975 325 0.0346197 1.05314
975 350 0.0324978 1.0549
975 375 0.0318061 1.05615
975 400 0.0317017 1.05055
975 425 0.0307955 1.05526
975 450 0.0299616 1.05731
975 475 0.0293973 1.05866
975 500 0.0284026 1.06367
975 525 0.0260084 1.06815
975 550 0.0247681 1.08679
975 575 0.0206025 1.10033
1000 50 0.0362453 1.04759
1000 75 0.0345836 1.05167
1000 100 0.0341363 1.05038
1000 125 0.0346073 1.05329
1000 150 0.0344293 1.05078
1000 175 0.0353198 1.04646
1000 200 0.0342851 1.04828
1000 225 0.0351072 1.0481
1000 250 0.0349652 1.05125
1000 275 0.0343097 1.0503
1000 300 0.0334591 1.04828
1000 325 0.0354074 1.04706
1000 350 0.0326767 1.05392
1000 375 0.0336271 1.05324
1000 400 0.0321039 1.05169
1000 425 0.0323614 1.05092
1000 450 0.0307614 1.05711
1000 475 0.031349 1.05684
1000 500 0.0292916 1.06602
1000 525 0.028238 1.06455
1000 550 0.02699 1.07394
1000 575 0.0241033 1.07487
1000 600 0.0201518 1.08963
1025 50 0.0346799 1.04988
1025 75 0.0343224 1.05045
1025 100 0.0346224 1.05108
1025 125 0.0348796 1.05252
1025 150 0.0340142 1.04934
1025 175 0.0356213 1.04502
1025 200 0.0353836 1.04668
1025 225 0.0350919 1.04898
1025 250 0.034137 1.05136
1025 275 0.0356161 1.04884
1025 300 0.0337002 1.04729
1025 325 0.0345889 1.04891
1025 350 0.031869 1.05344
1025 375 0.0335601 1.05125
1025 400 0.0328513 1.05259
1025 425 0.0331128 1.04834
1025 450 0.0320686 1.05428
1025 475 0.0305813 1.05671
1025 500 0.0296219 1.05323
1025 525 0.028049 1.06106
1025 550 0.027677 1.07297
1025 575 0.0266034 1.06567
1025 600 0.0233605 1.07656
1025 625 0.0208807 1.09153
1050 50 0.0347222 1.05047
1050 75 0.0357746 1.04929
1050 100 0.0361756 1.04982
1050 125 0.0350861 1.04743
1050 150 0.0353721 1.04867
1050 175 0.0349624 1.04944
1050 200 0.0346384 1.04846
1050 225 0.0345179 1.05174
1050 250 0.0338117 1.04859
1050 275 0.0346385 1.04838
1050 300 0.034263 1.05227
1050 325 0.034961 1.05103
1050 350 0.0343974 1.04318
1050 375 0.0338512 1.04999
1050 400 0.0340617 1.04981
1050 425 0.0324672 1.05246
1050 450 0.0331026 1.05086
1050 475 0.0305139 1.05576
1050 500 0.0321622 1.05728
1050 525 0.0295311 1.06102
1050 550 0.0291441 1.05891
1050 575 0.0275099 1.05854
1050 600 0.0252505 1.071
1050 625 0.0246394 1.07767
1050 650 0.021625 1.0983
1075 50 0.0347846 1.0503
1075 75 0.0368133 1.04703
1075 100 0.0350019 1.0478
1075 125 0.0350012 1.04591
1075 150 0.0359624 1.04423
1075 175 0.0358822 1.04728
1075 200 0.0337918 1.0517
1075 225 0.0353044 1.04457
1075 250 0.0353414 1.04728
1075 275 0.0335359 1.04921
1075 300 0.0339693 1.05089
1075 325 0.0346262 1.04701
1075 350 0.0352321 1.04707
1075 375 0.0350172 1.04838
1075 400 0.0329018 1.04805
1075 425 0.033042 1.05033
1075 450 0.0331546 1.0503
1075 475 0.0326845 1.05474
1075 500 0.031732 1.0558
1075 525 0.0310815 1.05764
1075 550 0.030514 1.06444
1075 575 0.0290263 1.06239
1075 600 0.0289809 1.06255
1075 625 0.0266225 1.06911
1075 650 0.0234761 1.07978
1075 675 0.020662 1.07661
1100 50 0.0344738 1.04577
1100 75 0.0349075 1.04798
1100 100 0.0351103 1.04571
1100 125 0.0357685 1.04744
1100 150 0.0350868 1.04805
1100 175 0.0348535 1.0474
1100 200 0.0359726 1.04972
1100 225 0.0355039 1.04939
1100 250 0.0351146 1.04491
1100 275 0.034411 1.04699
1100 300 0.0341515 1.05017
1100 325 0.0343836 1.04623
1100 350 0.0348847 1.04695
1100 375 0.0341329 1.05059
1100 400 0.0345558 1.05087
1100 425 0.03401 1.05226
1100 450 0.0333149 1.0538
1100 475 0.0340985 1.04831
1100 500 0.0332164 1.05054
1100 525 0.0324454 1.05143
1100 550 0.031042 1.05331
1100 575 0.0298002 1.06059
1100 600 0.0305496 1.06002
1100 625 0.0279631 1.06863
1100 650 0.0264603 1.07162
1100 675 0.0235062 1.07164
1100 700 0.0209578 1.07984
1125 50 0.0351981 1.04577
1125 75 0.0347806 1.04665
1125 100 0.0344217 1.05183
1125 125 0.0357067 1.047
1125 150 0.0366362 1.04607
1125 175 0.0355248 1.04994
1125 200 0.0361922 1.04746
1125 225 0.0348571 1.05047
1125 250 0.0352804 1.04932
1125 275 0.0350095 1.04551
1125 300 0.0346917 1.0491
1125 325 0.0339312 1.05098
1125 350 0.0345007 1.04908
1125 375 0.0360061 1.04664
1125 400 0.034196 1.04839
1125 425 0.0346113 1.0527
1125 450 0.0345657 1.04847
1125 475 0.034695 1.04985
1125 500 0.0317069 1.05555
1125 525 0.0341971 1.0517
1125 550 0.0309177 1.0536
1125 575 0.0314985 1.05576
1125 600 0.0300473 1.05584
1125 625 0.0296078 1.06299
1125 650 0.0281881 1.0605
1125 675 0.0272028 1.06382
1125 700 0.0231668 1.08887
1125 725 0.0210712 1.10628
1150 50 0.0355865 1.04506
1150 75 0.0352952 1.04721
1150 100 0.0336711 1.05484
1150 125 0.0354627 1.05161
1150 150 0.036104 1.04757
1150 175 0.0360662 1.04671
1150 200 0.0348772 1.04765
1150 225 0.0343859 1.05208
1150 250 0.0348227 1.04921
1150 275 0.0364484 1.04686
1150 300 0.0364174 1.04552
1150 325 0.0343702 1.05006
1150 350 0.0364193 1.04433
1150 375 0.0345549 1.04951
1150 400 0.0350822 1.04882
1150 425 0.0341408 1.04876
1150 450 0.0346854 1.04871
1150 475 0.0339926 1.05063
1150 500 0.0342572 1.04997
1150 525 0.033603 1.04727
1150 550 0.032541 1.05151
1150 575 0.0334852 1.05144
1150 600 0.0309703 1.05591
1150 625 0.0316069 1.05674
1150 650 0.0292895 1.06068
1150 675 0.0282648 1.06208
1150 700 0.0267619 1.069
1150 725 0.0236438 1.078
1150 750 0.0222027 1.09456
1175 50 0.0351187 1.04881
1175 75 0.0359731 1.05058
1175 100 0.0363522 1.04736
1175 125 0.036281 1.04587
1175 150 0.0356223 1.0476
1175 175 0.034882 1.04819
1175 200 0.0343323 1.05044
1175 225 0.0362581 1.04618
1175 250 0.0346965 1.04924
1175 275 0.035884 1.04719
1175 300 0.0361623 1.04715
1175 325 0.0352208 1.04722
1175 350 0.0355464 1.04945
1175 375 0.0352352 1.05029
1175 400 0.0363827 1.04712
1175 425 0.0355127 1.04656
1175 450 0.0346397 1.04277
1175 475 0.035316 1.04979
1175 500 0.0343429 1.04912
1175 525 0.033056 1.05153
1175 550 0.0342385 1.04912
1175 575 0.0326285 1.04934
1175 600 0.0325285 1.05128
1175 625 0.0315599 1.05352
1175 650 0.0295509 1.05523
1175 675 0.0282413 1.06009
1175 700 0.0288843 1.05982
1175 725 0.0267263 1.07119
1175 750 0.0233502 1.07898
1175 775 0.0224726 1.07932
1200 50 0.0366748 1.04587
1200 75 0.035288 1.04696
1200 100 0.0352075 1.04665
1200 125 0.0346843 1.04985
1200 150 0.0349245 1.04763
1200 175 0.0370952 1.0456
1200 200 0.034702 1.04803
1200 225 0.0346805 1.0508
1200 250 0.0352735 1.04552
1200 275 0.0355548 1.04786
1200 300 0.0354168 1.04749
1200 325 0.0356361 1.0466
1200 350 0.0352598 1.04908
1200 375 0.0348066 1.04939
1200 400 0.0350105 1.04635
1200 425 0.0350011 1.04801
1200 450 0.0352564 1.04621
1200 475 0.0346686 1.04881
1200 500 0.0347956 1.05181
1200 525 0.0349385 1.04878
1200 550 0.0338037 1.04792
1200 575 0.0327645 1.04651
1200 600 0.0323853 1.0511
1200 625 0.0316066 1.05253
1200 650 0.0320223 1.05439
1200 675 0.0292436 1.05985
1200 700 0.0296834 1.0587
1200 725 0.0281783 1.06457
1200 750 0.0273125 1.06763
1200 775 0.0237246 1.08145
1200 800 0.0228326 1.09394
