450 50 0.0126279 1.15324
475 50 0.0159056 1.09397
475 75 0.0143371 1.1174
500 50 0.0184663 1.0846
500 75 0.0167002 1.0942
500 100 0.0158878 1.1078
525 50 0.0210073 1.08467
525 75 0.0203171 1.07371
525 100 0.0183373 1.09157
525 125 0.0157169 1.09365
550 50 0.0229489 1.07791
550 75 0.0231123 1.08235
550 100 0.0203834 1.08357
550 125 0.0189961 1.08881
550 150 0.0166354 1.10061
575 50 0.0235966 1.06722
575 75 0.0230913 1.06603
575 100 0.022071 1.05639
575 125 0.0214757 1.0825
575 150 0.0189963 1.09201
575 175 0.0175337 1.10386
600 50 0.025253 1.05394
600 75 0.0248761 1.05185
600 100 0.0241909 1.05332
600 125 0.0243642 1.06
600 150 0.0215684 1.07274
600 175 0.0205033 1.07474
600 200 0.0178937 1.08729
625 50 0.0279019 1.04643
625 75 0.0283235 1.05644
625 100 0.0262459 1.06508
625 125 0.0255778 1.05378
625 150 0.0240441 1.06501
625 175 0.0225539 1.07636
625 200 0.0207406 1.07651
625 225 0.0185817 1.08168
650 50 0.0282443 1.04508
650 75 0.0292962 1.05199
650 100 0.0281955 1.04568
650 125 0.0272295 1.06094
650 150 0.0263023 1.05959
650 175 0.0253632 1.06345
650 200 0.0222933 1.07258
650 225 0.0216871 1.06827
650 250 0.0186421 1.09172
675 50 0.0301767 1.03819
675 75 0.0300096 1.03999
675 100 0.0289068 1.03545
675 125 0.0285735 1.04318
675 150 0.026476 1.04423
675 175 0.0263784 1.04901
675 200 0.0243289 1.05161
675 225 0.0238909 1.04848
675 250 0.0230228 1.06905
675 275 0.0183289 1.08803
700 50 0.0309923 1.03102
700 75 0.0292826 1.039
700 100 0.0295709 1.03396
700 125 0.0290945 1.03938
700 150 0.0283977 1.03586
700 175 0.0280551 1.05029
700 200 0.0269265 1.05255
700 225 0.0253402 1.05685
700 250 0.0243205 1.06846
700 275 0.0209964 1.07195
700 300 0.0191178 1.06912
725 50 0.0331089 1.03644
725 75 0.0309046 1.02168
725 100 0.0320368 1.03401
725 125 0.030236 1.04677
725 150 0.0287231 1.04313
725 175 0.0283032 1.03295
725 200 0.0294678 1.04345
725 225 0.0268206 1.04689
725 250 0.0265805 1.0463
725 275 0.0248524 1.06167
725 300 0.0223116 1.07316
725 325 0.0201527 1.08482
750 50 0.0319253 1.03308
750 75 0.0317547 1.02777
750 100 0.0303864 1.0495
750 125 0.0321744 1.04069
750 150 0.0308748 1.03798
750 175 0.031257 1.03971
750 200 0.0297687 1.03822
750 225 0.0283876 1.04061
750 250 0.0274145 1.04284
750 275 0.0264298 1.05033
750 300 0.0235261 1.06288
750 325 0.022476 1.08507
750 350 0.0197256 1.07349
775 50 0.032023 1.02696
775 75 0.0326314 1.02796
775 100 0.0320583 1.04275
775 125 0.0323237 1.02999
775 150 0.032203 1.03892
775 175 0.0303674 1.03361
775 200 0.0289049 1.03615
775 225 0.0301007 1.03417
775 250 0.0295249 1.04018
775 275 0.0269681 1.05028
775 300 0.026672 1.04904
775 325 0.0244065 1.05501
775 350 0.0226692 1.06062
775 375 0.0202675 1.07796
800 50 0.034044 1.02833
800 75 0.0322651 1.02055
800 100 0.0327259 1.02207
800 125 0.0336665 1.0217
800 150 0.0327433 1.03178
800 175 0.0321916 1.03256
800 200 0.0305036 1.02965
800 225 0.0300225 1.04007
800 250 0.0299862 1.03248
800 275 0.0291472 1.03754
800 300 0.0285092 1.04401
800 325 0.0272959 1.04391
800 350 0.0263638 1.06042
800 375 0.0230981 1.06626
800 400 0.0207938 1.08158
825 50 0.0336729 1.03448
825 75 0.0320457 1.0257
825 100 0.0326422 1.02977
825 125 0.0308681 1.02297
825 150 0.0340846 1.02705
825 175 0.0324317 1.03063
825 200 0.0313993 1.02999
825 225 0.0319952 1.03451
825 250 0.0313346 1.0267
825 275 0.0294768 1.03771
825 300 0.0295403 1.04088
825 325 0.0279147 1.03682
825 350 0.0282739 1.03935
825 375 0.0243526 1.05898
825 400 0.0233922 1.06178
825 425 0.0200925 1.07713
850 50 0.0342714 1.02159
850 75 0.0346623 1.02844
850 100 0.0324831 1.02292
850 125 0.0332072 1.02541
850 150 0.0338844 1.02356
850 175 0.0314531 1.02804
850 200 0.0324186 1.03096
850 225 0.0323614 1.03049
850 250 0.0313586 1.02842
850 275 0.0314855 1.03015
850 300 0.0315174 1.03067
850 325 0.0299433 1.03297
850 350 0.0281626 1.04056
850 375 0.0275059 1.05233
850 400 0.0261978 1.05348
850 425 0.022673 1.05957
850 450 0.0208665 1.0819
875 50 0.0344217 1.021
875 75 0.033625 1.02217
875 100 0.0347739 1.02185
875 125 0.0329904 1.02329
875 150 0.0338715 1.02129
875 175 0.033923 1.02179
875 200 0.0338035 1.02415
875 225 0.0345411 1.02682
875 250 0.0339988 1.02295
875 275 0.0308425 1.02997
875 300 0.0316749 1.03033
875 325 0.0302097 1.0329
875 350 0.0291289 1.03523
875 375 0.0299302 1.04793
875 400 0.0282974 1.04091
875 425 0.0257327 1.05971
875 450 0.0227912 1.0602
875 475 0.0205299 1.08704
900 50 0.035097 1.01975
900 75 0.0344311 1.021
900 100 0.0357711 1.01736
900 125 0.034027 1.02491
900 150 0.034316 1.01673
900 175 0.0339594 1.026
900 200 0.0342562 1.01762
900 225 0.033829 1.02899
900 250 0.0319208 1.02157
900 275 0.0316623 1.02169
900 300 0.031525 1.02573
900 325 0.0326679 1.02876
900 350 0.0301541 1.03228
900 375 0.0303268 1.04517
900 400 0.0288161 1.03947
900 425 0.0277613 1.04034
900 450 0.0257056 1.06143
900 475 0.0242841 1.0691
900 500 0.0204078 1.08922
925 50 0.0355397 1.01928
925 75 0.0361759 1.02109
925 100 0.0336972 1.01788
925 125 0.0347852 1.02416
925 150 0.033511 1.02324
925 175 0.0333361 1.02024
925 200 0.0331537 1.01552
925 225 0.0327553 1.01896
925 250 0.0328317 1.0221
925 275 0.0311647 1.01985
925 300 0.0312104 1.02682
925 325 0.0327784 1.02321
925 350 0.0327218 1.03033
925 375 0.0310194 1.03185
925 400 0.0300221 1.03169
925 425 0.028568 1.03301
925 450 0.0287415 1.04702
925 475 0.0259674 1.054
925 500 0.0240681 1.0579
925 525 0.0200579 1.08801
950 50 0.0355088 1.01827
950 75 0.0355131 1.01996
950 100 0.0340224 1.01944
950 125 0.0353648 1.01434
950 150 0.0340013 1.01925
950 175 0.0354941 1.01896
950 200 0.0350735 1.02068
950 225 0.033661 1.01845
950 250 0.0346339 1.01943
950 275 0.0337019 1.02414
950 300 0.0342648 1.02082
950 325 0.0330165 1.0264
950 350 0.0328645 1.02596
950 375 0.0325287 1.02254
950 400 0.0312559 1.0316
950 425 0.0305154 1.03271
950 450 0.0297144 1.03417
950 475 0.0281582 1.04232
950 500 0.0265215 1.05167
950 525 0.0237745 1.06181
950 550 0.0219625 1.0664
975 50 0.0358603 1.02069
975 75 0.0351463 1.02228
975 100 0.0339264 1.01497
975 125 0.0346608 1.02145
975 150 0.0352455 1.01952
975 175 0.0353879 1.02002
975 200 0.033724 1.01617
975 225 0.0347521 1.02603
975 250 0.0353058 1.02636
975 275 0.0349664 1.01923
975 300 0.0339073 1.02233
975 325 0.034997 1.02775
975 350 0.0328547 1.02666
975 375 0.0321798 1.03048
975 400 0.0321736 1.02232
975 425 0.0310932 1.03422
975 450 0.0302704 1.0315
975 475 0.0297295 1.03699
975 500 0.0286412 1.04187
975 525 0.0263673 1.04862
975 550 0.0251257 1.07468
975 575 0.0208218 1.08612
1000 50 0.0366313 1.01727
1000 75 0.0349571 1.02101
1000 100 0.034466 1.01611
1000 125 0.0350546 1.01954
1000 150 0.0347688 1.01744
1000 175 0.0357053 1.01613
1000 200 0.034805 1.01434
1000 225 0.0355422 1.01579
1000 250 0.0353797 1.02373
1000 275 0.0349534 1.01803
1000 300 0.0338881 1.01826
1000 325 0.0357323 1.02146
1000 350 0.0330337 1.02289
1000 375 0.0339854 1.02654
1000 400 0.0324265 1.02067
1000 425 0.0326901 1.02609
1000 450 0.0312562 1.03014
1000 475 0.0316111 1.03509
1000 500 0.0296374 1.04557
1000 525 0.0285088 1.04301
1000 550 0.0274039 1.05602
1000 575 0.0243566 1.05729
1000 600 0.0205623 1.07216
1025 50 0.0351217 1.01907
1025 75 0.0347679 1.01972
1025 100 0.0350055 1.0181
1025 125 0.0354484 1.01805
1025 150 0.034292 1.0153
1025 175 0.0360227 1.0137
1025 200 0.035886 1.01374
1025 225 0.0354069 1.01877
1025 250 0.0345464 1.02153
1025 275 0.0359931 1.02008
1025 300 0.0340462 1.02005
1025 325 0.0349268 1.01737
1025 350 0.0320943 1.01979
1025 375 0.0339577 1.0255
1025 400 0.0331289 1.02331
1025 425 0.0335549 1.02011
1025 450 0.0323964 1.03067
1025 475 0.030942 1.03399
1025 500 0.0300764 1.02865
1025 525 0.0282686 1.03505
1025 550 0.0281631 1.05172
1025 575 0.0269873 1.04591
1025 600 0.0236786 1.05879
1025 625 0.0212143 1.07394
1050 50 0.0351923 1.01668
1050 75 0.0361455 1.01659
1050 100 0.0365557 1.01491
1050 125 0.0353515 1.01498
1050 150 0.0356723 1.0147
1050 175 0.0354465 1.01324
1050 200 0.034887 1.01493
1050 225 0.0348285 1.01687
1050 250 0.0342248 1.01858
1050 275 0.0350333 1.01656
1050 300 0.0347594 1.02718
1050 325 0.0353783 1.02038
1050 350 0.034787 1.01459
1050 375 0.0342891 1.01919
1050 400 0.0344106 1.02404
1050 425 0.0328169 1.02489
1050 450 0.0333898 1.02197
1050 475 0.0308568 1.03194
1050 500 0.0325594 1.03506
1050 525 0.0300595 1.03769
1050 550 0.0294216 1.0322
1050 575 0.0279872 1.0381
1050 600 0.0257133 1.04727
1050 625 0.0249164 1.06141
1050 650 0.0218711 1.08553
1075 50 0.0352421 1.01728
1075 75 0.0371314 1.01463
1075 100 0.035347 1.014
1075 125 0.0354307 1.01266
1075 150 0.0363623 1.01346
1075 175 0.0362378 1.015
1075 200 0.0342878 1.01792
1075 225 0.0357641 1.01467
1075 250 0.0357327 1.01614
1075 275 0.0337749 1.01642
1075 300 0.0343152 1.01578
1075 325 0.0348486 1.01576
1075 350 0.0355949 1.01633
1075 375 0.0354835 1.01182
1075 400 0.0333376 1.01824
1075 425 0.0335727 1.02088
1075 450 0.0335771 1.02101
1075 475 0.0330483 1.02912
1075 500 0.0320951 1.02863
1075 525 0.0314789 1.03114
1075 550 0.0308448 1.03978
1075 575 0.0295544 1.03741
1075 600 0.0293096 1.0443
1075 625 0.026942 1.05215
1075 650 0.0240139 1.06143
1075 675 0.020969 1.05833
1100 50 0.0347775 1.01039
1100 75 0.0352134 1.01494
1100 100 0.0353773 1.01354
1100 125 0.0359811 1.01458
1100 150 0.0353638 1.01541
1100 175 0.0351138 1.00888
1100 200 0.0362803 1.01751
1100 225 0.0358304 1.01521
1100 250 0.0354872 1.01331
1100 275 0.0347724 1.01372
1100 300 0.0345552 1.01864
1100 325 0.034736 1.01466
1100 350 0.0352894 1.01922
1100 375 0.034619 1.01715
1100 400 0.034797 1.02457
1100 425 0.0345485 1.0173
1100 450 0.0335717 1.02
1100 475 0.0344491 1.01961
1100 500 0.0336551 1.02041
1100 525 0.032796 1.02058
1100 550 0.0313575 1.02636
1100 575 0.0301033 1.03681
1100 600 0.0308027 1.03798
1100 625 0.0284444 1.0487
1100 650 0.0268117 1.05343
1100 675 0.0238491 1.05461
1100 700 0.0212541 1.05927
1125 50 0.0355491 1.00906
1125 75 0.0351322 1.01398
1125 100 0.0347411 1.01379
1125 125 0.0360217 1.0109
1125 150 0.0369664 1.01572
1125 175 0.0358525 1.01708
1125 200 0.0365985 1.01395
1125 225 0.0350978 1.01537
1125 250 0.0355591 1.0155
1125 275 0.0352224 1.01143
1125 300 0.0351702 1.01551
1125 325 0.0342059 1.01709
1125 350 0.0347939 1.01653
1125 375 0.0364022 1.02054
1125 400 0.0346255 1.01633
1125 425 0.0349906 1.01565
1125 450 0.0350692 1.01804
1125 475 0.0348491 1.0219
1125 500 0.0322594 1.02583
1125 525 0.0345839 1.02095
1125 550 0.0313812 1.02466
1125 575 0.0317783 1.0297
1125 600 0.0303653 1.02746
1125 625 0.0300233 1.0416
1125 650 0.0287812 1.03957
1125 675 0.0275064 1.04445
1125 700 0.0234889 1.07151
1125 725 0.0214328 1.09443
1150 50 0.0359655 1.01111
1150 75 0.0357224 1.01204
1150 100 0.0339753 1.01714
1150 125 0.0358169 1.01171
1150 150 0.0365035 1.00954
1150 175 0.0364358 1.01483
1150 200 0.0351805 1.01072
1150 225 0.0348665 1.01093
1150 250 0.0351395 1.01603
1150 275 0.0369724 1.01522
1150 300 0.0367772 1.01479
1150 325 0.0346662 1.01298
1150 350 0.0367802 1.01483
1150 375 0.0349513 1.01653
1150 400 0.0354599 1.01374
1150 425 0.0347076 1.01337
1150 450 0.0351534 1.01507
1150 475 0.0344454 1.01929
1150 500 0.0345598 1.02237
1150 525 0.0339706 1.02043
1150 550 0.0328597 1.02128
1150 575 0.033782 1.02623
1150 600 0.0313926 1.02552
1150 625 0.0319062 1.03507
1150 650 0.02987 1.03756
1150 675 0.0286123 1.0371
1150 700 0.0270497 1.0526
1150 725 0.0241307 1.06019
1150 750 0.022429 1.08137
1175 50 0.0354856 1.00881
1175 75 0.0363242 1.01357
1175 100 0.0367528 1.01152
1175 125 0.0368787 1.0113
1175 150 0.0360806 1.01214
1175 175 0.0352291 1.01151
1175 200 0.0347498 1.01373
1175 225 0.0366245 1.00924
1175 250 0.035039 1.00988
1175 275 0.0363084 1.01511
1175 300 0.0363659 1.01012
1175 325 0.0355741 1.01374
1175 350 0.0359586 1.01459
1175 375 0.0356931 1.01542
1175 400 0.0368328 1.01588
1175 425 0.0359289 1.02052
1175 450 0.035003 1.01274
1175 475 0.0358139 1.01781
1175 500 0.0347934 1.0212
1175 525 0.0333578 1.02227
1175 550 0.03465 1.02338
1175 575 0.0329734 1.02351
1175 600 0.0328822 1.02066
1175 625 0.0319921 1.02242
1175 650 0.029924 1.02957
1175 675 0.0284483 1.03693
1175 700 0.0291577 1.03779
1175 725 0.0269777 1.05509
1175 750 0.0237732 1.0635
1175 775 0.0227735 1.06436
1200 50 0.0370245 1.01279
1200 75 0.0356816 1.01013
1200 100 0.035716 1.00863
1200 125 0.0350618 1.01192
1200 150 0.0352875 1.01133
1200 175 0.0374558 1.01075
1200 200 0.0350449 1.01291
1200 225 0.0350566 1.01388
1200 250 0.0357318 1.01213
1200 275 0.0358501 1.00968
1200 300 0.0358691 1.01462
1200 325 0.0360398 1.0111
1200 350 0.0356924 1.00856
1200 375 0.0352342 1.01309
1200 400 0.0354786 1.01102
1200 425 0.0355371 1.01373
1200 450 0.035632 1.01203
1200 475 0.0350411 1.0183
1200 500 0.035198 1.02157
1200 525 0.0353836 1.01899
1200 550 0.0342037 1.01499
1200 575 0.0331546 1.01623
1200 600 0.0326681 1.02846
1200 625 0.0319945 1.02365
1200 650 0.032484 1.02782
1200 675 0.0295587 1.02916
1200 700 0.0300409 1.0345
1200 725 0.028556 1.04189
1200 750 0.0277319 1.04931
1200 775 0.0240576 1.06331
1200 800 0.0230042 1.08284
