450 50 0.0126279 1.17176
475 50 0.0159056 1.11937
475 75 0.0143371 1.13545
500 50 0.0184663 1.11102
500 75 0.0167002 1.11593
500 100 0.0158878 1.12964
525 50 0.0210072 1.11023
525 75 0.0203171 1.09986
525 100 0.0183373 1.11575
525 125 0.0157169 1.12043
550 50 0.0229488 1.103
550 75 0.0231123 1.10529
550 100 0.0203834 1.10796
550 125 0.0189961 1.11704
550 150 0.0166354 1.12529
575 50 0.0235966 1.09703
575 75 0.0230913 1.09336
575 100 0.022071 1.08943
575 125 0.0214757 1.10715
575 150 0.0189963 1.11526
575 175 0.0175337 1.12404
600 50 0.025253 1.08445
600 75 0.0248761 1.08543
600 100 0.0241909 1.08694
600 125 0.0243642 1.09124
600 150 0.0215684 1.09882
600 175 0.0205033 1.10088
600 200 0.0178937 1.11336
625 50 0.0279019 1.08073
625 75 0.0283235 1.08743
625 100 0.0262459 1.09211
625 125 0.0255778 1.08591
625 150 0.0240441 1.0937
625 175 0.0225539 1.1021
625 200 0.0207406 1.10591
625 225 0.0185817 1.10617
650 50 0.0282443 1.08092
650 75 0.0292963 1.08068
650 100 0.0281956 1.07959
650 125 0.0272295 1.09049
650 150 0.0263023 1.08779
650 175 0.0253632 1.09324
650 200 0.0222933 1.10412
650 225 0.0216871 1.09977
650 250 0.0186421 1.11543
675 50 0.0301767 1.07437
675 75 0.0300096 1.07036
675 100 0.0289068 1.07534
675 125 0.0285735 1.07735
675 150 0.026476 1.08117
675 175 0.0263784 1.08591
675 200 0.0243289 1.08887
675 225 0.0238909 1.07982
675 250 0.0230228 1.09792
675 275 0.0183289 1.11821
700 50 0.0309922 1.07118
700 75 0.0292826 1.08075
700 100 0.0295709 1.07323
700 125 0.0290945 1.07778
700 150 0.0283978 1.08007
700 175 0.0280551 1.08403
700 200 0.0269265 1.08431
700 225 0.0253402 1.08843
700 250 0.0243205 1.09377
700 275 0.0209964 1.10126
700 300 0.0191178 1.10501
725 50 0.0331089 1.07088
725 75 0.0309046 1.06535
725 100 0.0320368 1.07104
725 125 0.030236 1.07754
725 150 0.0287231 1.0785
725 175 0.0283032 1.07202
725 200 0.0294678 1.07468
725 225 0.0268206 1.0802
725 250 0.0265805 1.08247
725 275 0.0248524 1.09131
725 300 0.0223116 1.10248
725 325 0.0201528 1.10892
750 50 0.0319253 1.06929
750 75 0.0317547 1.06619
750 100 0.0303864 1.0821
750 125 0.0321744 1.07402
750 150 0.0308748 1.07473
750 175 0.031257 1.07307
750 200 0.0297688 1.07118
750 225 0.0283876 1.07782
750 250 0.0274145 1.08186
750 275 0.0264298 1.08449
750 300 0.0235261 1.09458
750 325 0.022476 1.10755
750 350 0.0197256 1.10673
775 50 0.032023 1.07221
775 75 0.0326314 1.06919
775 100 0.0320583 1.07674
775 125 0.0323237 1.07024
775 150 0.032203 1.07181
775 175 0.0303674 1.07845
775 200 0.0289049 1.08016
775 225 0.0301007 1.07512
775 250 0.029525 1.07767
775 275 0.0269681 1.08695
775 300 0.026672 1.08403
775 325 0.0244065 1.0897
775 350 0.0226692 1.09499
775 375 0.0202675 1.10685
800 50 0.034044 1.06976
800 75 0.0322651 1.06946
800 100 0.0327259 1.06363
800 125 0.0336665 1.0633
800 150 0.0327433 1.06692
800 175 0.0321916 1.07032
800 200 0.0305036 1.06882
800 225 0.0300225 1.07531
800 250 0.0299862 1.07495
800 275 0.0291471 1.07637
800 300 0.0285092 1.07416
800 325 0.0272959 1.08184
800 350 0.0263638 1.09066
800 375 0.0230981 1.09304
800 400 0.0207938 1.10887
825 50 0.0336729 1.07275
825 75 0.0320457 1.06989
825 100 0.0326423 1.0738
825 125 0.0308681 1.07079
825 150 0.0340846 1.06448
825 175 0.0324317 1.07041
825 200 0.0313993 1.07153
825 225 0.0319951 1.07439
825 250 0.0313346 1.06674
825 275 0.0294768 1.07601
825 300 0.0295403 1.07639
825 325 0.0279147 1.07581
825 350 0.0282739 1.0749
825 375 0.0243526 1.09259
825 400 0.0233922 1.09403
825 425 0.0200925 1.10538
850 50 0.0342714 1.0647
850 75 0.0346622 1.06884
850 100 0.0324831 1.06711
850 125 0.0332072 1.06349
850 150 0.0338844 1.06623
850 175 0.0314531 1.07226
850 200 0.0324186 1.06963
850 225 0.0323614 1.06829
850 250 0.0313586 1.0674
850 275 0.0314855 1.07217
850 300 0.0315174 1.06936
850 325 0.0299433 1.07564
850 350 0.0281626 1.07949
850 375 0.0275059 1.08639
850 400 0.0261978 1.08518
850 425 0.022673 1.09611
850 450 0.0208665 1.10558
875 50 0.0344217 1.06396
875 75 0.033625 1.0666
875 100 0.0347738 1.06388
875 125 0.0329904 1.06725
875 150 0.0338715 1.0645
875 175 0.033923 1.06423
875 200 0.0338035 1.06294
875 225 0.0345411 1.06783
875 250 0.0339987 1.06503
875 275 0.0308425 1.06963
875 300 0.0316749 1.07021
875 325 0.0302097 1.07322
875 350 0.0291289 1.07843
875 375 0.0299303 1.07994
875 400 0.0282975 1.07465
875 425 0.0257327 1.08836
875 450 0.0227912 1.09299
875 475 0.0205299 1.10921
900 50 0.035097 1.06485
900 75 0.0344311 1.06362
900 100 0.0357711 1.06408
900 125 0.034027 1.06483
900 150 0.034316 1.06607
900 175 0.0339594 1.06727
900 200 0.0342561 1.06293
900 225 0.0338289 1.06846
900 250 0.0319207 1.06955
900 275 0.0316623 1.07114
900 300 0.031525 1.06536
900 325 0.0326679 1.06953
900 350 0.0301541 1.07496
900 375 0.0303268 1.07985
900 400 0.0288161 1.07531
900 425 0.0277613 1.07949
900 450 0.0257056 1.09295
900 475 0.0242841 1.09796
900 500 0.0204078 1.11402
925 50 0.0355397 1.06506
925 75 0.0361759 1.06551
925 100 0.0336972 1.06631
925 125 0.0347852 1.06628
925 150 0.0335111 1.06558
925 175 0.0333361 1.063
925 200 0.0331538 1.06633
925 225 0.0327553 1.06992
925 250 0.0328317 1.06549
925 275 0.0311647 1.06691
925 300 0.0312103 1.06997
925 325 0.0327784 1.06775
925 350 0.0327218 1.06733
925 375 0.0310194 1.06999
925 400 0.0300221 1.0712
925 425 0.028568 1.07469
925 450 0.0287415 1.07975
925 475 0.0259674 1.08594
925 500 0.0240681 1.08758
925 525 0.0200579 1.11377
950 50 0.0355088 1.06362
950 75 0.0355131 1.06397
950 100 0.0340223 1.06648
950 125 0.0353648 1.06049
950 150 0.0340013 1.06611
950 175 0.0354941 1.06462
950 200 0.0350735 1.06388
950 225 0.033661 1.06989
950 250 0.0346338 1.06543
950 275 0.0337019 1.07132
950 300 0.0342648 1.06492
950 325 0.0330165 1.0659
950 350 0.0328645 1.06989
950 375 0.0325287 1.06512
950 400 0.031256 1.07227
950 425 0.0305154 1.0759
950 450 0.0297144 1.07191
950 475 0.0281582 1.08093
950 500 0.0265215 1.08921
950 525 0.0237745 1.09716
950 550 0.0219625 1.0957
975 50 0.0358603 1.06307
975 75 0.0351463 1.06902
975 100 0.0339264 1.06604
975 125 0.0346608 1.06965
975 150 0.0352455 1.0652
975 175 0.0353878 1.06394
975 200 0.033724 1.06805
975 225 0.0347521 1.06524
975 250 0.0353058 1.06544
975 275 0.0349664 1.06165
975 300 0.0339074 1.06532
975 325 0.0349971 1.06904
975 350 0.0328547 1.06888
975 375 0.0321798 1.06919
975 400 0.0321736 1.06781
975 425 0.0310932 1.07035
975 450 0.0302704 1.07322
975 475 0.0297295 1.07173
975 500 0.0286412 1.07768
975 525 0.0263673 1.08248
975 550 0.0251257 1.09862
975 575 0.0208218 1.112
1000 50 0.0366313 1.06145
1000 75 0.0349571 1.06685
1000 100 0.034466 1.0645
1000 125 0.0350546 1.06815
1000 150 0.0347688 1.065
1000 175 0.0357053 1.06189
1000 200 0.034805 1.06361
1000 225 0.0355422 1.0626
1000 250 0.0353797 1.06407
1000 275 0.0349534 1.06482
1000 300 0.0338881 1.06354
1000 325 0.0357323 1.06357
1000 350 0.0330337 1.07038
1000 375 0.0339854 1.06579
1000 400 0.0324265 1.06805
1000 425 0.0326901 1.06757
1000 450 0.0312562 1.07298
1000 475 0.031611 1.07108
1000 500 0.0296375 1.07944
1000 525 0.0285088 1.07718
1000 550 0.0274038 1.08874
1000 575 0.0243566 1.08774
1000 600 0.0205623 1.10236
1025 50 0.0351217 1.06344
1025 75 0.0347679 1.06466
1025 100 0.0350055 1.0633
1025 125 0.0354484 1.06683
1025 150 0.034292 1.06487
1025 175 0.0360227 1.06036
1025 200 0.035886 1.05973
1025 225 0.035407 1.06438
1025 250 0.0345464 1.06865
1025 275 0.0359931 1.06081
1025 300 0.0340461 1.06068
1025 325 0.0349268 1.0634
1025 350 0.0320943 1.07029
1025 375 0.0339577 1.06733
1025 400 0.0331289 1.06844
1025 425 0.0335549 1.06402
1025 450 0.0323964 1.0672
1025 475 0.030942 1.07231
1025 500 0.0300764 1.06879
1025 525 0.0282685 1.07643
1025 550 0.0281631 1.08673
1025 575 0.0269873 1.08052
1025 600 0.0236786 1.09089
1025 625 0.0212143 1.10718
1050 50 0.0351923 1.06498
1050 75 0.0361456 1.06442
1050 100 0.0365557 1.06414
1050 125 0.0353515 1.06222
1050 150 0.0356723 1.06335
1050 175 0.0354465 1.06679
1050 200 0.034887 1.06405
1050 225 0.0348285 1.06856
1050 250 0.0342248 1.06349
1050 275 0.0350334 1.06335
1050 300 0.0347594 1.06751
1050 325 0.0353783 1.06554
1050 350 0.034787 1.05761
1050 375 0.0342891 1.06574
1050 400 0.0344106 1.06512
1050 425 0.0328169 1.06936
1050 450 0.0333899 1.0671
1050 475 0.0308568 1.07485
1050 500 0.0325594 1.07188
1050 525 0.0300596 1.07705
1050 550 0.0294216 1.0751
1050 575 0.0279872 1.07347
1050 600 0.0257133 1.08635
1050 625 0.0249164 1.09378
1050 650 0.0218711 1.1099
1075 50 0.0352421 1.06455
1075 75 0.0371314 1.05979
1075 100 0.035347 1.06387
1075 125 0.0354307 1.06038
1075 150 0.0363623 1.05726
1075 175 0.0362378 1.06051
1075 200 0.0342878 1.06619
1075 225 0.0357641 1.05937
1075 250 0.0357327 1.06003
1075 275 0.0337749 1.06701
1075 300 0.0343152 1.06706
1075 325 0.0348486 1.05976
1075 350 0.0355949 1.06407
1075 375 0.0354835 1.06344
1075 400 0.0333376 1.06519
1075 425 0.0335727 1.06875
1075 450 0.0335771 1.06745
1075 475 0.0330483 1.06792
1075 500 0.0320951 1.07009
1075 525 0.0314789 1.07203
1075 550 0.0308448 1.08133
1075 575 0.0295544 1.0776
1075 600 0.0293096 1.07757
1075 625 0.026942 1.08208
1075 650 0.0240139 1.0945
1075 675 0.020969 1.09191
1100 50 0.0347775 1.06085
1100 75 0.0352135 1.06252
1100 100 0.0353773 1.05883
1100 125 0.0359811 1.06124
1100 150 0.0353638 1.06352
1100 175 0.0351138 1.06392
1100 200 0.0362803 1.0636
1100 225 0.0358304 1.06285
1100 250 0.0354873 1.06101
1100 275 0.0347724 1.06273
1100 300 0.0345552 1.06345
1100 325 0.034736 1.06001
1100 350 0.0352893 1.06083
1100 375 0.034619 1.06457
1100 400 0.034797 1.06488
1100 425 0.0345485 1.06513
1100 450 0.0335717 1.07019
1100 475 0.034449 1.06331
1100 500 0.0336551 1.06565
1100 525 0.032796 1.06935
1100 550 0.0313575 1.06872
1100 575 0.0301033 1.07748
1100 600 0.0308027 1.07327
1100 625 0.0284444 1.08298
1100 650 0.0268117 1.08594
1100 675 0.0238491 1.08742
1100 700 0.0212541 1.09568
1125 50 0.0355491 1.05945
1125 75 0.0351322 1.05974
1125 100 0.0347411 1.0675
1125 125 0.0360218 1.06276
1125 150 0.0369664 1.06035
1125 175 0.0358526 1.06569
1125 200 0.0365985 1.06093
1125 225 0.0350978 1.06713
1125 250 0.0355591 1.06369
1125 275 0.0352224 1.06144
1125 300 0.0351702 1.06478
1125 325 0.0342059 1.0672
1125 350 0.0347939 1.06399
1125 375 0.0364022 1.05833
1125 400 0.0346255 1.06314
1125 425 0.0349906 1.06791
1125 450 0.0350693 1.06476
1125 475 0.0348491 1.06617
1125 500 0.0322594 1.07303
1125 525 0.0345839 1.06761
1125 550 0.0313812 1.07051
1125 575 0.0317783 1.07318
1125 600 0.0303653 1.07425
1125 625 0.0300233 1.07791
1125 650 0.0287813 1.07527
1125 675 0.0275064 1.07783
1125 700 0.0234888 1.10223
1125 725 0.0214328 1.11765
1150 50 0.0359655 1.05773
1150 75 0.0357224 1.06142
1150 100 0.0339753 1.07108
1150 125 0.0358169 1.06638
1150 150 0.0365035 1.06275
1150 175 0.0364358 1.06255
1150 200 0.0351805 1.06367
1150 225 0.0348666 1.06625
1150 250 0.0351395 1.06394
1150 275 0.0369724 1.05908
1150 300 0.0367772 1.0594
1150 325 0.0346662 1.06598
1150 350 0.0367802 1.05954
1150 375 0.0349513 1.06629
1150 400 0.0354599 1.06297
1150 425 0.0347075 1.06277
1150 450 0.0351534 1.06451
1150 475 0.0344454 1.06612
1150 500 0.0345598 1.06515
1150 525 0.0339706 1.06161
1150 550 0.0328597 1.06911
1150 575 0.033782 1.06746
1150 600 0.0313926 1.07262
1150 625 0.0319062 1.06992
1150 650 0.02987 1.07635
1150 675 0.0286123 1.07763
1150 700 0.0270497 1.08284
1150 725 0.0241306 1.09334
1150 750 0.022429 1.10635
1175 50 0.0354856 1.06314
1175 75 0.0363242 1.06354
1175 100 0.0367528 1.0607
1175 125 0.0368787 1.06052
1175 150 0.0360807 1.0619
1175 175 0.0352291 1.06247
1175 200 0.0347498 1.06608
1175 225 0.0366245 1.06116
1175 250 0.0350391 1.06541
1175 275 0.0363084 1.06084
1175 300 0.0363659 1.05994
1175 325 0.0355741 1.06375
1175 350 0.0359586 1.06403
1175 375 0.0356931 1.06347
1175 400 0.0368328 1.06141
1175 425 0.0359288 1.05968
1175 450 0.0350029 1.05707
1175 475 0.0358139 1.06375
1175 500 0.0347934 1.0645
1175 525 0.0333578 1.06856
1175 550 0.03465 1.06275
1175 575 0.0329734 1.06274
1175 600 0.0328822 1.06772
1175 625 0.0319922 1.07079
1175 650 0.029924 1.07164
1175 675 0.0284483 1.07696
1175 700 0.0291577 1.07674
1175 725 0.0269777 1.08584
1175 750 0.0237732 1.09363
1175 775 0.0227735 1.09147
1200 50 0.0370245 1.05953
1200 75 0.0356816 1.06165
1200 100 0.035716 1.06177
1200 125 0.0350619 1.06479
1200 150 0.0352874 1.0628
1200 175 0.0374559 1.06033
1200 200 0.0350449 1.06339
1200 225 0.0350566 1.06528
1200 250 0.0357318 1.05864
1200 275 0.0358502 1.06265
1200 300 0.0358692 1.06206
1200 325 0.0360398 1.06211
1200 350 0.0356924 1.06566
1200 375 0.0352342 1.06382
1200 400 0.0354786 1.06084
1200 425 0.0355371 1.06532
1200 450 0.035632 1.06165
1200 475 0.0350411 1.06537
1200 500 0.035198 1.06795
1200 525 0.0353836 1.06226
1200 550 0.0342036 1.06506
1200 575 0.0331546 1.06273
1200 600 0.0326681 1.06528
1200 625 0.0319946 1.06979
1200 650 0.032484 1.07081
1200 675 0.0295588 1.07897
1200 700 0.030041 1.07408
1200 725 0.028556 1.08059
1200 750 0.0277319 1.08043
1200 775 0.0240576 1.096
1200 800 0.0230042 1.10652
