1000 100 0.0328699 1.06477 7.48376 5.94546
1000 125 0.0330868 1.07184 7.49548 5.95402
1000 150 0.0326564 1.07235 7.49738 5.95527
1000 175 0.0338588 1.06853 7.49101 5.9486
1000 200 0.0323686 1.08018 7.51473 5.96721
1000 225 0.0329453 1.07616 7.5045 5.95817
1000 250 0.0330289 1.08131 7.51748 5.96953
1000 275 0.0309056 1.08809 7.53463 5.97652
1000 300 0.0300594 1.0931 7.5451 5.98496
1000 325 0.0313829 1.09477 7.55028 5.98776
1000 350 0.0286897 1.10097 7.56627 5.99859
1000 375 0.0286067 1.10924 7.59001 6.01568
1000 400 0.0270322 1.12815 7.64761 6.05568
1000 425 0.0269702 1.14383 7.70209 6.09805
1000 450 0.0246625 1.15956 7.76268 6.1541
1000 475 0.023535 1.16935 7.79683 6.18291
1000 500 0.0212415 1.18651 7.86862 6.23461
1000 50 0.0354801 1.06192 7.4765 5.94362
1000 525 0.0192435 1.21269 7.98694 6.32253
1000 550 0.0173132 1.21742 8.01013 6.34087
1000 575 0.0148013 1.25775 8.22004 6.50704
1000 600 0.0110233 1.3379 8.67436 6.85468
1000 75 0.0338349 1.06082 7.47407 5.94334
1025 100 0.0334461 1.06104 7.47472 5.94285
1025 125 0.0334959 1.06682 7.48739 5.94647
1025 150 0.0320765 1.06991 7.49234 5.95186
1025 175 0.034033 1.06653 7.48684 5.9471
1025 200 0.0333654 1.07415 7.50172 5.9565
1025 225 0.0327574 1.07238 7.49751 5.95526
1025 250 0.0313271 1.0801 7.51449 5.96741
1025 275 0.0331576 1.08066 7.51607 5.96791
1025 300 0.0311251 1.08432 7.52437 5.97436
1025 325 0.0306875 1.08681 7.53171 5.9763
1025 350 0.0286059 1.10471 7.57598 6.0063
1025 375 0.0299936 1.10577 7.57849 6.00897
1025 400 0.0278525 1.11393 7.60227 6.02292
1025 425 0.0283253 1.11666 7.60994 6.02791
1025 450 0.025873 1.13741 7.68054 6.07952
1025 475 0.0243733 1.14631 7.71057 6.10409
1025 500 0.0226809 1.16051 7.76581 6.15598
1025 50 0.0341043 1.05932 7.47121 5.94135
1025 525 0.0206853 1.20295 7.94118 6.28618
1025 550 0.0191283 1.18487 7.86011 6.22972
1025 575 0.0165023 1.23627 8.10367 6.41523
1025 600 0.0143569 1.25846 8.22429 6.50954
1025 625 0.0114163 1.28007 8.3453 6.59609
1025 75 0.0329411 1.05701 7.46761 5.93807
1050 100 0.0352862 1.05843 7.46926 5.93964
1050 125 0.0344768 1.06573 7.48561 5.94618
1050 150 0.0343298 1.06403 7.48239 5.94559
1050 175 0.0341172 1.06473 7.48363 5.94537
1050 200 0.0332794 1.06672 7.48715 5.94698
1050 225 0.0328365 1.07833 7.50979 5.96401
1050 250 0.0318418 1.07963 7.51377 5.96637
1050 275 0.0322617 1.07323 7.499 5.95526
1050 300 0.0313826 1.07936 7.51352 5.96558
1050 325 0.0317061 1.08491 7.52535 5.97517
1050 350 0.0308725 1.08033 7.51514 5.96736
1050 375 0.0306049 1.10582 7.57855 6.00914
1050 400 0.0301254 1.09424 7.54883 5.98628
1050 425 0.0278057 1.12334 7.63343 6.04373
1050 450 0.0278354 1.11686 7.6109 6.0286
1050 475 0.0258736 1.1283 7.64843 6.05586
1050 500 0.0252202 1.15366 7.73734 6.13546
1050 50 0.033793 1.0606 7.4737 5.94282
1050 525 0.0222577 1.16954 7.79743 6.18335
1050 550 0.0208591 1.20502 7.95188 6.29172
1050 575 0.0190178 1.20726 7.96292 6.29933
1050 600 0.0161629 1.23604 8.10224 6.4146
1050 625 0.0137 1.27165 8.2956 6.56256
1050 650 0.0116747 1.33021 8.63203 6.82057
1050 75 0.0350017 1.06229 7.47748 5.94374
1075 100 0.0340625 1.05706 7.46773 5.938
1075 125 0.034218 1.05481 7.46462 5.93517
1075 150 0.0347525 1.05974 7.4713 5.94202
1075 175 0.0346134 1.05997 7.472 5.94234
1075 200 0.0329739 1.0681 7.49051 5.94849
1075 225 0.032938 1.06374 7.48215 5.94456
1075 250 0.0332701 1.06475 7.48368 5.94551
1075 275 0.0319906 1.07264 7.49869 5.9546
1075 300 0.0318861 1.08085 7.51636 5.9683
1075 325 0.0322177 1.08084 7.51634 5.9683
1075 350 0.0327716 1.08247 7.52013 5.97225
1075 375 0.0314194 1.09098 7.54071 5.98281
1075 400 0.0281291 1.08922 7.53639 5.97916
1075 425 0.0289193 1.10415 7.57401 6.00484
1075 450 0.028836 1.12348 7.63366 6.04447
1075 475 0.0267267 1.12001 7.62124 6.03561
1075 500 0.0258554 1.12919 7.65171 6.05811
1075 50 0.0345508 1.06043 7.47329 5.94259
1075 525 0.0245156 1.14089 7.69235 6.08942
1075 550 0.0224852 1.17344 7.81343 6.19632
1075 575 0.0211158 1.20648 7.95922 6.29707
1075 600 0.0185823 1.20993 7.97551 6.30861
1075 625 0.0165848 1.23413 8.09252 6.40826
1075 650 0.0139905 1.2554 8.20527 6.49652
1075 675 0.0110752 1.28248 8.35868 6.59982
1075 75 0.0355951 1.05981 7.47145 5.94226
1100 100 0.0342676 1.05612 7.46643 5.93743
1100 125 0.0352002 1.05768 7.46857 5.93818
1100 150 0.0345575 1.06142 7.47583 5.94338
1100 175 0.0332867 1.0603 7.47293 5.9423
1100 200 0.0341595 1.06713 7.48828 5.94731
1100 225 0.0339955 1.06568 7.48568 5.9461
1100 250 0.0331771 1.07059 7.49375 5.95274
1100 275 0.0325708 1.06994 7.49224 5.95185
1100 300 0.0325287 1.07992 7.51413 5.96688
1100 325 0.031862 1.07938 7.51358 5.96573
1100 350 0.0326397 1.08312 7.52236 5.97273
1100 375 0.03097 1.08573 7.52725 5.97518
1100 400 0.0307542 1.08976 7.53804 5.98013
1100 425 0.03027 1.10377 7.57352 6.00473
1100 450 0.0289807 1.10697 7.58262 6.0114
1100 475 0.0301328 1.11008 7.59136 6.01638
1100 500 0.0276702 1.12132 7.62677 6.03797
1100 50 0.0337559 1.05244 7.46079 5.93308
1100 525 0.0267785 1.14578 7.7085 6.10384
1100 550 0.0249629 1.15215 7.73169 6.13087
1100 575 0.0224702 1.18844 7.87799 6.24308
1100 600 0.0216518 1.17637 7.8262 6.20512
1100 625 0.0186454 1.22384 8.0413 6.36548
1100 650 0.0168338 1.25823 8.22283 6.50814
1100 675 0.01388 1.25359 8.19466 6.48733
1100 700 0.0113019 1.2972 8.44877 6.67055
1100 75 0.0341505 1.05299 7.46227 5.93409
1125 100 0.0334612 1.05692 7.46715 5.9383
1125 125 0.0352728 1.05719 7.46748 5.93813
1125 150 0.0357027 1.05476 7.46475 5.93563
1125 175 0.0346578 1.05986 7.47166 5.9422
1125 200 0.0349196 1.06534 7.48461 5.94538
1125 225 0.0335511 1.06396 7.48257 5.94545
1125 250 0.0337257 1.06532 7.48464 5.94556
1125 275 0.0335954 1.06816 7.49063 5.94809
1125 300 0.0328498 1.072 7.49638 5.95424
1125 325 0.0324615 1.07623 7.50459 5.9584
1125 350 0.0324448 1.07725 7.50655 5.9621
1125 375 0.0334553 1.07628 7.50465 5.95829
1125 400 0.0317436 1.09245 7.54345 5.98458
1125 425 0.0310858 1.09234 7.54321 5.98407
1125 450 0.0307886 1.09066 7.54018 5.98221
1125 475 0.0296648 1.10813 7.58694 6.01265
1125 500 0.0265354 1.11732 7.61214 6.02976
1125 50 0.0343015 1.05508 7.46542 5.93555
1125 525 0.0279094 1.13705 7.67931 6.07834
1125 550 0.0255874 1.1218 7.62847 6.0402
1125 575 0.0246317 1.15043 7.72581 6.1256
1125 600 0.0230656 1.16716 7.78916 6.17608
1125 625 0.0202631 1.20384 7.94503 6.28877
1125 650 0.0179346 1.22397 8.04154 6.36518
1125 675 0.0163895 1.26737 8.27045 6.54652
1125 700 0.0132796 1.2451 8.14506 6.45128
1125 725 0.0109148 1.33247 8.64256 6.83171
1125 75 0.0340317 1.05224 7.46062 5.93278
1150 100 0.0331374 1.06661 7.48689 5.94683
1150 125 0.0346087 1.06145 7.47608 5.94332
1150 150 0.0347747 1.05894 7.47013 5.94069
1150 175 0.0346499 1.05456 7.46438 5.93492
1150 200 0.0337436 1.06052 7.4736 5.94264
1150 225 0.033212 1.06328 7.47978 5.9447
1150 250 0.0336705 1.06422 7.48262 5.94579
1150 275 0.0347372 1.06051 7.47359 5.9427
1150 300 0.034688 1.06175 7.47641 5.94351
1150 325 0.0322841 1.06839 7.49075 5.94844
1150 350 0.0339855 1.07553 7.50392 5.95755
1150 375 0.0327324 1.07082 7.4938 5.95381
1150 400 0.032224 1.08539 7.52662 5.97508
1150 425 0.0311707 1.09185 7.54172 5.98291
1150 450 0.0319692 1.08159 7.5173 5.96935
1150 475 0.0295127 1.08173 7.51782 5.96969
1150 500 0.0296254 1.10522 7.57732 6.00816
1150 50 0.0354255 1.0506 7.45831 5.9318
1150 525 0.0292501 1.11937 7.61846 6.03407
1150 550 0.0276142 1.12612 7.64136 6.0511
1150 575 0.027644 1.13865 7.684 6.08272
1150 600 0.0244814 1.15437 7.74043 6.13713
1150 625 0.0239567 1.17318 7.81299 6.19543
1150 650 0.0204958 1.20277 7.9408 6.28596
1150 675 0.0185709 1.2098 7.97497 6.31062
1150 700 0.0160108 1.24327 8.13392 6.44433
1150 725 0.0138707 1.26263 8.24607 6.52797
1150 750 0.0118441 1.30285 8.47998 6.69373
1150 75 0.0348763 1.05622 7.46645 5.93745
1175 100 0.0360967 1.05352 7.46311 5.93408
1175 125 0.035596 1.05788 7.46874 5.93807
1175 150 0.0348685 1.05652 7.46687 5.93796
1175 175 0.0348014 1.05643 7.46694 5.93775
1175 200 0.033282 1.06141 7.47581 5.94331
1175 225 0.0348865 1.06127 7.47542 5.94265
1175 250 0.0333364 1.0649 7.48412 5.94551
1175 275 0.0342388 1.0598 7.47157 5.94226
1175 300 0.0349986 1.06444 7.48263 5.94523
1175 325 0.033514 1.06885 7.49102 5.94967
1175 350 0.0341692 1.07873 7.51152 5.96515
1175 375 0.0329824 1.07452 7.50236 5.95596
1175 400 0.0338246 1.07333 7.49892 5.95516
1175 425 0.0326312 1.0743 7.50189 5.95588
1175 450 0.0313906 1.08515 7.52612 5.97505
1175 475 0.0323931 1.08457 7.5249 5.97419
1175 500 0.0304651 1.09984 7.56226 5.99549
1175 50 0.034455 1.05355 7.4632 5.93423
1175 525 0.0295358 1.10943 7.59045 6.01586
1175 550 0.0286227 1.10472 7.576 6.0064
1175 575 0.0266994 1.11724 7.61202 6.02958
1175 600 0.0257969 1.13608 7.67479 6.07521
1175 625 0.0250175 1.16354 7.77406 6.16547
1175 650 0.0217928 1.17178 7.80585 6.19209
1175 675 0.0200753 1.19168 7.89363 6.25329
1175 700 0.0191849 1.2088 7.9708 6.3047
1175 725 0.0160698 1.25083 8.17964 6.4772
1175 750 0.0125456 1.30364 8.48358 6.69736
1175 75 0.0351948 1.05526 7.4659 5.93599
1175 775 0.0116689 1.30501 8.49091 6.70277
1200 100 0.0345864 1.05294 7.46218 5.93387
1200 125 0.0342741 1.05751 7.46791 5.93794
1200 150 0.034382 1.05618 7.46633 5.93733
1200 175 0.0359756 1.05634 7.46693 5.93746
1200 200 0.0335365 1.057 7.46767 5.93807
1200 225 0.0338315 1.05936 7.47124 5.94131
1200 250 0.0343222 1.05496 7.46484 5.93563
1200 275 0.034748 1.06461 7.48286 5.94555
1200 300 0.0340405 1.0569 7.4671 5.9383
1200 325 0.0339733 1.06477 7.48376 5.94546
1200 350 0.0334033 1.07022 7.49263 5.95233
1200 375 0.0333851 1.06418 7.48252 5.94566
1200 400 0.0328082 1.06302 7.47952 5.94422
1200 425 0.0328273 1.07082 7.4938 5.95381
1200 450 0.032906 1.0799 7.51409 5.96682
1200 475 0.0317602 1.08835 7.53495 5.97762
1200 500 0.0313042 1.08412 7.52384 5.97385
1200 50 0.0360385 1.04937 7.45687 5.93113
1200 525 0.0307117 1.0988 7.56054 5.99364
1200 550 0.0286798 1.11543 7.60667 6.02653
1200 575 0.0280475 1.10808 7.58673 6.01284
1200 600 0.0274587 1.12325 7.63297 6.04341
1200 625 0.0256062 1.14265 7.69865 6.0947
1200 650 0.0251978 1.14081 7.69207 6.0895
1200 675 0.021932 1.16581 7.78364 6.17183
1200 700 0.0208719 1.19444 7.90582 6.26277
1200 725 0.019119 1.21725 8.00972 6.34068
1200 750 0.016471 1.24291 8.13117 6.44292
1200 75 0.034915 1.05336 7.46268 5.93399
1200 775 0.0134375 1.28534 8.37487 6.61197
1200 800 0.0113229 1.34359 8.71047 6.88196
450 50 0.0111876 1.25112 8.18068 6.4788
475 50 0.013292 1.24635 8.15143 6.45722
475 75 0.012084 1.25513 8.20366 6.49488
500 100 0.0124461 1.25362 8.19506 6.48748
500 50 0.0154896 1.23582 8.10125 6.41378
500 75 0.0141486 1.22818 8.06318 6.37858
525 100 0.0131769 1.24404 8.13804 6.44797
525 125 0.0120037 1.28835 8.39461 6.62736
525 50 0.0180247 1.2136 7.98985 6.32434
525 75 0.0163488 1.21661 8.00696 6.33763
550 100 0.015825 1.23865 8.11335 6.42309
550 125 0.0142324 1.23844 8.11236 6.42208
550 150 0.0121075 1.29242 8.41718 6.64741
550 50 0.0194859 1.19036 7.88784 6.25028
550 75 0.0187884 1.19489 7.90737 6.26407
575 100 0.0182048 1.19208 7.89606 6.25544
575 125 0.0163014 1.22343 8.03944 6.36436
575 150 0.0146324 1.22692 8.05621 6.37424
575 175 0.0124741 1.2801 8.34536 6.59625
575 50 0.0208797 1.18087 7.84294 6.21878
575 75 0.0195846 1.20011 7.92818 6.279
600 100 0.0186979 1.18853 7.87884 6.24356
600 125 0.0186478 1.19373 7.90301 6.26122
600 150 0.0162054 1.20779 7.96587 6.30151
600 175 0.014435 1.24463 8.14231 6.44972
600 200 0.012533 1.27334 8.30718 6.57033
600 50 0.0229553 1.14773 7.71583 6.11761
600 75 0.0214673 1.1825 7.8497 6.22325
625 100 0.021841 1.17519 7.82079 6.20161
625 125 0.0203803 1.17589 7.82381 6.20319
625 150 0.0186475 1.19036 7.88784 6.25028
625 175 0.0168399 1.23655 8.10446 6.4163
625 200 0.0141691 1.24096 8.12271 6.43424
625 225 0.0119398 1.29808 8.45387 6.67277
625 50 0.0249705 1.15859 7.7589 6.15002
625 75 0.0238924 1.15272 7.73392 6.13339
650 100 0.0234456 1.15324 7.73603 6.13435
650 125 0.0219193 1.16975 7.79795 6.18378
650 150 0.0203892 1.1973 7.91669 6.27121
650 175 0.0198611 1.19664 7.91635 6.26887
650 200 0.0162615 1.21748 8.01019 6.34147
650 225 0.0142832 1.25977 8.23145 6.51668
650 250 0.0131746 1.23478 8.09664 6.41112
650 50 0.0252822 1.13111 7.65729 6.06311
650 75 0.0254441 1.14222 7.6972 6.09329
675 100 0.0243708 1.13782 7.6823 6.08095
675 125 0.0241172 1.15741 7.75345 6.14613
675 150 0.0221416 1.16765 7.79114 6.17718
675 175 0.0208342 1.17593 7.82378 6.20338
675 200 0.0179594 1.19579 7.91161 6.26657
675 225 0.017033 1.20644 7.95903 6.29668
675 250 0.0158347 1.22628 8.05301 6.37274
675 275 0.0122723 1.27973 8.34265 6.59483
675 50 0.0270407 1.11843 7.61544 6.03241
675 75 0.0267533 1.13165 7.65953 6.06445
700 100 0.0259621 1.13246 7.6625 6.06667
700 125 0.0245506 1.15282 7.73393 6.13359
700 150 0.0233598 1.15477 7.74196 6.13801
700 175 0.023008 1.16391 7.77577 6.16648
700 200 0.0207258 1.18348 7.85311 6.2262
700 225 0.01882 1.19521 7.90887 6.26463
700 250 0.0162499 1.23047 8.07475 6.38729
700 275 0.0142099 1.22961 8.07086 6.38374
700 300 0.012454 1.25616 8.2107 6.49876
700 50 0.0282338 1.12672 7.64295 6.05269
700 75 0.0264055 1.11574 7.60771 6.02703
725 100 0.028224 1.13009 7.65386 6.06103
725 125 0.0255577 1.14336 7.70058 6.09631
725 150 0.0251478 1.13621 7.67548 6.07538
725 175 0.0236644 1.14762 7.71509 6.10832
725 200 0.0224862 1.16654 7.78665 6.17495
725 225 0.0206983 1.17596 7.82382 6.20332
725 250 0.0200799 1.20436 7.94757 6.28967
725 275 0.0172415 1.20942 7.97321 6.30606
725 300 0.0145373 1.22825 8.06361 6.3793
725 325 0.012415 1.28377 8.36583 6.60534
725 50 0.0297173 1.11019 7.59183 6.0166
725 75 0.0272561 1.1158 7.60763 6.02706
750 100 0.0268847 1.10799 7.58624 6.01264
750 125 0.0287329 1.11195 7.59722 6.01902
750 150 0.0263299 1.12683 7.64354 6.05259
750 175 0.0264373 1.13915 7.68541 6.0847
750 200 0.0243042 1.16015 7.76471 6.1552
750 225 0.0220007 1.16428 7.77758 6.16707
750 250 0.0201944 1.19015 7.88729 6.2495
750 275 0.0192464 1.20253 7.93931 6.28498
750 300 0.0163238 1.21259 7.98608 6.32219
750 325 0.0152946 1.26626 8.26481 6.54232
750 350 0.0122625 1.26779 8.27417 6.54888
750 50 0.0294703 1.11697 7.61106 6.02912
750 75 0.0285426 1.09232 7.54295 5.98385
775 100 0.0287708 1.10098 7.56638 5.99855
775 125 0.0285718 1.11029 7.59203 6.0166
775 150 0.0278089 1.13091 7.65613 6.06267
775 175 0.0258142 1.13869 7.68391 6.08281
775 200 0.0246316 1.13553 7.67314 6.07295
775 225 0.0249566 1.14929 7.72135 6.12239
775 250 0.0238618 1.18191 7.848 6.22261
775 275 0.0195542 1.17123 7.80353 6.18944
775 300 0.0195086 1.19637 7.91448 6.26847
775 325 0.0173123 1.24429 8.13961 6.44867
775 350 0.0148919 1.2319 8.08249 6.39263
775 375 0.0134508 1.28258 8.35918 6.60006
775 50 0.0298997 1.09145 7.54104 5.98271
775 75 0.0303841 1.0996 7.56106 5.99544
800 100 0.0306875 1.09169 7.54138 5.98277
800 125 0.0303758 1.09852 7.55988 5.9931
800 150 0.0291758 1.09837 7.5591 5.99336
800 175 0.0271317 1.12311 7.63245 6.04305
800 200 0.0257909 1.11138 7.59503 6.01855
800 225 0.0256318 1.1497 7.72264 6.12309
800 250 0.0239871 1.17081 7.80194 6.18704
800 275 0.0225539 1.15232 7.73261 6.1313
800 300 0.0216929 1.18382 7.85431 6.22675
800 325 0.0193257 1.1853 7.86246 6.23064
800 350 0.0172817 1.20852 7.96917 6.30428
800 375 0.0145622 1.24558 8.14764 6.45415
800 400 0.0128182 1.27931 8.34041 6.59348
800 50 0.0320086 1.1027 7.56978 6.00243
800 75 0.0297798 1.10029 7.56382 5.99604
825 100 0.0296305 1.08172 7.51766 5.96969
825 125 0.0287321 1.10201 7.56905 6.00116
825 150 0.0310747 1.10346 7.5719 6.00394
825 175 0.0280134 1.12256 7.63152 6.04194
825 200 0.0271197 1.12961 7.65246 6.06056
825 225 0.0270998 1.12478 7.63749 6.04826
825 250 0.0258275 1.13752 7.6808 6.07963
825 275 0.0235921 1.13868 7.68391 6.08267
825 300 0.0227406 1.17942 7.83639 6.21375
825 325 0.0208659 1.19192 7.89459 6.25478
825 350 0.0201124 1.19233 7.89674 6.25644
825 375 0.0160827 1.22104 8.0274 6.35552
825 400 0.0141775 1.23029 8.07395 6.38626
825 425 0.0117277 1.30703 8.50234 6.71141
825 50 0.0313267 1.08171 7.51769 5.96969
825 75 0.0300923 1.08477 7.52514 5.97509
850 100 0.0304523 1.08946 7.53746 5.97977
850 125 0.0311159 1.09746 7.55703 5.9913
850 150 0.0300783 1.09717 7.55581 5.99051
850 175 0.0278674 1.10355 7.57244 6.00415
850 200 0.0285026 1.12096 7.62551 6.03677
850 225 0.0277256 1.10483 7.57628 6.00696
850 250 0.0263287 1.11816 7.61464 6.0315
850 275 0.0255536 1.14265 7.69865 6.0947
850 300 0.0249671 1.14953 7.7223 6.12335
850 325 0.0231194 1.14857 7.71837 6.12071
850 350 0.0203465 1.16864 7.79402 6.17981
850 375 0.0187464 1.19431 7.90535 6.26251
850 400 0.0170472 1.21475 7.99664 6.32848
850 425 0.0141351 1.24148 8.12456 6.43647
850 450 0.0129048 1.28017 8.34565 6.59684
850 50 0.0328285 1.08128 7.51736 5.96947
850 75 0.0327116 1.08317 7.52242 5.9726
875 100 0.0326838 1.07615 7.50449 5.95795
875 125 0.0310301 1.08522 7.52647 5.97501
875 150 0.0308394 1.0868 7.53182 5.97614
875 175 0.0310534 1.09039 7.53931 5.98143
875 200 0.03075 1.1017 7.56847 5.99989
875 225 0.0301286 1.11467 7.60458 6.02521
875 250 0.0286872 1.13262 7.66341 6.06697
875 275 0.0260138 1.14237 7.69774 6.09354
875 300 0.0265017 1.11862 7.61606 6.03245
875 325 0.02411 1.15051 7.72602 6.12545
875 350 0.0223647 1.18228 7.84897 6.22314
875 375 0.0214247 1.17781 7.83154 6.20904
875 400 0.0197667 1.21522 7.99872 6.33073
875 425 0.0165034 1.25814 8.22229 6.50796
875 450 0.0148431 1.21005 7.97606 6.30897
875 475 0.0121086 1.28686 8.38459 6.62026
875 50 0.0324141 1.07634 7.50499 5.95855
875 75 0.0318316 1.08248 7.52022 5.97225
900 100 0.0332819 1.07924 7.51338 5.96549
900 125 0.0316617 1.08828 7.53486 5.97746
900 150 0.0314762 1.07944 7.51362 5.96593
900 175 0.030977 1.09812 7.55834 5.99261
900 200 0.0306425 1.08627 7.52928 5.97565
900 225 0.0295627 1.09768 7.55748 5.9914
900 250 0.0276337 1.10713 7.58396 6.01164
900 275 0.0271035 1.12103 7.62579 6.03684
900 300 0.0261962 1.11731 7.61205 6.02971
900 325 0.0273816 1.14065 7.69141 6.08933
900 350 0.024114 1.14443 7.70482 6.10015
900 375 0.0232371 1.16288 7.77116 6.16334
900 400 0.0210227 1.20114 7.9332 6.28128
900 425 0.0190594 1.20255 7.93959 6.285
900 450 0.0166717 1.20994 7.97542 6.30873
900 475 0.0144452 1.24305 8.13241 6.44394
900 500 0.0116486 1.29772 8.45149 6.67172
900 50 0.0336686 1.06519 7.48492 5.94607
900 75 0.0327531 1.06575 7.48572 5.94602
925 100 0.0320242 1.08127 7.51736 5.96946
925 125 0.0327487 1.07951 7.51344 5.96613
925 150 0.0318395 1.0746 7.50261 5.95639
925 175 0.0312649 1.08641 7.52996 5.97625
925 200 0.0305569 1.08852 7.53533 5.97786
925 225 0.0297677 1.09355 7.5463 5.9852
925 250 0.0298355 1.08941 7.53719 5.97973
925 275 0.0274453 1.10873 7.58746 6.01529
925 300 0.0268344 1.10801 7.58629 6.01259
925 325 0.0278105 1.13134 7.6583 6.06356
925 350 0.0262956 1.1439 7.7021 6.09832
925 375 0.023923 1.14063 7.6913 6.08914
925 400 0.0226054 1.14968 7.72253 6.12302
925 425 0.0195358 1.17276 7.81096 6.19429
925 450 0.0189303 1.21448 7.99485 6.32821
925 475 0.0173448 1.24298 8.13179 6.44342
925 500 0.014345 1.25376 8.19575 6.48814
925 50 0.0339277 1.06614 7.48622 5.94554
925 525 0.0114084 1.29723 8.44876 6.67036
925 75 0.0342507 1.06797 7.4903 5.94824
950 100 0.0321146 1.06781 7.48987 5.94764
950 125 0.033928 1.0704 7.49313 5.95225
950 150 0.0319711 1.07233 7.49736 5.95518
950 175 0.0328473 1.07931 7.51344 5.96547
950 200 0.0328714 1.07834 7.50978 5.96408
950 225 0.0312621 1.08579 7.52747 5.97514
950 250 0.0309154 1.08991 7.5384 5.98007
950 275 0.0300072 1.09472 7.55007 5.98769
950 300 0.0304209 1.12929 7.65217 6.05912
950 325 0.0285814 1.11616 7.60858 6.02745
950 350 0.0269472 1.13814 7.68284 6.08159
950 375 0.025819 1.14586 7.70877 6.10351
950 400 0.0248321 1.14449 7.70495 6.10033
950 425 0.0225413 1.16398 7.77638 6.16666
950 450 0.021244 1.17941 7.83639 6.21365
950 475 0.0194683 1.20289 7.94096 6.28593
950 500 0.0173971 1.23179 8.08211 6.3921
950 50 0.0336619 1.06808 7.49034 5.94853
950 525 0.0137918 1.26146 8.23996 6.52231
950 550 0.0127541 1.28515 8.37413 6.61057
950 75 0.034123 1.06385 7.4824 5.9456
975 100 0.0322937 1.06874 7.4913 5.9491
975 125 0.0326777 1.07835 7.50984 5.96416
975 150 0.0332363 1.07472 7.50246 5.95663
975 175 0.0336846 1.07058 7.49378 5.9526
975 200 0.0313718 1.08675 7.53165 5.97601
975 225 0.0326262 1.08032 7.5151 5.96732
975 250 0.0316517 1.08266 7.52127 5.97216
975 275 0.0311013 1.0837 7.52314 5.97362
975 300 0.0297567 1.09714 7.5558 5.99057
975 325 0.0303789 1.11391 7.60215 6.02309
975 350 0.0280607 1.13009 7.65386 6.06103
975 375 0.0274273 1.12423 7.63571 6.04527
975 400 0.0260345 1.13709 7.67968 6.07879
975 425 0.0234875 1.18469 7.85868 6.22942
975 450 0.0231545 1.15711 7.75148 6.14555
975 475 0.0214389 1.17806 7.83236 6.20907
975 500 0.0184988 1.20615 7.95774 6.29605
975 50 0.0343138 1.05847 7.46923 5.93978
975 525 0.0159687 1.22594 8.05174 6.37057
975 550 0.014425 1.29592 8.44251 6.6624
975 575 0.0116348 1.28545 8.37539 6.61257
975 75 0.0347286 1.06481 7.48384 5.94526
