1000 100 0.0293718 1.07654 2.95002 3.80756
1000 125 0.0293902 1.08261 2.94938 3.80995
1000 150 0.0288025 1.08189 2.94952 3.80924
1000 175 0.0300126 1.08335 2.9511 3.80834
1000 200 0.0286186 1.09231 2.95299 3.81424
1000 225 0.0293022 1.09012 2.95321 3.81223
1000 250 0.0288905 1.09424 2.95432 3.81603
1000 275 0.0272798 1.10017 2.9518 3.82042
1000 300 0.0263643 1.10509 2.95747 3.82231
1000 325 0.0268978 1.11077 2.95919 3.82577
1000 350 0.0246804 1.11602 2.96257 3.82997
1000 375 0.0242397 1.12735 2.96901 3.84075
1000 400 0.0224294 1.14636 2.97459 3.86167
1000 425 0.0224293 1.15873 2.98356 3.87871
1000 450 0.0199881 1.18293 2.99911 3.91322
1000 475 0.0187968 1.19587 3.01118 3.92953
1000 500 0.0165153 1.22683 3.04413 3.96829
1000 50 0.0318009 1.06585 2.94542 3.80094
1000 525 0.0148644 1.22487 3.04339 3.9638
1000 550 0.0124384 1.23793 3.06591 3.98629
1000 575 0.0100981 1.30409 3.17143 4.13879
1000 600 0.00717706 1.3817 3.31362 4.34224
1000 75 0.0300629 1.07062 2.94779 3.80381
1025 100 0.0301994 1.07262 2.94829 3.80348
1025 125 0.0299764 1.07542 2.95168 3.80661
1025 150 0.0285754 1.08088 2.94967 3.80905
1025 175 0.0306162 1.0793 2.95082 3.80895
1025 200 0.0299609 1.08897 2.95227 3.81169
1025 225 0.0290848 1.08714 2.95391 3.81006
1025 250 0.0278806 1.09498 2.9529 3.81668
1025 275 0.0293523 1.08717 2.95393 3.81007
1025 300 0.0268846 1.09234 2.95305 3.81415
1025 325 0.0271655 1.11087 2.95929 3.82574
1025 350 0.0244814 1.10696 2.95725 3.8235
1025 375 0.0255563 1.12576 2.96872 3.83947
1025 400 0.0238985 1.1392 2.973 3.85214
1025 425 0.0243395 1.14075 2.97554 3.85411
1025 450 0.0214185 1.15962 2.98315 3.88161
1025 475 0.0201333 1.1621 2.98535 3.88846
1025 500 0.0183858 1.18682 3.00332 3.91697
1025 50 0.03023 1.0651 2.94574 3.8016
1025 525 0.0159454 1.22497 3.04348 3.9637
1025 550 0.0143898 1.20629 3.02023 3.93772
1025 575 0.0119708 1.26306 3.09168 4.0418
1025 600 0.00977883 1.27398 3.11157 4.07624
1025 625 0.00708309 1.35129 3.25463 4.25748
1025 75 0.0298477 1.06455 2.94564 3.80248
1050 100 0.0319159 1.07002 2.94645 3.8044
1050 125 0.0307823 1.06894 2.94455 3.80306
1050 150 0.0307509 1.07488 2.95202 3.80613
1050 175 0.0305058 1.07635 2.94932 3.80759
1050 200 0.0297803 1.07662 2.95005 3.80742
1050 225 0.0291957 1.08745 2.95282 3.80999
1050 250 0.0285197 1.09506 2.95294 3.81669
1050 275 0.0285423 1.08876 2.95269 3.81164
1050 300 0.0273545 1.09853 2.95268 3.82048
1050 325 0.0280969 1.10342 2.95806 3.82105
1050 350 0.0272649 1.09286 2.9528 3.81451
1050 375 0.0266882 1.11774 2.96199 3.83268
1050 400 0.0256024 1.11004 2.95891 3.82561
1050 425 0.0238529 1.14264 2.97498 3.85728
1050 450 0.0232601 1.13746 2.97264 3.85144
1050 475 0.0211604 1.14795 2.97441 3.86359
1050 500 0.0204991 1.16961 2.99061 3.8962
1050 50 0.0306676 1.07336 2.95043 3.80392
1050 525 0.0178121 1.19133 3.00869 3.92237
1050 550 0.0159428 1.23848 3.06451 3.9872
1050 575 0.0144974 1.22806 3.04613 3.97124
1050 600 0.0117551 1.25664 3.08343 4.02819
1050 625 0.00945559 1.31071 3.18742 4.15642
1050 650 0.00711355 1.3849 3.32106 4.35038
1050 75 0.0318606 1.06965 2.94555 3.80403
1075 100 0.0308614 1.06178 2.94293 3.80089
1075 125 0.0310551 1.06418 2.94571 3.80303
1075 150 0.0316332 1.06817 2.94332 3.80321
1075 175 0.0310669 1.07151 2.94851 3.80394
1075 200 0.0292158 1.07585 2.94999 3.80708
1075 225 0.0298322 1.07176 2.94846 3.80346
1075 250 0.0296677 1.07727 2.95059 3.80749
1075 275 0.0284593 1.0836 2.95111 3.80841
1075 300 0.0286867 1.09313 2.95329 3.81462
1075 325 0.0284043 1.09239 2.95318 3.81427
1075 350 0.0291707 1.09559 2.95235 3.81763
1075 375 0.0276265 1.10437 2.95808 3.82161
1075 400 0.0245318 1.10387 2.95839 3.82148
1075 425 0.0249171 1.11393 2.96277 3.82912
1075 450 0.0245484 1.14286 2.9755 3.85695
1075 475 0.0228266 1.12934 2.97005 3.84256
1075 500 0.0216028 1.142 2.97522 3.8565
1075 50 0.0308915 1.07076 2.94763 3.80384
1075 525 0.0201994 1.1729 2.99146 3.89843
1075 550 0.0182014 1.18998 3.00683 3.92139
1075 575 0.0163206 1.22939 3.04997 3.97205
1075 600 0.0135809 1.23573 3.06148 3.98318
1075 625 0.0121269 1.27454 3.1122 4.07691
1075 650 0.00941592 1.30074 3.16119 4.12867
1075 675 0.00700572 1.32677 3.20899 4.19327
1075 75 0.0324647 1.07347 2.9506 3.80394
1100 100 0.0310934 1.0637 2.94539 3.80181
1100 125 0.0320914 1.06441 2.94593 3.80254
1100 150 0.0313063 1.07199 2.94844 3.80327
1100 175 0.0303955 1.06762 2.94429 3.8033
1100 200 0.0309704 1.07788 2.94988 3.80806
1100 225 0.0308247 1.08268 2.94946 3.80969
1100 250 0.0300143 1.07874 2.95065 3.80829
1100 275 0.029446 1.07738 2.95023 3.80752
1100 300 0.0290323 1.09036 2.9532 3.81225
1100 325 0.0285381 1.08755 2.95233 3.81038
1100 350 0.0289118 1.09205 2.95342 3.81328
1100 375 0.0276203 1.10125 2.95565 3.82143
1100 400 0.0263266 1.10917 2.95835 3.82434
1100 425 0.0261916 1.10525 2.95754 3.82235
1100 450 0.0251576 1.12653 2.96861 3.84018
1100 475 0.0266526 1.12653 2.96861 3.84018
1100 500 0.0241434 1.13762 2.97223 3.85146
1100 50 0.0308747 1.06056 2.94514 3.80054
1100 525 0.0226017 1.15973 2.98249 3.88163
1100 550 0.0204736 1.16446 2.98647 3.89231
1100 575 0.0180271 1.20564 3.02085 3.9378
1100 600 0.0169719 1.1975 3.01314 3.93273
1100 625 0.0143408 1.25197 3.07858 4.01731
1100 650 0.0122022 1.26735 3.09902 4.05277
1100 675 0.00950111 1.28291 3.13155 4.09187
1100 700 0.00711735 1.33137 3.21629 4.20674
1100 75 0.0309205 1.06532 2.94569 3.8015
1125 100 0.0304585 1.06607 2.94536 3.80117
1125 125 0.0321465 1.06692 2.94431 3.80332
1125 150 0.0323823 1.06325 2.94508 3.80183
1125 175 0.0315329 1.06985 2.9463 3.80399
1125 200 0.0319494 1.07335 2.95035 3.80385
1125 225 0.0302623 1.07686 2.94935 3.80727
1125 250 0.0308365 1.07274 2.9488 3.80389
1125 275 0.0307029 1.07342 2.95089 3.80384
1125 300 0.0294995 1.07834 2.95008 3.80834
1125 325 0.0291396 1.09038 2.95328 3.81227
1125 350 0.029056 1.09227 2.95282 3.81415
1125 375 0.0299532 1.09053 2.95352 3.81156
1125 400 0.0277334 1.10263 2.95759 3.82067
1125 425 0.0276587 1.10851 2.95743 3.82496
1125 450 0.027246 1.10287 2.95805 3.8204
1125 475 0.0258817 1.11856 2.96239 3.83353
1125 500 0.0232569 1.13737 2.97297 3.85148
1125 50 0.0315933 1.06341 2.94523 3.80195
1125 525 0.0239358 1.15895 2.98343 3.8796
1125 550 0.0215663 1.13879 2.97246 3.85156
1125 575 0.0204724 1.16326 2.9854 3.88978
1125 600 0.0188979 1.17886 2.99613 3.90577
1125 625 0.0159455 1.22819 3.04669 3.97199
1125 650 0.0138817 1.25656 3.08349 4.02809
1125 675 0.0120852 1.29192 3.14312 4.10935
1125 700 0.00903436 1.27068 3.10923 4.06685
1125 725 0.00685965 1.35989 3.27661 4.27379
1125 75 0.0311632 1.06577 2.94531 3.80119
1150 100 0.0303038 1.07646 2.94984 3.80762
1150 125 0.0319314 1.06761 2.94451 3.80331
1150 150 0.031865 1.06967 2.94569 3.80405
1150 175 0.0317378 1.06299 2.94532 3.80141
1150 200 0.0308779 1.06554 2.94471 3.80145
1150 225 0.0305698 1.06595 2.94527 3.80125
1150 250 0.030216 1.07739 2.95015 3.80746
1150 275 0.031309 1.06427 2.94566 3.80269
1150 300 0.0313725 1.0701 2.94683 3.80415
1150 325 0.0296364 1.07551 2.95139 3.80659
1150 350 0.0307247 1.09328 2.95383 3.81424
1150 375 0.0292991 1.08095 2.94938 3.80888
1150 400 0.0290744 1.0904 2.95323 3.81223
1150 425 0.027964 1.10322 2.95792 3.82095
1150 450 0.0285188 1.09444 2.95381 3.81626
1150 475 0.0262139 1.10025 2.95453 3.82038
1150 500 0.0263893 1.12425 2.96737 3.83728
1150 50 0.0323409 1.0593 2.94391 3.80263
1150 525 0.0254128 1.13416 2.97251 3.84633
1150 550 0.0233811 1.12998 2.97088 3.84292
1150 575 0.0234075 1.16741 2.98932 3.89325
1150 600 0.0206669 1.17571 2.99266 3.90282
1150 625 0.0193925 1.20784 3.01875 3.93988
1150 650 0.0158561 1.21804 3.03467 3.95487
1150 675 0.0144357 1.24253 3.06778 3.9927
1150 700 0.0117407 1.27117 3.10983 4.0685
1150 725 0.00916244 1.31701 3.19647 4.17099
1150 750 0.0076937 1.30686 3.17539 4.14501
1150 75 0.0321173 1.06393 2.94595 3.80272
1175 100 0.0334426 1.06368 2.94549 3.80194
1175 125 0.0327698 1.06263 2.94484 3.80129
1175 150 0.0320967 1.06248 2.94442 3.80139
1175 175 0.0320806 1.05985 2.94323 3.80174
1175 200 0.0307836 1.06468 2.94611 3.80253
1175 225 0.0321422 1.06885 2.94424 3.80308
1175 250 0.0305978 1.07531 2.95152 3.80665
1175 275 0.0315082 1.0667 2.94474 3.80236
1175 300 0.0320859 1.06743 2.94407 3.80293
1175 325 0.0306016 1.07554 2.95147 3.80652
1175 350 0.0307695 1.08968 2.95295 3.81175
1175 375 0.029937 1.08589 2.95129 3.81026
1175 400 0.0310088 1.0838 2.9514 3.80892
1175 425 0.029182 1.08482 2.95191 3.80952
1175 450 0.0285466 1.08657 2.95232 3.81033
1175 475 0.0289084 1.10099 2.95524 3.82144
1175 500 0.0271126 1.11247 2.96104 3.82752
1175 50 0.0317815 1.05976 2.94346 3.80186
1175 525 0.0255047 1.12123 2.96589 3.83446
1175 550 0.0244104 1.12576 2.96872 3.83947
1175 575 0.0235227 1.13181 2.97245 3.84406
1175 600 0.0222218 1.15942 2.98291 3.88115
1175 625 0.0206935 1.17798 2.9951 3.90511
1175 650 0.0176623 1.18791 3.003 3.91811
1175 675 0.0159194 1.20705 3.0191 3.93852
1175 700 0.0153741 1.23612 3.06186 3.98297
1175 725 0.0117634 1.26604 3.09665 4.05125
1175 750 0.00842123 1.36293 3.28376 4.27951
1175 75 0.0323298 1.06252 2.94448 3.80136
1175 775 0.00770713 1.32073 3.2046 4.17604
1200 100 0.0322683 1.06208 2.94355 3.80095
1200 125 0.0317354 1.06166 2.94305 3.80043
1200 150 0.0317881 1.06241 2.94433 3.80118
1200 175 0.0332678 1.06311 2.94507 3.80168
1200 200 0.0310382 1.06286 2.94514 3.80138
1200 225 0.0312443 1.06924 2.94526 3.80328
1200 250 0.031918 1.068 2.94355 3.80339
1200 275 0.0319166 1.07463 2.95115 3.80591
1200 300 0.031118 1.06778 2.9439 3.80344
1200 325 0.0309833 1.07628 2.94963 3.80758
1200 350 0.0311122 1.0795 2.95088 3.80897
1200 375 0.0303557 1.07067 2.94762 3.80365
1200 400 0.029797 1.07187 2.94808 3.8029
1200 425 0.0298801 1.08054 2.94973 3.80936
1200 450 0.0300936 1.09435 2.95422 3.81605
1200 475 0.0283508 1.09552 2.95233 3.81701
1200 500 0.0275361 1.09812 2.95239 3.81946
1200 50 0.0333086 1.05527 2.94478 3.80021
1200 525 0.0269352 1.11234 2.96091 3.82695
1200 550 0.025163 1.13391 2.9724 3.84633
1200 575 0.0241474 1.12377 2.96748 3.83572
1200 600 0.0231871 1.14062 2.97569 3.85399
1200 625 0.0219103 1.15716 2.98278 3.87637
1200 650 0.0209541 1.16187 2.98498 3.8874
1200 675 0.0178658 1.17776 2.99462 3.90506
1200 700 0.016575 1.21789 3.03389 3.95492
1200 725 0.0145986 1.2514 3.07707 4.01569
1200 750 0.0121867 1.25578 3.08136 4.02542
1200 75 0.0321607 1.05923 2.94407 3.80253
1200 775 0.00904294 1.30013 3.15899 4.12722
1200 800 0.00739272 1.36137 3.28029 4.27572
450 50 0.00437836 1.32358 3.20719 4.18227
475 50 0.00591951 1.29881 3.15701 4.12569
475 75 0.00515188 1.33124 3.21662 4.20636
500 100 0.00585305 1.31056 3.1875 4.15651
500 50 0.0079425 1.28796 3.13482 4.10351
500 75 0.00671063 1.30273 3.16814 4.1349
525 100 0.00672768 1.33381 3.22005 4.21402
525 125 0.00565524 1.35288 3.25919 4.26058
525 50 0.00962673 1.27367 3.11144 4.0748
525 75 0.00870256 1.31906 3.20072 4.17391
550 100 0.00827846 1.35341 3.26121 4.26199
550 125 0.00741382 1.3151 3.19196 4.16669
550 150 0.00572715 1.32352 3.20706 4.18185
550 50 0.0113018 1.24661 3.07638 4.00213
550 75 0.0107826 1.26944 3.10583 4.06421
575 100 0.0111489 1.22965 3.04965 3.97195
575 125 0.00953583 1.26182 3.09136 4.04075
575 150 0.00793792 1.29132 3.14315 4.10824
575 175 0.00618518 1.36798 3.29594 4.29123
575 50 0.0123484 1.23038 3.05206 3.97381
575 75 0.0119393 1.26069 3.08703 4.03699
600 100 0.0123009 1.25313 3.07795 4.02059
600 125 0.0120038 1.23823 3.06487 3.98718
600 150 0.00969155 1.25209 3.07883 4.01808
600 175 0.00806217 1.29741 3.15119 4.12369
600 200 0.00712212 1.29099 3.14189 4.10711
600 50 0.0152052 1.18524 3.00082 3.91611
600 75 0.0138675 1.22056 3.03755 3.9572
625 100 0.0144785 1.22044 3.03719 3.95713
625 125 0.0135418 1.22383 3.04204 3.96158
625 150 0.0117812 1.24177 3.06659 3.99321
625 175 0.0103774 1.27319 3.11086 4.07331
625 200 0.00802072 1.28662 3.13357 4.10015
625 225 0.00675219 1.37205 3.29695 4.30402
625 50 0.0172375 1.19552 3.01141 3.92793
625 75 0.0164941 1.18993 3.00671 3.92158
650 100 0.0169391 1.18999 3.00683 3.92135
650 125 0.0151567 1.20376 3.01843 3.9391
650 150 0.0139704 1.24075 3.06649 3.99084
650 175 0.0128323 1.22729 3.04419 3.96865
650 200 0.00979004 1.28178 3.12766 4.08954
650 225 0.00876048 1.3181 3.19957 4.17162
650 250 0.00707288 1.26005 3.08646 4.03518
650 50 0.0179136 1.1688 2.98957 3.89507
650 75 0.0174826 1.18013 2.99707 3.9083
675 100 0.0185129 1.18713 3.00307 3.91723
675 125 0.0175174 1.19483 3.01199 3.92707
675 150 0.0152933 1.20892 3.01899 3.93988
675 175 0.014384 1.20751 3.01938 3.93877
675 200 0.0118121 1.23255 3.05783 3.97751
675 225 0.0113984 1.2475 3.07506 4.0043
675 250 0.00968867 1.27492 3.11227 4.07709
675 275 0.00680517 1.33881 3.22719 4.2259
675 50 0.0200314 1.14295 2.97549 3.85723
675 75 0.0201029 1.18241 2.99918 3.91316
700 100 0.0193323 1.17163 2.99062 3.89648
700 125 0.0183696 1.20194 3.016 3.93815
700 150 0.0172575 1.18972 3.007 3.92104
700 175 0.0166289 1.19873 3.01308 3.93439
700 200 0.0146296 1.21557 3.03182 3.95009
700 225 0.012842 1.22292 3.03982 3.96098
700 250 0.0105978 1.28616 3.13371 4.0987
700 275 0.00847722 1.28829 3.13517 4.10487
700 300 0.00737558 1.31364 3.19004 4.16272
700 50 0.0214947 1.16698 2.98843 3.89295
700 75 0.019788 1.14618 2.97504 3.8618
725 100 0.0221273 1.16697 2.98842 3.89295
725 125 0.0196938 1.17732 2.99547 3.90562
725 150 0.0191983 1.16074 2.9831 3.88397
725 175 0.0179091 1.17598 2.9936 3.90387
725 200 0.0162801 1.22443 3.0422 3.96255
725 225 0.0146874 1.21815 3.03498 3.95495
725 250 0.014116 1.21422 3.02912 3.9489
725 275 0.0116389 1.23896 3.06453 3.9875
725 300 0.00920044 1.26911 3.10415 4.06275
725 325 0.00717771 1.30246 3.16775 4.13382
725 50 0.0234927 1.14379 2.97493 3.85736
725 75 0.0216515 1.12891 2.96981 3.84235
750 100 0.0209311 1.15093 2.97745 3.86859
750 125 0.0224887 1.1335 2.97271 3.84622
750 150 0.0200962 1.16122 2.98432 3.8851
750 175 0.0203537 1.15699 2.98269 3.8756
750 200 0.0186448 1.19917 3.01395 3.93407
750 225 0.0164896 1.1806 2.99782 3.91004
750 250 0.0146488 1.21216 3.02576 3.94617
750 275 0.0135848 1.24714 3.07592 4.00333
750 300 0.0109367 1.2443 3.07306 3.99798
750 325 0.0090945 1.29358 3.1462 4.11333
750 350 0.0072017 1.31269 3.19139 4.16139
750 50 0.0237012 1.14512 2.97498 3.85989
750 75 0.0226021 1.11731 2.96158 3.8321
775 100 0.0229775 1.12524 2.96775 3.83879
775 125 0.0229513 1.14063 2.97563 3.85379
775 150 0.0220192 1.1559 2.98161 3.87354
775 175 0.0204434 1.16262 2.98574 3.88851
775 200 0.0191037 1.16866 2.98968 3.89518
775 225 0.019273 1.18582 3.00179 3.91715
775 250 0.0176833 1.22156 3.039 3.95725
775 275 0.0142026 1.20357 3.01827 3.93787
775 300 0.0137826 1.2454 3.07637 3.99943
775 325 0.0112611 1.27573 3.11331 4.07873
775 350 0.00992091 1.29698 3.14952 4.11974
775 375 0.00802414 1.30964 3.18556 4.15398
775 50 0.0245317 1.11579 2.96228 3.82939
775 75 0.0247979 1.12146 2.96601 3.83486
800 100 0.0250836 1.11906 2.96252 3.83323
800 125 0.0254332 1.11667 2.96254 3.83104
800 150 0.0235192 1.11923 2.96216 3.83357
800 175 0.0216577 1.15352 2.97965 3.87222
800 200 0.020546 1.14378 2.97493 3.85748
800 225 0.0198436 1.17852 2.9951 3.90564
800 250 0.018321 1.19243 3.00863 3.92452
800 275 0.0175056 1.17611 2.99347 3.90329
800 300 0.015736 1.22078 3.03762 3.95743
800 325 0.0143258 1.2145 3.03025 3.94961
800 350 0.0116117 1.23648 3.06316 3.98439
800 375 0.00921304 1.30604 3.17211 4.14066
800 400 0.00826384 1.27567 3.11353 4.0788
800 50 0.0260448 1.12107 2.9652 3.83393
800 75 0.0248877 1.12445 2.96681 3.83772
825 100 0.0248088 1.11016 2.95904 3.82538
825 125 0.0238163 1.12441 2.96699 3.83739
825 150 0.0256573 1.11173 2.96001 3.82681
825 175 0.0229744 1.14243 2.97507 3.85758
825 200 0.0216794 1.15349 2.9798 3.87244
825 225 0.0216013 1.15155 2.97793 3.86888
825 250 0.0208798 1.14785 2.97405 3.86362
825 275 0.018396 1.17009 2.99072 3.89679
825 300 0.0174853 1.21421 3.02892 3.94885
825 325 0.0155602 1.22393 3.04256 3.96148
825 350 0.0149684 1.22412 3.04262 3.96264
825 375 0.0112857 1.25221 3.07903 4.01841
825 400 0.00953914 1.25291 3.07901 4.02011
825 425 0.00719436 1.35639 3.26911 4.26862
825 50 0.0260532 1.11512 2.96193 3.82932
825 75 0.0249646 1.10618 2.95831 3.8227
850 100 0.0253001 1.09542 2.95253 3.81742
850 125 0.0263926 1.10985 2.95825 3.82558
850 150 0.0258025 1.11842 2.9622 3.83342
850 175 0.023339 1.11857 2.96234 3.83348
850 200 0.0234539 1.1342 2.97279 3.84671
850 225 0.0228307 1.13219 2.97272 3.84477
850 250 0.0219171 1.14842 2.97567 3.86477
850 275 0.0207968 1.16503 2.98645 3.89087
850 300 0.0196908 1.16929 2.99025 3.89593
850 325 0.0181626 1.18186 2.99966 3.91262
850 350 0.0153253 1.21403 3.02851 3.94845
850 375 0.0134948 1.23139 3.05421 3.97618
850 400 0.0118364 1.25227 3.07891 4.01836
850 425 0.00921487 1.26198 3.09109 4.04096
850 450 0.00728489 1.36391 3.28528 4.28254
850 50 0.027594 1.09433 2.95423 3.81584
850 75 0.0275145 1.10096 2.95519 3.82155
875 100 0.0280695 1.09755 2.95263 3.81963
875 125 0.0263533 1.10559 2.95773 3.8226
875 150 0.0260414 1.10955 2.95827 3.82559
875 175 0.0263266 1.11734 2.96178 3.83212
875 200 0.0258777 1.12921 2.96987 3.84253
875 225 0.0254931 1.13088 2.97147 3.84466
875 250 0.0241724 1.16039 2.98218 3.88289
875 275 0.0214604 1.16464 2.98665 3.89304
875 300 0.021523 1.13599 2.97344 3.8493
875 325 0.0189144 1.17803 2.99513 3.90493
875 350 0.0169163 1.19819 3.0134 3.93388
875 375 0.0164836 1.21266 3.02607 3.94638
875 400 0.0147384 1.23855 3.06464 3.98715
875 425 0.0118983 1.26625 3.09705 4.05084
875 450 0.010164 1.23113 3.05385 3.97617
875 475 0.00721078 1.33666 3.22487 4.22237
875 50 0.0280978 1.10248 2.95709 3.821
875 75 0.0266486 1.09126 2.95412 3.8131
900 100 0.0287393 1.09021 2.95291 3.81238
900 125 0.0276562 1.10539 2.95766 3.82268
900 150 0.0268887 1.09041 2.95327 3.8122
900 175 0.0263083 1.11723 2.96155 3.83258
900 200 0.0262925 1.11265 2.96137 3.82783
900 225 0.0251626 1.10946 2.95832 3.82527
900 250 0.0231294 1.12716 2.96944 3.84019
900 275 0.0228369 1.14567 2.9749 3.86044
900 300 0.0212543 1.13507 2.97407 3.84717
900 325 0.0222042 1.16675 2.98847 3.89292
900 350 0.0190077 1.17792 2.99489 3.90495
900 375 0.018192 1.19797 3.01298 3.93374
900 400 0.0156349 1.21777 3.03414 3.95454
900 425 0.0148666 1.22979 3.04981 3.97245
900 450 0.0120497 1.22827 3.04684 3.97184
900 475 0.00984411 1.31081 3.18845 4.15702
900 500 0.00712928 1.32521 3.20934 4.18571
900 50 0.0291422 1.07938 2.95112 3.8091
900 75 0.028135 1.07486 2.95199 3.8061
925 100 0.0275037 1.09432 2.95425 3.81598
925 125 0.0281759 1.10086 2.9559 3.82158
925 150 0.0273862 1.09482 2.95304 3.81633
925 175 0.0268428 1.10239 2.95678 3.82105
925 200 0.0264214 1.10389 2.95806 3.82157
925 225 0.0256777 1.11055 2.95931 3.82515
925 250 0.0258398 1.11455 2.96217 3.82919
925 275 0.0231221 1.12154 2.96631 3.83455
925 300 0.0220804 1.13272 2.97301 3.84519
925 325 0.0233564 1.16443 2.98655 3.89192
925 350 0.0217018 1.16633 2.98841 3.8931
925 375 0.0194873 1.17218 2.9904 3.897
925 400 0.0182287 1.1714 2.99144 3.89604
925 425 0.0151009 1.20859 3.01824 3.93874
925 450 0.0142201 1.24634 3.07661 4.00191
925 475 0.0123679 1.27346 3.11113 4.07492
925 500 0.0101265 1.27482 3.11197 4.07685
925 50 0.0296063 1.08697 2.95362 3.81002
925 525 0.00689578 1.33256 3.21863 4.20898
925 75 0.0301275 1.0791 2.9506 3.80905
950 100 0.0281876 1.08486 2.95168 3.80968
950 125 0.0302652 1.09209 2.9531 3.81349
950 150 0.0280971 1.09047 2.95344 3.81177
950 175 0.0289123 1.09502 2.95302 3.81676
950 200 0.0284083 1.09689 2.95285 3.81821
950 225 0.0271165 1.11137 2.95933 3.82575
950 250 0.0271596 1.10489 2.95791 3.82214
950 275 0.0250814 1.11211 2.96087 3.82699
950 300 0.025485 1.14325 2.97547 3.8575
950 325 0.0237834 1.13299 2.97304 3.84514
950 350 0.0227435 1.165 2.98649 3.89159
950 375 0.0216477 1.17423 2.99301 3.90093
950 400 0.0205117 1.17159 2.99097 3.89641
950 425 0.0179058 1.18573 3.00106 3.91569
950 450 0.016513 1.21747 3.03325 3.95389
950 475 0.0148881 1.23197 3.0562 3.97761
950 500 0.0124814 1.24887 3.07411 4.0056
950 50 0.0297829 1.08371 2.95123 3.80862
950 525 0.00943112 1.28789 3.13504 4.1039
950 550 0.00797054 1.31831 3.20022 4.17148
950 75 0.0299135 1.08163 2.94966 3.80958
975 100 0.0285443 1.08074 2.95003 3.8094
975 125 0.028804 1.09244 2.95316 3.81416
975 150 0.0290296 1.08289 2.95004 3.80964
975 175 0.0294091 1.08761 2.95247 3.81043
975 200 0.0272763 1.09599 2.9524 3.81866
975 225 0.0282383 1.10278 2.95802 3.82038
975 250 0.0272319 1.10661 2.95751 3.82371
975 275 0.0271872 1.10507 2.95762 3.82238
975 300 0.0255045 1.10891 2.95779 3.82496
975 325 0.0256697 1.12468 2.96663 3.83878
975 350 0.023544 1.14366 2.97535 3.85725
975 375 0.0227851 1.13968 2.9732 3.85376
975 400 0.0217415 1.14717 2.97434 3.86314
975 425 0.0196019 1.19853 3.01302 3.93429
975 450 0.0182641 1.17417 2.99283 3.90057
975 475 0.0171003 1.20004 3.01563 3.9358
975 500 0.0141041 1.24749 3.075 4.00433
975 50 0.0302478 1.07745 2.95022 3.80775
975 525 0.0117708 1.22762 3.04546 3.96943
975 550 0.00967344 1.33639 3.22546 4.22184
975 575 0.00711051 1.29738 3.15106 4.12303
975 75 0.030278 1.07694 2.94945 3.80758
