1000 100 0.0297014 1.08661 2.95245 3.81017
1000 125 0.029782 1.09323 2.95366 3.81427
1000 150 0.0291256 1.09159 2.95366 3.81325
1000 175 0.0303654 1.09257 2.95306 3.81407
1000 200 0.0290664 1.10132 2.95595 3.82132
1000 225 0.0296676 1.09786 2.95196 3.81965
1000 250 0.02922 1.10226 2.9571 3.82102
1000 275 0.0278711 1.10818 2.95739 3.82405
1000 300 0.0266876 1.11351 2.96266 3.82821
1000 325 0.027122 1.11906 2.96252 3.83323
1000 350 0.0249334 1.12448 2.96681 3.83766
1000 375 0.0245298 1.134 2.97237 3.8465
1000 400 0.0226979 1.15379 2.97908 3.87009
1000 425 0.0227094 1.16426 2.98633 3.89199
1000 450 0.0203283 1.18897 3.00578 3.91974
1000 475 0.0189529 1.20101 3.01643 3.93668
1000 500 0.0167269 1.2315 3.05438 3.97609
1000 50 0.0321684 1.07595 2.95005 3.80706
1000 525 0.0150318 1.22898 3.0488 3.97122
1000 550 0.0126497 1.24429 3.07319 3.99803
1000 575 0.0102686 1.30774 3.17867 4.14729
1000 600 0.00738019 1.38493 3.32119 4.35039
1000 75 0.0303826 1.08233 2.94969 3.80989
1025 100 0.0305825 1.08156 2.94931 3.8095
1025 125 0.0304777 1.08594 2.95174 3.81043
1025 150 0.0288532 1.09177 2.95381 3.8132
1025 175 0.0310025 1.08847 2.95309 3.8113
1025 200 0.0304449 1.09654 2.95253 3.81885
1025 225 0.029347 1.09711 2.95292 3.81845
1025 250 0.0282719 1.10567 2.95784 3.82301
1025 275 0.0296742 1.09449 2.95369 3.81621
1025 300 0.0271812 1.10025 2.95453 3.82038
1025 325 0.02745 1.11722 2.96156 3.83243
1025 350 0.0246745 1.11695 2.96251 3.83158
1025 375 0.0258856 1.13296 2.97319 3.84516
1025 400 0.0241579 1.14574 2.97491 3.86059
1025 425 0.0246781 1.14645 2.97456 3.86176
1025 450 0.0216736 1.16476 2.98644 3.89246
1025 475 0.0203739 1.16872 2.98984 3.89475
1025 500 0.0186674 1.19241 3.00886 3.92461
1025 50 0.0305707 1.07612 2.94936 3.8075
1025 525 0.0160608 1.22957 3.04997 3.97224
1025 550 0.0146884 1.2124 3.02569 3.94598
1025 575 0.0121655 1.26827 3.10163 4.06023
1025 600 0.00991949 1.27765 3.12026 4.08283
1025 625 0.00717972 1.35721 3.27158 4.26681
1025 75 0.0302574 1.0765 2.94967 3.80759
1050 100 0.03226 1.08102 2.94946 3.80892
1050 125 0.0310318 1.07966 2.95049 3.80892
1050 150 0.0310511 1.08534 2.95219 3.80913
1050 175 0.0309402 1.08851 2.95314 3.81129
1050 200 0.029992 1.0874 2.9531 3.81031
1050 225 0.0294194 1.09843 2.95275 3.8203
1050 250 0.0288602 1.10429 2.95806 3.82186
1050 275 0.0289371 1.09813 2.95239 3.81946
1050 300 0.0277644 1.1084 2.95727 3.82439
1050 325 0.0284809 1.11206 2.96062 3.8269
1050 350 0.0276373 1.09972 2.95184 3.82082
1050 375 0.0270343 1.1257 2.96868 3.8396
1050 400 0.0258788 1.1181 2.96304 3.83265
1050 425 0.0240954 1.14952 2.97621 3.86692
1050 450 0.0234816 1.14403 2.97446 3.85809
1050 475 0.0214361 1.15571 2.98133 3.8733
1050 500 0.02081 1.17508 2.99227 3.90179
1050 50 0.0311377 1.08387 2.95145 3.80887
1050 525 0.0181691 1.19791 3.01279 3.93343
1050 550 0.016169 1.24336 3.07156 3.99513
1050 575 0.0147839 1.23245 3.05814 3.97683
1050 600 0.0119904 1.26161 3.09087 4.0397
1050 625 0.00959549 1.31618 3.19463 4.17072
1050 650 0.0072137 1.38906 3.33602 4.36184
1050 75 0.0322131 1.08098 2.94962 3.80895
1075 100 0.0311533 1.07455 2.95118 3.80627
1075 125 0.0314663 1.07569 2.95104 3.80686
1075 150 0.031979 1.07727 2.95059 3.80749
1075 175 0.0313715 1.08097 2.94959 3.80895
1075 200 0.0296437 1.08641 2.9523 3.81004
1075 225 0.0302735 1.08176 2.94965 3.80895
1075 250 0.0300589 1.08612 2.95176 3.80981
1075 275 0.0286669 1.09568 2.95249 3.81774
1075 300 0.0289957 1.10244 2.95692 3.82106
1075 325 0.0285946 1.09986 2.95436 3.82034
1075 350 0.0295163 1.10507 2.95762 3.82238
1075 375 0.0280368 1.11225 2.96046 3.82676
1075 400 0.0249304 1.11351 2.96266 3.82821
1075 425 0.0253623 1.12363 2.96682 3.8355
1075 450 0.0248833 1.14942 2.97626 3.86712
1075 475 0.0231547 1.13619 2.97313 3.84888
1075 500 0.0218975 1.1483 2.97526 3.86454
1075 50 0.0313306 1.08166 2.94963 3.80912
1075 525 0.020459 1.17847 2.99506 3.90566
1075 550 0.0184461 1.19626 3.01139 3.92929
1075 575 0.0166775 1.23454 3.06083 3.98065
1075 600 0.0137786 1.24153 3.0652 3.99189
1075 625 0.0123255 1.27865 3.12383 4.0836
1075 650 0.00961793 1.3067 3.17501 4.1443
1075 675 0.00710956 1.33181 3.21672 4.20725
1075 75 0.032732 1.08282 2.94991 3.80948
1100 100 0.0313421 1.07384 2.95107 3.80452
1100 125 0.0322867 1.07505 2.9517 3.80661
1100 150 0.031565 1.08289 2.95004 3.80964
1100 175 0.03062 1.08079 2.94943 3.80945
1100 200 0.0312781 1.0882 2.95315 3.81092
1100 225 0.0311164 1.0918 2.95377 3.81316
1100 250 0.0303685 1.08855 2.95316 3.81139
1100 275 0.0297336 1.08783 2.95256 3.81076
1100 300 0.029436 1.09848 2.95276 3.82041
1100 325 0.0288354 1.09537 2.95263 3.81728
1100 350 0.0292083 1.09991 2.95191 3.82032
1100 375 0.0280177 1.10939 2.95812 3.82471
1100 400 0.0265159 1.11722 2.96156 3.83243
1100 425 0.0266431 1.11231 2.96057 3.82699
1100 450 0.0253788 1.13409 2.97248 3.84644
1100 475 0.0269511 1.13184 2.97247 3.8443
1100 500 0.0244791 1.14385 2.97491 3.85755
1100 50 0.0311784 1.0727 2.94859 3.80366
1100 525 0.0228971 1.16632 2.98842 3.89304
1100 550 0.0206746 1.16968 2.99038 3.89666
1100 575 0.0182142 1.21177 3.02498 3.94556
1100 600 0.0171214 1.20251 3.01694 3.93762
1100 625 0.014623 1.2565 3.08298 4.02818
1100 650 0.0123804 1.27175 3.10977 4.06999
1100 675 0.00967542 1.28849 3.13623 4.10426
1100 700 0.00727456 1.33449 3.21971 4.2158
1100 75 0.0312079 1.07678 2.94977 3.80749
1125 100 0.030743 1.07892 2.95057 3.80852
1125 125 0.0324452 1.07856 2.95061 3.8082
1125 150 0.0326585 1.07442 2.95068 3.80609
1125 175 0.0318606 1.08141 2.94895 3.80919
1125 200 0.0323188 1.08322 2.95062 3.80921
1125 225 0.0304845 1.08809 2.95281 3.8112
1125 250 0.0310471 1.08334 2.95105 3.8084
1125 275 0.030879 1.08446 2.95217 3.80966
1125 300 0.0299099 1.08931 2.95261 3.81273
1125 325 0.0293624 1.10115 2.95557 3.82141
1125 350 0.0292979 1.10037 2.9546 3.82009
1125 375 0.0303493 1.09726 2.95276 3.81913
1125 400 0.0280759 1.11038 2.95944 3.82517
1125 425 0.0279861 1.11685 2.96236 3.83149
1125 450 0.0276931 1.11132 2.95949 3.8255
1125 475 0.0260209 1.12733 2.96904 3.8407
1125 500 0.0237228 1.14577 2.97507 3.86056
1125 50 0.0319268 1.07403 2.95082 3.80519
1125 525 0.0242537 1.16557 2.98731 3.89184
1125 550 0.0219309 1.14629 2.97459 3.8615
1125 575 0.0206284 1.17085 2.99084 3.89748
1125 600 0.0191304 1.1853 3.00042 3.91617
1125 625 0.0162043 1.23275 3.05846 3.97768
1125 650 0.01415 1.26151 3.09021 4.03872
1125 675 0.0122017 1.29594 3.14843 4.11997
1125 700 0.00921784 1.27567 3.11353 4.0788
1125 725 0.00696423 1.3647 3.28614 4.28337
1125 75 0.0314962 1.07545 2.95161 3.80665
1150 100 0.0305906 1.08842 2.95314 3.81117
1150 125 0.0322305 1.07951 2.9509 3.80869
1150 150 0.0322278 1.08153 2.94914 3.80974
1150 175 0.0320759 1.07522 2.9514 3.80648
1150 200 0.0310753 1.07771 2.95005 3.80805
1150 225 0.0309802 1.07797 2.94951 3.80785
1150 250 0.0305145 1.08823 2.95362 3.81098
1150 275 0.0317961 1.07379 2.95119 3.80438
1150 300 0.0316955 1.07987 2.94983 3.80914
1150 325 0.0298769 1.08658 2.95241 3.81033
1150 350 0.0310372 1.10164 2.95785 3.82208
1150 375 0.0296111 1.09178 2.95381 3.8132
1150 400 0.0294369 1.09827 2.9527 3.82005
1150 425 0.0285307 1.11105 2.9597 3.82625
1150 450 0.0289674 1.10267 2.95774 3.82069
1150 475 0.0266154 1.1089 2.95768 3.82502
1150 500 0.0266769 1.13124 2.97213 3.84341
1150 50 0.0327049 1.06967 2.94569 3.80405
1150 525 0.0256947 1.13998 2.97413 3.85327
1150 550 0.023611 1.13799 2.97221 3.85171
1150 575 0.0236162 1.17267 2.9911 3.89758
1150 600 0.0210378 1.18164 2.99867 3.91167
1150 625 0.019622 1.21145 3.0245 3.94586
1150 650 0.0162277 1.224 3.04263 3.96185
1150 675 0.0147024 1.24689 3.07632 4.00302
1150 700 0.0118935 1.27521 3.11245 4.07796
1150 725 0.00944742 1.32271 3.20636 4.17982
1150 750 0.00776302 1.31018 3.18595 4.1553
1150 75 0.0325124 1.07489 2.952 3.80604
1175 100 0.0338431 1.07416 2.95055 3.80524
1175 125 0.0333142 1.07411 2.95096 3.80506
1175 150 0.032522 1.07406 2.95119 3.80493
1175 175 0.0323867 1.07147 2.94829 3.80416
1175 200 0.0311662 1.07655 2.95007 3.80773
1175 225 0.032475 1.08017 2.94966 3.80909
1175 250 0.0309217 1.08618 2.95174 3.81002
1175 275 0.0318805 1.07666 2.95009 3.80726
1175 300 0.0322537 1.07651 2.94985 3.80767
1175 325 0.0309179 1.08682 2.9529 3.8101
1175 350 0.0311633 1.0984 2.95283 3.82023
1175 375 0.0303231 1.09428 2.95415 3.81593
1175 400 0.0314244 1.09255 2.95306 3.81396
1175 425 0.0295243 1.09276 2.95322 3.81446
1175 450 0.0287993 1.09426 2.9542 3.81602
1175 475 0.0293509 1.10802 2.95767 3.82421
1175 500 0.0274398 1.11982 2.96249 3.83286
1175 50 0.0321301 1.07235 2.94819 3.80345
1175 525 0.0258065 1.12897 2.96983 3.84231
1175 550 0.0247919 1.13243 2.97304 3.84467
1175 575 0.0238338 1.13715 2.97297 3.85054
1175 600 0.0224598 1.1658 2.98787 3.89201
1175 625 0.0210606 1.18382 3.00078 3.9149
1175 650 0.0179674 1.19403 3.0114 3.92649
1175 675 0.0160395 1.213 3.02631 3.94793
1175 700 0.0155634 1.2409 3.06613 3.99134
1175 725 0.0119126 1.27238 3.11051 4.07192
1175 750 0.00864211 1.36706 3.29344 4.2902
1175 75 0.0326644 1.07328 2.9499 3.80405
1175 775 0.00780263 1.32422 3.20714 4.18491
1200 100 0.0327618 1.07393 2.95092 3.80489
1200 125 0.032113 1.074 2.95114 3.80502
1200 150 0.032151 1.07481 2.95203 3.80602
1200 175 0.0336285 1.07432 2.95058 3.80592
1200 200 0.0313639 1.07531 2.95152 3.80665
1200 225 0.0315844 1.08004 2.94963 3.809
1200 250 0.0323763 1.0769 2.9493 3.80742
1200 275 0.0321805 1.08494 2.95213 3.8099
1200 300 0.0315519 1.07874 2.95065 3.80829
1200 325 0.0313502 1.08698 2.95366 3.81002
1200 350 0.0315263 1.08972 2.95319 3.81225
1200 375 0.0307152 1.08196 2.94962 3.80935
1200 400 0.0302476 1.08198 2.94959 3.80932
1200 425 0.0303081 1.09195 2.95315 3.81305
1200 450 0.030421 1.10189 2.95773 3.82157
1200 475 0.0286884 1.10518 2.95783 3.82252
1200 500 0.0279201 1.10669 2.95754 3.82361
1200 50 0.03364 1.0672 2.94413 3.803
1200 525 0.0273144 1.11854 2.96242 3.83363
1200 550 0.0254902 1.14169 2.97517 3.8565
1200 575 0.0244833 1.13096 2.97115 3.84424
1200 600 0.0233903 1.14663 2.97353 3.86204
1200 625 0.0222097 1.16374 2.98544 3.89105
1200 650 0.0212771 1.1692 2.98967 3.89552
1200 675 0.0181162 1.18509 3.00111 3.91512
1200 700 0.0168141 1.22274 3.03911 3.96008
1200 725 0.0147715 1.25596 3.08163 4.0257
1200 750 0.0124182 1.25977 3.087 4.03373
1200 75 0.0325543 1.0707 2.94774 3.80379
1200 775 0.00918269 1.30574 3.17076 4.14085
1200 800 0.00746221 1.36452 3.28624 4.28241
450 50 0.00441321 1.32644 3.20919 4.19078
475 50 0.00603973 1.30268 3.16806 4.13458
475 75 0.00522161 1.33447 3.21988 4.21561
500 100 0.00595771 1.31463 3.19086 4.16593
500 50 0.00802262 1.29233 3.14302 4.11057
500 75 0.00678232 1.30645 3.17564 4.14337
525 100 0.00694103 1.33913 3.22941 4.22725
525 125 0.00570405 1.35731 3.2714 4.26722
525 50 0.00976435 1.27806 3.1221 4.08371
525 75 0.00882548 1.32333 3.20673 4.18124
550 100 0.00836381 1.35727 3.27135 4.26687
550 125 0.00749683 1.32017 3.20276 4.17508
550 150 0.00584952 1.32899 3.2116 4.20014
550 50 0.0114771 1.25144 3.0773 4.01608
550 75 0.0109418 1.27434 3.11242 4.07678
575 100 0.0113895 1.23552 3.06115 3.9827
575 125 0.00965603 1.26644 3.09768 4.05054
575 150 0.0080956 1.2963 3.14987 4.122
575 175 0.0062874 1.37041 3.29577 4.29735
575 50 0.0125032 1.23509 3.06067 3.98179
575 75 0.0120605 1.2643 3.09472 4.04682
600 100 0.0124715 1.25775 3.08561 4.03094
600 125 0.0121787 1.24376 3.07235 3.99617
600 150 0.0097757 1.25583 3.08135 4.02582
600 175 0.00814765 1.3024 3.16694 4.1336
600 200 0.00722948 1.29428 3.14919 4.1149
600 50 0.0153824 1.19026 3.00714 3.92178
600 75 0.0140594 1.22557 3.04365 3.96616
625 100 0.0147142 1.22479 3.04295 3.96379
625 125 0.0138006 1.22891 3.0488 3.9711
625 150 0.0119333 1.24698 3.07582 4.00314
625 175 0.0104936 1.27753 3.11937 4.08226
625 200 0.00817768 1.29392 3.14623 4.11397
625 225 0.00678884 1.37514 3.30194 4.31525
625 50 0.0174087 1.20086 3.01639 3.93528
625 75 0.0167985 1.19616 3.01091 3.92932
650 100 0.0171678 1.19532 3.01209 3.92783
650 125 0.0153611 1.2089 3.01864 3.93987
650 150 0.0141947 1.24458 3.07318 3.99829
650 175 0.0129517 1.23304 3.05817 3.97887
650 200 0.0100126 1.28782 3.13459 4.1034
650 225 0.00889897 1.32308 3.20662 4.1805
650 250 0.00719037 1.26524 3.0967 4.04892
650 50 0.018232 1.17456 2.99224 3.90174
650 75 0.0177642 1.18603 3.00097 3.91696
675 100 0.0187596 1.19313 3.01086 3.92467
675 125 0.0177244 1.20037 3.01617 3.93594
675 150 0.0154784 1.21456 3.03051 3.94961
675 175 0.0145067 1.21316 3.02644 3.94816
675 200 0.0119825 1.24 3.06602 3.98815
675 225 0.0115164 1.251 3.07572 4.01552
675 250 0.00982631 1.2802 3.12676 4.08559
675 275 0.00696224 1.34449 3.23899 4.23949
675 50 0.0203604 1.1501 2.97623 3.86709
675 75 0.0202956 1.18649 3.0028 3.91733
700 100 0.0196811 1.17738 2.99564 3.90581
700 125 0.0185093 1.20846 3.01879 3.93835
700 150 0.0174616 1.1962 3.01162 3.92915
700 175 0.0167817 1.20408 3.01909 3.93719
700 200 0.0148215 1.21964 3.03721 3.95613
700 225 0.0130647 1.22745 3.04429 3.96911
700 250 0.01079 1.29004 3.14188 4.10479
700 275 0.00857916 1.29316 3.14364 4.11379
700 300 0.00747839 1.31816 3.19934 4.17107
700 50 0.0217752 1.17305 2.99208 3.89822
700 75 0.0200466 1.15443 2.97951 3.87155
725 100 0.0223898 1.17186 2.99079 3.89694
725 125 0.0200053 1.18281 2.99972 3.9126
725 150 0.0193587 1.16654 2.98943 3.89279
725 175 0.018065 1.18147 2.99883 3.91179
725 200 0.016371 1.22867 3.0478 3.97141
725 225 0.0149479 1.22345 3.04161 3.96191
725 250 0.0143168 1.21812 3.03494 3.95476
725 275 0.0118093 1.24396 3.07233 3.99693
725 300 0.00935752 1.27375 3.11163 4.07528
725 325 0.00729127 1.30664 3.17511 4.14418
725 50 0.0236984 1.14868 2.97534 3.86611
725 75 0.0219618 1.13508 2.97405 3.84717
750 100 0.0212946 1.15782 2.98434 3.87741
750 125 0.0227771 1.13959 2.97347 3.85347
750 150 0.0203505 1.16734 2.9894 3.89312
750 175 0.0205794 1.16315 2.98511 3.88929
750 200 0.0189102 1.20328 3.01789 3.93795
750 225 0.0167282 1.1868 3.00299 3.91698
750 250 0.0148354 1.21802 3.03451 3.95496
750 275 0.0138457 1.25204 3.07848 4.01785
750 300 0.0110713 1.24988 3.07556 4.01016
750 325 0.00933486 1.29704 3.14978 4.12291
750 350 0.00726779 1.31815 3.19933 4.17095
750 50 0.0239037 1.1505 2.97713 3.86803
750 75 0.0228955 1.12475 2.96709 3.83891
775 100 0.0231008 1.13299 2.97304 3.84514
775 125 0.0231881 1.14812 2.9749 3.86451
775 150 0.0223975 1.16204 2.98545 3.88839
775 175 0.0208316 1.1701 2.99047 3.89643
775 200 0.019345 1.17519 2.99288 3.90249
775 225 0.0193889 1.19224 3.00857 3.92426
775 250 0.0178569 1.2266 3.04392 3.96753
775 275 0.0144574 1.21082 3.02378 3.94432
775 300 0.0139036 1.25029 3.0755 4.01129
775 325 0.0114753 1.28056 3.12741 4.08744
775 350 0.0100423 1.30117 3.16289 4.12963
775 375 0.00812351 1.31262 3.19114 4.16085
775 50 0.0248552 1.12485 2.9667 3.83865
775 75 0.0250359 1.12917 2.97008 3.84263
800 100 0.0254696 1.12518 2.96736 3.83851
800 125 0.0257875 1.12268 2.96684 3.83465
800 150 0.0237397 1.12573 2.9688 3.83955
800 175 0.0219616 1.15974 2.98257 3.88158
800 200 0.0207891 1.15006 2.97628 3.86685
800 225 0.0201205 1.18362 2.99916 3.91467
800 250 0.0186504 1.19919 3.01371 3.93404
800 275 0.0177313 1.18138 2.9991 3.91125
800 300 0.0159454 1.22458 3.04248 3.96341
800 325 0.0146691 1.22095 3.03768 3.95735
800 350 0.0118849 1.24342 3.07158 3.99529
800 375 0.00934787 1.31047 3.18749 4.15632
800 400 0.00845965 1.27954 3.12636 4.08435
800 50 0.0263202 1.1284 2.96976 3.84253
800 75 0.0252484 1.13241 2.97286 3.84484
825 100 0.0250872 1.12107 2.9652 3.83393
825 125 0.0240152 1.13256 2.97332 3.84514
825 150 0.0258093 1.11857 2.96234 3.83348
825 175 0.023245 1.14995 2.97613 3.8666
825 200 0.0219227 1.1611 2.98423 3.88518
825 225 0.0218602 1.1589 2.98345 3.87922
825 250 0.0212557 1.15361 2.97958 3.87264
825 275 0.0186421 1.17636 2.99368 3.90482
825 300 0.0177729 1.21925 3.03654 3.95719
825 325 0.0157437 1.22955 3.05009 3.97223
825 350 0.0152221 1.22884 3.04833 3.97137
825 375 0.0116959 1.25647 3.08287 4.02805
825 400 0.00965926 1.25834 3.08556 4.03121
825 425 0.00733321 1.35995 3.27677 4.27393
825 50 0.0263707 1.12337 2.96683 3.83503
825 75 0.025214 1.11756 2.96173 3.83214
850 100 0.0256664 1.10503 2.95786 3.8224
850 125 0.026674 1.11592 2.9628 3.82917
850 150 0.0262184 1.12604 2.96822 3.84016
850 175 0.0237059 1.12695 2.9693 3.83978
850 200 0.0237408 1.14126 2.97512 3.85559
850 225 0.0230581 1.13872 2.97281 3.85169
850 250 0.022223 1.15441 2.97953 3.87189
850 275 0.0208966 1.17169 2.99081 3.89616
850 300 0.0200273 1.17439 2.99205 3.90171
850 325 0.0183188 1.18686 3.0033 3.91685
850 350 0.0155818 1.21982 3.03723 3.95657
850 375 0.0137287 1.23724 3.06403 3.98554
850 400 0.0119545 1.25664 3.08343 4.02819
850 425 0.00933752 1.26666 3.09791 4.05089
850 450 0.00740386 1.36752 3.29493 4.2905
850 50 0.0279398 1.10197 2.95751 3.82148
850 75 0.0279318 1.1098 2.95819 3.82527
875 100 0.0283859 1.10553 2.95763 3.82236
875 125 0.026714 1.11346 2.96246 3.82811
875 150 0.026225 1.11789 2.96261 3.83283
875 175 0.026638 1.12467 2.96654 3.83874
875 200 0.0261952 1.13363 2.97249 3.84625
875 225 0.025787 1.13753 2.97268 3.8516
875 250 0.0243955 1.16542 2.9874 3.89163
875 275 0.0217732 1.17096 2.99082 3.89749
875 300 0.0218429 1.14355 2.97521 3.85738
875 325 0.0191875 1.18394 3.00084 3.9152
875 350 0.0170986 1.20421 3.01891 3.93775
875 375 0.0166964 1.21628 3.03326 3.95125
875 400 0.0149716 1.24248 3.06752 3.99278
875 425 0.011985 1.27069 3.10925 4.06687
875 450 0.0103001 1.23551 3.0612 3.98277
875 475 0.00732616 1.33915 3.22983 4.2273
875 50 0.0283896 1.11089 2.95934 3.82563
875 75 0.0270151 1.10065 2.95574 3.82099
900 100 0.0290558 1.09945 2.95183 3.82078
900 125 0.0279729 1.11251 2.96122 3.82761
900 150 0.0273045 1.10165 2.95787 3.82208
900 175 0.0267075 1.12461 2.96638 3.83841
900 200 0.026672 1.12026 2.96315 3.83307
900 225 0.0255844 1.11764 2.96159 3.83234
900 250 0.0234339 1.13578 2.97386 3.84942
900 275 0.0231643 1.15206 2.97794 3.86931
900 300 0.021553 1.14143 2.97511 3.85587
900 325 0.022375 1.17295 2.99161 3.89848
900 350 0.0192336 1.18418 3.00145 3.91577
900 375 0.0184002 1.20404 3.01895 3.93726
900 400 0.0158744 1.22345 3.04161 3.96191
900 425 0.0150664 1.23468 3.06117 3.98048
900 450 0.0121637 1.23226 3.05733 3.97636
900 475 0.0099914 1.31489 3.19121 4.16648
900 500 0.00717796 1.33042 3.21394 4.20335
900 50 0.0294937 1.08954 2.95307 3.81223
900 75 0.0283994 1.08519 2.95219 3.8093
925 100 0.0278581 1.10276 2.95791 3.82047
925 125 0.0285753 1.10851 2.95743 3.82496
925 150 0.0276616 1.10291 2.95754 3.8207
925 175 0.027035 1.11021 2.95887 3.82525
925 200 0.0266484 1.11321 2.96218 3.82821
925 225 0.0259468 1.11971 2.9617 3.83343
925 250 0.0259597 1.12181 2.96669 3.83471
925 275 0.0234676 1.12791 2.96929 3.84207
925 300 0.0224373 1.13966 2.97306 3.85354
925 325 0.0236817 1.16971 2.9904 3.89638
925 350 0.0220151 1.17129 2.99123 3.89598
925 375 0.0197433 1.17793 2.99494 3.90488
925 400 0.0184169 1.17692 2.99481 3.90611
925 425 0.0153257 1.21375 3.02745 3.9486
925 450 0.0144044 1.25088 3.07568 4.01468
925 475 0.0125451 1.27731 3.11871 4.08144
925 500 0.0102426 1.27934 3.12497 4.08445
925 50 0.0299475 1.09685 2.9529 3.81826
925 525 0.00709831 1.33521 3.2226 4.21763
925 75 0.0304784 1.08965 2.95309 3.81183
950 100 0.0285716 1.09561 2.95237 3.81748
950 125 0.0306642 1.09864 2.95268 3.82029
950 150 0.0283736 1.10029 2.95462 3.82022
950 175 0.0292251 1.10418 2.95778 3.82175
950 200 0.02858 1.10556 2.9577 3.82267
950 225 0.0273059 1.12017 2.96297 3.83307
950 250 0.0276276 1.11207 2.96071 3.82681
950 275 0.0253925 1.12142 2.96588 3.8349
950 300 0.0257726 1.15059 2.97735 3.86805
950 325 0.0241253 1.13941 2.97271 3.8529
950 350 0.0230525 1.17194 2.99073 3.89679
950 375 0.0219201 1.17948 2.99669 3.90699
950 400 0.0207015 1.17794 2.99494 3.90488
950 425 0.018163 1.19238 3.00904 3.92477
950 450 0.0167819 1.22181 3.03943 3.95786
950 475 0.0151525 1.23696 3.06363 3.98477
950 500 0.012585 1.25374 3.0777 4.02119
950 50 0.0301299 1.09285 2.95278 3.81464
950 525 0.00953101 1.29284 3.14417 4.11297
950 550 0.00806931 1.32191 3.2077 4.17908
950 75 0.0301706 1.09085 2.95393 3.812
975 100 0.0288204 1.09199 2.95335 3.81341
975 125 0.0290862 1.10294 2.95759 3.82062
975 150 0.029398 1.09142 2.95409 3.81262
975 175 0.0297283 1.09687 2.95272 3.81834
975 200 0.0276879 1.10662 2.95751 3.82364
975 225 0.0284091 1.1105 2.95946 3.82533
975 250 0.0275988 1.1143 2.96209 3.82914
975 275 0.0275017 1.11216 2.96077 3.82635
975 300 0.0257218 1.11768 2.96188 3.83255
975 325 0.0259823 1.13307 2.97276 3.84556
975 350 0.0238461 1.14996 2.97615 3.8666
975 375 0.0230708 1.14524 2.97547 3.86039
975 400 0.02211 1.15439 2.97928 3.87189
975 425 0.0197729 1.20398 3.0188 3.9373
975 450 0.0184342 1.18062 2.99782 3.91027
975 475 0.0172945 1.20382 3.01848 3.93696
975 500 0.0141888 1.25186 3.07819 4.01726
975 50 0.0306669 1.08777 2.9526 3.81098
975 525 0.0119427 1.23221 3.05657 3.97666
975 550 0.00984014 1.33986 3.22972 4.22785
975 575 0.00721657 1.3021 3.16561 4.13339
975 75 0.0305078 1.08841 2.95315 3.81126
