1000 100 0.0327059 1.06724 4.97787 5.92959
1000 125 0.0331467 1.07087 4.98161 5.93444
1000 150 0.0328581 1.0676 4.97834 5.9295
1000 175 0.0338816 1.06576 4.97479 5.92719
1000 200 0.032902 1.06784 4.97861 5.92909
1000 225 0.0335013 1.06709 4.97738 5.92872
1000 250 0.0333773 1.06695 4.97681 5.92878
1000 275 0.0325921 1.06945 4.98149 5.93122
1000 300 0.0318061 1.06797 4.97823 5.92887
1000 325 0.0333363 1.07 4.98179 5.93244
1000 350 0.030423 1.07783 4.99566 5.94822
1000 375 0.031322 1.07454 4.9896 5.94166
1000 400 0.0297516 1.07918 4.99834 5.94938
1000 425 0.029721 1.07652 4.99464 5.94533
1000 450 0.0281555 1.08844 5.01338 5.96452
1000 475 0.0278723 1.09062 5.01785 5.97087
1000 500 0.025772 1.10292 5.03675 5.99257
1000 50 0.0349666 1.061 4.96949 5.92289
1000 525 0.0244644 1.09749 5.03049 5.98494
1000 550 0.0225039 1.11736 5.06586 6.0216
1000 575 0.0197341 1.11197 5.05591 6.01211
1000 600 0.0156514 1.15479 5.1407 6.12369
1000 75 0.0331501 1.06746 4.97813 5.9299
1025 100 0.0335062 1.06498 4.97627 5.92691
1025 125 0.0337463 1.06925 4.98017 5.93109
1025 150 0.0327049 1.06707 4.97749 5.92865
1025 175 0.0345027 1.06287 4.97339 5.92423
1025 200 0.0340039 1.0633 4.97398 5.92456
1025 225 0.0333338 1.06696 4.97684 5.92881
1025 250 0.0324075 1.07273 4.98491 5.93835
1025 275 0.033967 1.06407 4.97445 5.92565
1025 300 0.0318471 1.06565 4.97519 5.92659
1025 325 0.0327578 1.07082 4.98149 5.93443
1025 350 0.0296607 1.07571 4.9917 5.94407
1025 375 0.0313673 1.07086 4.98152 5.93448
1025 400 0.0304728 1.07734 4.99508 5.94653
1025 425 0.0310065 1.08187 5.00144 5.95504
1025 450 0.0293114 1.07492 4.9898 5.94186
1025 475 0.0276678 1.07948 4.99862 5.94926
1025 500 0.026887 1.08853 5.01358 5.96418
1025 50 0.0334835 1.06398 4.97451 5.92549
1025 525 0.024998 1.10502 5.04197 5.99712
1025 550 0.0234388 1.10746 5.0487 6.00185
1025 575 0.0226577 1.12138 5.07318 6.03214
1025 600 0.0189164 1.12137 5.07316 6.03214
1025 625 0.0159589 1.16221 5.15878 6.1471
1025 75 0.0330808 1.06543 4.97568 5.92659
1050 100 0.0349994 1.06586 4.97546 5.92688
1050 125 0.0334601 1.06493 4.97603 5.92678
1050 150 0.0339082 1.06525 4.97555 5.92719
1050 175 0.0340838 1.06991 4.98172 5.93227
1050 200 0.033026 1.06631 4.97541 5.92785
1050 225 0.0329148 1.07112 4.98274 5.93471
1050 250 0.0324624 1.06835 4.97856 5.93016
1050 275 0.0332322 1.06806 4.97826 5.92926
1050 300 0.0323225 1.07226 4.98385 5.93709
1050 325 0.0331508 1.07167 4.98304 5.93597
1050 350 0.0327862 1.06217 4.97178 5.92344
1050 375 0.0318543 1.07016 4.9816 5.93264
1050 400 0.0319215 1.0699 4.98164 5.93219
1050 425 0.0300716 1.07273 4.98491 5.93835
1050 450 0.0307448 1.0809 4.99992 5.9524
1050 475 0.028062 1.08155 5.00053 5.95483
1050 500 0.0290352 1.08467 5.00515 5.95557
1050 50 0.0337787 1.06979 4.98184 5.93178
1050 525 0.0266046 1.0834 5.00371 5.95474
1050 550 0.0254634 1.09367 5.0248 5.97729
1050 575 0.0240252 1.10017 5.03212 5.98805
1050 600 0.0212914 1.11675 5.06347 6.01979
1050 625 0.0195321 1.12807 5.08321 6.04495
1050 650 0.016085 1.15429 5.13967 6.12101
1050 75 0.0344928 1.06561 4.97477 5.92675
1075 100 0.0334341 1.06559 4.97496 5.92671
1075 125 0.0339753 1.06407 4.97445 5.92565
1075 150 0.0347791 1.06091 4.96891 5.92213
1075 175 0.0344596 1.06293 4.97338 5.92414
1075 200 0.0324002 1.06575 4.97514 5.92688
1075 225 0.0339701 1.06089 4.96871 5.92203
1075 250 0.03368 1.06358 4.9743 5.92501
1075 275 0.0323343 1.07026 4.98129 5.93283
1075 300 0.032392 1.06882 4.97969 5.93034
1075 325 0.0330624 1.06287 4.97339 5.92423
1075 350 0.0336155 1.06776 4.97905 5.92923
1075 375 0.0334115 1.06969 4.98185 5.93118
1075 400 0.0310407 1.0752 4.99044 5.94297
1075 425 0.0310558 1.0781 4.99699 5.94896
1075 450 0.0311126 1.07528 4.9901 5.94289
1075 475 0.0300688 1.07613 4.99291 5.94495
1075 500 0.0292376 1.07941 4.99835 5.94915
1075 50 0.0335236 1.0673 4.97798 5.92921
1075 525 0.0283121 1.08414 5.00436 5.95537
1075 550 0.0272169 1.09164 5.02031 5.97375
1075 575 0.0256965 1.09193 5.02104 5.97437
1075 600 0.0244968 1.1077 5.04894 6.00325
1075 625 0.021916 1.12301 5.07602 6.03353
1075 650 0.0190901 1.12952 5.08549 6.0467
1075 675 0.0158692 1.1558 5.14335 6.12722
1075 75 0.0355344 1.06397 4.97468 5.92566
1100 100 0.0336797 1.06101 4.96938 5.92293
1100 125 0.034636 1.06181 4.97101 5.92265
1100 150 0.033911 1.06686 4.97682 5.92806
1100 175 0.0334254 1.06786 4.97863 5.92899
1100 200 0.0346123 1.06587 4.97537 5.92735
1100 225 0.0343013 1.06687 4.9768 5.92809
1100 250 0.0339666 1.06273 4.9731 5.92376
1100 275 0.0332575 1.06487 4.97636 5.92688
1100 300 0.0328348 1.06557 4.97505 5.92658
1100 325 0.0328575 1.06302 4.97377 5.92418
1100 350 0.0331764 1.06313 4.9743 5.92424
1100 375 0.032448 1.07122 4.9827 5.93541
1100 400 0.0320203 1.07301 4.98533 5.93915
1100 425 0.0322674 1.06984 4.98184 5.93179
1100 450 0.0308165 1.07632 4.99328 5.94546
1100 475 0.0322904 1.06742 4.97795 5.92964
1100 500 0.0312549 1.07209 4.98267 5.93646
1100 50 0.0334788 1.06368 4.97433 5.92509
1100 525 0.0300611 1.07678 4.9942 5.94585
1100 550 0.0283572 1.08593 5.00706 5.96476
1100 575 0.0265603 1.08435 5.00458 5.95565
1100 600 0.0266992 1.09656 5.02969 5.98374
1100 625 0.0242487 1.10022 5.03219 5.98834
1100 650 0.0219323 1.11978 5.07002 6.02859
1100 675 0.0188812 1.13457 5.09545 6.06028
1100 700 0.0159473 1.16451 5.1644 6.1542
1100 75 0.0337387 1.06652 4.97642 5.92821
1125 100 0.0331334 1.06985 4.98174 5.93195
1125 125 0.0346848 1.06531 4.97559 5.92699
1125 150 0.0352559 1.06247 4.97229 5.9241
1125 175 0.0343804 1.06641 4.97545 5.92763
1125 200 0.035164 1.0628 4.97316 5.92377
1125 225 0.033545 1.06926 4.98011 5.93107
1125 250 0.0339959 1.06466 4.9755 5.92655
1125 275 0.0340369 1.0617 4.97131 5.92302
1125 300 0.0333722 1.06539 4.97521 5.9268
1125 325 0.0325944 1.06968 4.98179 5.93128
1125 350 0.0330758 1.06823 4.9793 5.9301
1125 375 0.0347209 1.06218 4.97179 5.92344
1125 400 0.0325782 1.06625 4.97559 5.92776
1125 425 0.0328647 1.07543 4.99068 5.94308
1125 450 0.0329439 1.0694 4.98081 5.93124
1125 475 0.032385 1.07289 4.98554 5.93874
1125 500 0.0299434 1.08024 4.99984 5.95044
1125 50 0.0343993 1.06303 4.97381 5.92419
1125 525 0.0319113 1.07812 4.99712 5.94892
1125 550 0.0285735 1.08062 4.99869 5.95088
1125 575 0.0286559 1.08354 5.00367 5.955
1125 600 0.0271764 1.08463 5.00497 5.95541
1125 625 0.0262255 1.08846 5.01352 5.96443
1125 650 0.0244597 1.10262 5.03658 5.99185
1125 675 0.0229716 1.11869 5.06757 6.02621
1125 700 0.018678 1.1338 5.09443 6.05858
1125 725 0.0154838 1.15703 5.14639 6.13299
1125 75 0.0336691 1.06304 4.97382 5.92424
1150 100 0.0326092 1.07305 4.9853 5.93916
1150 125 0.0343778 1.06815 4.9791 5.92976
1150 150 0.0349279 1.06717 4.97763 5.92933
1150 175 0.0347901 1.06484 4.97636 5.92685
1150 200 0.0338588 1.06647 4.97604 5.92817
1150 225 0.0337451 1.0662 4.97535 5.9278
1150 250 0.0335793 1.06757 4.97825 5.9297
1150 275 0.0351384 1.06067 4.96873 5.92237
1150 300 0.035014 1.06078 4.96887 5.9224
1150 325 0.0332758 1.06823 4.9793 5.9301
1150 350 0.0350729 1.0645 4.97518 5.92616
1150 375 0.033227 1.06728 4.97788 5.92967
1150 400 0.033647 1.06671 4.97641 5.92839
1150 425 0.0329354 1.06723 4.97789 5.92963
1150 450 0.0333148 1.06715 4.97743 5.92912
1150 475 0.0322528 1.06968 4.98179 5.93128
1150 500 0.0322233 1.07257 4.98493 5.93702
1150 50 0.0347139 1.06071 4.96898 5.92229
1150 525 0.0316199 1.07065 4.98131 5.93401
1150 550 0.0301097 1.07811 4.9971 5.94889
1150 575 0.0308984 1.07761 4.99509 5.94706
1150 600 0.0284885 1.08576 5.00678 5.9597
1150 625 0.0283509 1.08365 5.00373 5.95543
1150 650 0.0258275 1.10039 5.0326 5.98855
1150 675 0.0246929 1.10706 5.04683 6.00134
1150 700 0.0223194 1.11581 5.06194 6.01869
1150 725 0.0186383 1.1215 5.07384 6.03289
1150 750 0.0167051 1.15538 5.14129 6.12613
1150 75 0.034477 1.06351 4.97401 5.92501
1175 100 0.0356929 1.0635 4.97411 5.92482
1175 125 0.0354042 1.06223 4.97204 5.92351
1175 150 0.0346446 1.06384 4.97421 5.92527
1175 175 0.0341404 1.06284 4.97317 5.92396
1175 200 0.0335608 1.06575 4.97514 5.92688
1175 225 0.035194 1.06395 4.9745 5.9257
1175 250 0.0336037 1.06748 4.97827 5.92982
1175 275 0.034856 1.0611 4.97028 5.9228
1175 300 0.0347299 1.06235 4.97211 5.92356
1175 325 0.0339256 1.06482 4.97616 5.92661
1175 350 0.0343436 1.06714 4.97752 5.9289
1175 375 0.033951 1.06513 4.97567 5.92669
1175 400 0.0353595 1.06414 4.975 5.92593
1175 425 0.0336673 1.06033 4.96819 5.92165
1175 450 0.0332305 1.0612 4.97081 5.92263
1175 475 0.0340492 1.06882 4.97969 5.93034
1175 500 0.0327657 1.06511 4.97572 5.92665
1175 50 0.0343155 1.06439 4.97523 5.92601
1175 525 0.0310187 1.07257 4.98493 5.93702
1175 550 0.0320759 1.07377 4.98725 5.93916
1175 575 0.0308238 1.06876 4.97935 5.93019
1175 600 0.0302096 1.07925 4.99854 5.94955
1175 625 0.0287803 1.08354 5.00367 5.955
1175 650 0.0265128 1.0955 5.02913 5.98055
1175 675 0.0251703 1.09753 5.03042 5.98515
1175 700 0.0257036 1.10166 5.0354 5.99069
1175 725 0.0221203 1.10897 5.05193 6.00622
1175 750 0.0185113 1.13787 5.10186 6.06957
1175 75 0.0350323 1.06443 4.97529 5.92619
1175 775 0.0173611 1.14451 5.12128 6.08552
1200 100 0.0346746 1.06502 4.97618 5.92693
1200 125 0.0339158 1.06553 4.97545 5.92632
1200 150 0.0341932 1.06441 4.97523 5.92607
1200 175 0.0361302 1.06181 4.97101 5.92265
1200 200 0.0336577 1.06579 4.97523 5.92727
1200 225 0.0339202 1.06813 4.9791 5.92969
1200 250 0.0346129 1.06198 4.97098 5.92323
1200 275 0.034492 1.06517 4.97569 5.92698
1200 300 0.0344761 1.06433 4.97538 5.92622
1200 325 0.0344901 1.06578 4.97516 5.92731
1200 350 0.034601 1.06595 4.97521 5.9275
1200 375 0.0339283 1.06459 4.97515 5.92659
1200 400 0.0339192 1.06158 4.97133 5.92301
1200 425 0.0339617 1.06906 4.97969 5.93079
1200 450 0.0340071 1.06684 4.97662 5.92816
1200 475 0.0328794 1.06852 4.97891 5.92992
1200 500 0.0327416 1.07367 4.98686 5.93944
1200 50 0.0356922 1.06158 4.97133 5.92301
1200 525 0.0331101 1.06871 4.97938 5.93041
1200 550 0.0317799 1.07274 4.98482 5.93827
1200 575 0.030658 1.06796 4.97829 5.92883
1200 600 0.0300594 1.07041 4.9817 5.93303
1200 625 0.0295003 1.07851 4.99793 5.94962
1200 650 0.0291366 1.08733 5.01035 5.96256
1200 675 0.0262481 1.09324 5.02382 5.97657
1200 700 0.0266828 1.10322 5.03685 5.99286
1200 725 0.0246129 1.10708 5.04687 6.00129
1200 750 0.0229538 1.10218 5.03621 5.99083
1200 75 0.0342657 1.06331 4.974 5.92453
1200 775 0.0186383 1.12177 5.07391 6.03254
1200 800 0.0170977 1.14351 5.11828 6.08374
450 50 0.00821666 1.23027 5.35285 6.36177
475 50 0.0108789 1.18278 5.21398 6.20718
475 75 0.00919555 1.19014 5.23667 6.22457
500 100 0.0107201 1.19313 5.24157 6.23238
500 50 0.0134986 1.15564 5.14254 6.12657
500 75 0.0122417 1.18744 5.22991 6.21833
525 100 0.0125187 1.1784 5.20125 6.19444
525 125 0.0108541 1.18103 5.20751 6.20025
525 50 0.0154246 1.14546 5.12398 6.09002
525 75 0.0151775 1.16065 5.15382 6.14306
550 100 0.0146899 1.16509 5.16636 6.15616
550 125 0.0138982 1.17632 5.19329 6.18845
550 150 0.0112238 1.19189 5.23891 6.22806
550 50 0.0182212 1.1363 5.09898 6.06591
550 75 0.0174855 1.16889 5.17457 6.16715
575 100 0.0176403 1.1196 5.07011 6.02844
575 125 0.0159596 1.145 5.12247 6.08825
575 150 0.01404 1.17674 5.19487 6.18939
575 175 0.012044 1.17597 5.19152 6.18717
575 50 0.0189966 1.12361 5.07729 6.03383
575 75 0.0183426 1.12714 5.08302 6.04318
600 100 0.0193609 1.1247 5.07926 6.03501
600 125 0.0192887 1.12864 5.0854 6.04621
600 150 0.0168034 1.12157 5.07379 6.03232
600 175 0.015481 1.14809 5.12864 6.09605
600 200 0.0127268 1.1642 5.16377 6.1541
600 50 0.0212446 1.10647 5.04555 6.00039
600 75 0.0203159 1.11722 5.06504 6.02136
625 100 0.0217169 1.11801 5.06595 6.0237
625 125 0.0212531 1.11138 5.05463 6.01179
625 150 0.0190644 1.13211 5.09126 6.05239
625 175 0.0176831 1.14102 5.11104 6.07824
625 200 0.0154013 1.15153 5.13358 6.11352
625 225 0.0135187 1.1641 5.16319 6.15339
625 50 0.0235715 1.09739 5.0309 5.98475
625 75 0.023414 1.10895 5.05168 6.00664
650 100 0.0238929 1.09503 5.02786 5.97918
650 125 0.0227678 1.1123 5.05647 6.01326
650 150 0.0216824 1.10564 5.04373 5.99752
650 175 0.0206078 1.12504 5.07861 6.03542
650 200 0.0171449 1.13776 5.10198 6.07003
650 225 0.0159057 1.15988 5.15347 6.14233
650 250 0.0130474 1.15977 5.15334 6.14186
650 50 0.0245867 1.09412 5.02494 5.97858
650 75 0.0248426 1.09441 5.0254 5.97891
675 100 0.0252643 1.10426 5.03947 5.99479
675 125 0.0244091 1.10271 5.03742 5.99197
675 150 0.0224614 1.1034 5.03722 5.99298
675 175 0.022125 1.10859 5.05111 6.0046
675 200 0.0195502 1.12396 5.07862 6.03383
675 225 0.0192601 1.13729 5.10124 6.06915
675 250 0.0175662 1.15596 5.14408 6.12821
675 275 0.0137705 1.16397 5.16256 6.15308
675 50 0.0264718 1.08728 5.01008 5.96245
675 75 0.026106 1.08721 5.00971 5.96242
700 100 0.0258729 1.09062 5.01785 5.97087
700 125 0.0253111 1.10654 5.04614 6.00052
700 150 0.0241845 1.10847 5.05049 6.00463
700 175 0.0241784 1.10549 5.04316 5.99746
700 200 0.022449 1.10818 5.05016 6.00477
700 225 0.0204378 1.1184 5.06636 6.02371
700 250 0.0189143 1.11807 5.06609 6.02395
700 275 0.0158109 1.15717 5.14646 6.13307
700 300 0.0142354 1.16624 5.17064 6.16069
700 50 0.0274762 1.09249 5.02205 5.97514
700 75 0.0257766 1.08681 5.0082 5.96251
725 100 0.0283367 1.08923 5.01365 5.96457
725 125 0.0263131 1.08491 5.00562 5.95703
725 150 0.025397 1.0816 5.00071 5.95471
725 175 0.0247176 1.09426 5.02502 5.97928
725 200 0.0247517 1.09042 5.01752 5.9655
725 225 0.0226367 1.10595 5.04444 5.99789
725 250 0.0225863 1.10227 5.03625 5.99097
725 275 0.0201056 1.12101 5.0721 6.03185
725 300 0.0170486 1.14708 5.1265 6.09383
725 325 0.0146713 1.15957 5.153 6.1415
725 50 0.0293208 1.07844 4.99776 5.94949
725 75 0.0279013 1.07662 4.99434 5.94587
750 100 0.0269433 1.0908 5.01901 5.97125
750 125 0.0285337 1.08064 4.9987 5.95087
750 150 0.0271878 1.09539 5.02871 5.98032
750 175 0.0271425 1.08308 5.00373 5.95438
750 200 0.0260754 1.09603 5.0301 5.98211
750 225 0.0245867 1.08503 5.00593 5.95716
750 250 0.0231524 1.10198 5.03597 5.99054
750 275 0.0216323 1.11589 5.06169 6.01873
750 300 0.0190837 1.12711 5.08303 6.04299
750 325 0.017136 1.15022 5.13293 6.11056
750 350 0.0143564 1.15792 5.14803 6.13639
750 50 0.0289549 1.08113 4.99953 5.95346
750 75 0.0283918 1.07921 4.99854 5.94947
775 100 0.0285479 1.08124 5.00023 5.95433
775 125 0.0291465 1.08305 5.00344 5.95407
775 150 0.028411 1.0813 5.00058 5.95431
775 175 0.0273222 1.08759 5.01176 5.9631
775 200 0.0257193 1.09592 5.0302 5.9819
775 225 0.0266199 1.09394 5.02469 5.97779
775 250 0.0254482 1.10422 5.03933 5.99442
775 275 0.0227229 1.09948 5.03136 5.9883
775 300 0.0222281 1.10895 5.05168 6.00664
775 325 0.0199125 1.1387 5.10301 6.07363
775 350 0.0181025 1.14038 5.10796 6.07573
775 375 0.014874 1.17499 5.1888 6.18446
775 50 0.029348 1.08137 5.00078 5.95468
775 75 0.0297529 1.07478 4.98966 5.94098
800 100 0.0301863 1.07405 4.98835 5.94003
800 125 0.0308081 1.07179 4.98298 5.93614
800 150 0.029229 1.08399 5.00408 5.95496
800 175 0.0286462 1.08756 5.01139 5.96316
800 200 0.0272703 1.084 5.00395 5.95492
800 225 0.0266341 1.09461 5.02664 5.97952
800 250 0.0263304 1.08881 5.01393 5.96434
800 275 0.0254101 1.08954 5.01518 5.96551
800 300 0.0242637 1.09867 5.03126 5.98619
800 325 0.0234652 1.10059 5.03313 5.98907
800 350 0.020986 1.11673 5.06338 6.01998
800 375 0.0178672 1.15838 5.14872 6.13696
800 400 0.0155326 1.14782 5.12782 6.09472
800 50 0.0311375 1.0761 4.99284 5.945
800 75 0.0300826 1.07956 4.99857 5.9495
825 100 0.0297698 1.08183 5.00122 5.95512
825 125 0.0283493 1.07654 4.99458 5.94533
825 150 0.0309536 1.07216 4.98316 5.93669
825 175 0.0294201 1.08142 5.00074 5.95462
825 200 0.0284897 1.08485 5.00527 5.95688
825 225 0.0287301 1.084 5.00395 5.95492
825 250 0.0282164 1.07658 4.99455 5.94555
825 275 0.0258412 1.08848 5.01363 5.96441
825 300 0.025829 1.09777 5.03041 5.98548
825 325 0.0236498 1.09987 5.03188 5.98965
825 350 0.0242942 1.10562 5.04369 5.99749
825 375 0.0199755 1.12938 5.08505 6.04634
825 400 0.0180047 1.13461 5.09561 6.06028
825 425 0.0146984 1.16306 5.16053 6.1494
825 50 0.0308215 1.07745 4.99514 5.94651
825 75 0.0294578 1.07668 4.99388 5.94551
850 100 0.0300667 1.07266 4.98482 5.93792
850 125 0.0308405 1.06664 4.97621 5.92815
850 150 0.0312919 1.07467 4.98989 5.9416
850 175 0.0285589 1.0738 4.98741 5.93943
850 200 0.0293388 1.07744 4.99492 5.94667
850 225 0.0293149 1.08187 5.00144 5.95504
850 250 0.0284386 1.08182 5.00122 5.95512
850 275 0.0281812 1.09363 5.02456 5.97721
850 300 0.0279983 1.08426 5.00439 5.95523
850 325 0.0261643 1.09518 5.02858 5.98018
850 350 0.0244011 1.10092 5.03357 5.98952
850 375 0.0227822 1.1083 5.05084 6.00516
850 400 0.0212421 1.11033 5.05336 6.00895
850 425 0.0174966 1.14535 5.12359 6.09005
850 450 0.0152514 1.14803 5.12882 6.09611
850 50 0.0316885 1.07124 4.98261 5.93522
850 75 0.0318595 1.07492 4.9898 5.94186
875 100 0.032573 1.07339 4.98643 5.93927
875 125 0.0306645 1.07302 4.98521 5.93922
875 150 0.0313686 1.074 4.98834 5.94007
875 175 0.031705 1.07424 4.9887 5.9408
875 200 0.0313697 1.07557 4.99115 5.94368
875 225 0.0317028 1.07148 4.98343 5.9358
875 250 0.0310757 1.07664 4.99419 5.94564
875 275 0.0279327 1.07924 4.99859 5.94954
875 300 0.028765 1.08235 5.00134 5.95441
875 325 0.026432 1.08931 5.01384 5.96471
875 350 0.0252545 1.10294 5.03693 5.99284
875 375 0.0254231 1.0992 5.03112 5.98743
875 400 0.0240904 1.10005 5.0318 5.98904
875 425 0.021382 1.11721 5.06505 6.02136
875 450 0.0183459 1.11989 5.07017 6.02904
875 475 0.0151065 1.14966 5.13163 6.09874
875 50 0.0324204 1.07129 4.98275 5.9354
875 75 0.0312589 1.07125 4.98264 5.93538
900 100 0.0336693 1.06741 4.97795 5.92964
900 125 0.0320434 1.06827 4.97906 5.92998
900 150 0.0318708 1.07436 4.98928 5.94075
900 175 0.0312559 1.07227 4.98382 5.93671
900 200 0.0318469 1.07275 4.98495 5.93843
900 225 0.0311412 1.07269 4.9849 5.938
900 250 0.0292119 1.08157 5.00063 5.95472
900 275 0.0291097 1.08234 5.00108 5.95432
900 300 0.0285767 1.07938 4.99844 5.94938
900 325 0.0293913 1.08368 5.00359 5.9556
900 350 0.0264138 1.09145 5.0196 5.97251
900 375 0.0263497 1.09192 5.02109 5.97425
900 400 0.0245319 1.09645 5.02981 5.98422
900 425 0.02341 1.09178 5.02117 5.9737
900 450 0.0210831 1.1157 5.06146 6.01795
900 475 0.0189126 1.12792 5.08315 6.04516
900 500 0.0155026 1.1615 5.1568 6.14432
900 50 0.0330645 1.07099 4.98224 5.93462
900 75 0.0322217 1.06434 4.97541 5.92608
925 100 0.0315265 1.07236 4.98417 5.93681
925 125 0.0325679 1.06895 4.97974 5.93041
925 150 0.0311984 1.07375 4.98717 5.93933
925 175 0.0315347 1.06688 4.97677 5.92821
925 200 0.031259 1.0688 4.97958 5.93034
925 225 0.0305748 1.07596 4.99308 5.94506
925 250 0.0307075 1.07435 4.98949 5.94109
925 275 0.0288673 1.07584 4.99228 5.94428
925 300 0.028415 1.07965 4.99871 5.9499
925 325 0.0301301 1.07886 4.99813 5.95024
925 350 0.0293525 1.08127 5.00067 5.95404
925 375 0.0276212 1.08571 5.00717 5.95983
925 400 0.0265092 1.09263 5.02243 5.97544
925 425 0.0248217 1.09681 5.03016 5.9838
925 450 0.0244948 1.10736 5.04801 6.0018
925 475 0.0214241 1.12058 5.07139 6.03099
925 500 0.0188565 1.12954 5.08579 6.04674
925 50 0.0334915 1.07041 4.9817 5.93303
925 525 0.0149695 1.15338 5.13803 6.11922
925 75 0.0340351 1.06738 4.97802 5.92973
950 100 0.031917 1.06894 4.97979 5.93041
950 125 0.0338167 1.06588 4.97537 5.92759
950 150 0.0319973 1.0706 4.9815 5.93403
950 175 0.0335192 1.06945 4.98149 5.93122
950 200 0.0326759 1.06849 4.97863 5.92935
950 225 0.0316909 1.08108 4.99958 5.95263
950 250 0.0326568 1.07095 4.98173 5.93465
950 275 0.0309401 1.07507 4.99018 5.94205
950 300 0.031648 1.07036 4.98155 5.93294
950 325 0.0298777 1.07878 4.99801 5.94994
950 350 0.0300047 1.08367 5.00362 5.95557
950 375 0.0299028 1.08383 5.00389 5.9554
950 400 0.0283145 1.08176 5.00096 5.95446
950 425 0.0267344 1.09299 5.02329 5.97633
950 450 0.0259666 1.09081 5.019 5.97125
950 475 0.0243847 1.11072 5.05406 6.01045
950 500 0.0218984 1.10986 5.05281 6.00905
950 50 0.0333331 1.06672 4.97661 5.92858
950 525 0.0186708 1.13912 5.10374 6.07438
950 550 0.0165893 1.16045 5.15388 6.14353
950 75 0.0333665 1.06781 4.97875 5.92895
975 100 0.0319056 1.06995 4.98182 5.93253
975 125 0.0325472 1.07309 4.98523 5.93867
975 150 0.0330113 1.06818 4.97914 5.92972
975 175 0.0332604 1.06887 4.97955 5.93009
975 200 0.0318 1.07274 4.98482 5.93827
975 225 0.0325038 1.07088 4.98177 5.93441
975 250 0.0326171 1.0672 4.97769 5.92954
975 275 0.0326543 1.06874 4.97938 5.93017
975 300 0.0313176 1.06888 4.97966 5.93006
975 325 0.0321333 1.07089 4.9818 5.93459
975 350 0.030346 1.07329 4.98589 5.93925
975 375 0.0294152 1.07419 4.98849 5.94068
975 400 0.029336 1.07911 4.99849 5.94973
975 425 0.0281286 1.08063 4.99869 5.95087
975 450 0.0264339 1.09277 5.02234 5.97553
975 475 0.0259327 1.08565 5.00729 5.9595
975 500 0.0240895 1.10728 5.04761 6.00197
975 50 0.0337942 1.06598 4.97546 5.9276
975 525 0.0216568 1.09954 5.03153 5.98828
975 550 0.019607 1.12818 5.0836 6.0453
975 575 0.015135 1.14901 5.13036 6.10893
975 75 0.0332194 1.06951 4.98135 5.93132
