1000 100 0.0341363 1.05038 6.79303 8.50189
1000 125 0.0346073 1.05329 6.7962 8.50896
1000 150 0.0344293 1.05078 6.7942 8.50147
1000 175 0.0353198 1.04646 6.78356 8.49569
1000 200 0.0342851 1.04828 6.78733 8.49893
1000 225 0.0351072 1.0481 6.78674 8.49879
1000 250 0.0349652 1.05125 6.79434 8.50308
1000 275 0.0343097 1.0503 6.79329 8.50171
1000 300 0.0334591 1.04828 6.78733 8.49893
1000 325 0.0354074 1.04706 6.78408 8.49684
1000 350 0.0326767 1.05392 6.79718 8.50946
1000 375 0.0336271 1.05324 6.79572 8.50918
1000 400 0.0321039 1.05169 6.79484 8.50295
1000 425 0.0323614 1.05092 6.79484 8.502
1000 450 0.0307614 1.05711 6.80299 8.51472
1000 475 0.031349 1.05684 6.80332 8.51555
1000 500 0.0292916 1.06602 6.81736 8.52782
1000 50 0.0362453 1.04759 6.78438 8.4972
1000 525 0.028238 1.06455 6.81866 8.52613
1000 550 0.02699 1.07394 6.8322 8.54824
1000 575 0.0241033 1.07487 6.83664 8.54927
1000 600 0.0201518 1.08963 6.87658 8.57526
1000 75 0.0345836 1.05167 6.79486 8.50295
1025 100 0.0346224 1.05108 6.79457 8.50278
1025 125 0.0348796 1.05252 6.79509 8.5059
1025 150 0.0340142 1.04934 6.78945 8.49969
1025 175 0.0356213 1.04502 6.78128 8.49454
1025 200 0.0353836 1.04668 6.7841 8.49605
1025 225 0.0350919 1.04898 6.78969 8.49928
1025 250 0.034137 1.05136 6.79452 8.50306
1025 275 0.0356161 1.04884 6.78935 8.499
1025 300 0.0337002 1.04729 6.78391 8.49655
1025 325 0.0345889 1.04891 6.78935 8.49963
1025 350 0.031869 1.05344 6.79718 8.50905
1025 375 0.0335601 1.05125 6.79434 8.50308
1025 400 0.0328513 1.05259 6.79563 8.50666
1025 425 0.0331128 1.04834 6.78745 8.49878
1025 450 0.0320686 1.05428 6.79762 8.51085
1025 475 0.0305813 1.05671 6.80304 8.51562
1025 500 0.0296219 1.05323 6.79575 8.50903
1025 50 0.0346799 1.04988 6.79102 8.5011
1025 525 0.028049 1.06106 6.81443 8.51745
1025 550 0.027677 1.07297 6.8304 8.54822
1025 575 0.0266034 1.06567 6.81825 8.5275
1025 600 0.0233605 1.07656 6.83722 8.55258
1025 625 0.0208807 1.09153 6.88328 8.58164
1025 75 0.0343224 1.05045 6.79408 8.50049
1050 100 0.0361756 1.04982 6.79073 8.50092
1050 125 0.0350861 1.04743 6.78438 8.49695
1050 150 0.0353721 1.04867 6.78853 8.4988
1050 175 0.0349624 1.04944 6.7889 8.49951
1050 200 0.0346384 1.04846 6.78801 8.49857
1050 225 0.0345179 1.05174 6.79496 8.50327
1050 250 0.0338117 1.04859 6.78866 8.49829
1050 275 0.0346385 1.04838 6.78738 8.49924
1050 300 0.034263 1.05227 6.79537 8.50467
1050 325 0.034961 1.05103 6.79469 8.50297
1050 350 0.0343974 1.04318 6.77886 8.49167
1050 375 0.0338512 1.04999 6.7912 8.50173
1050 400 0.0340617 1.04981 6.79059 8.50092
1050 425 0.0324672 1.05246 6.79504 8.50524
1050 450 0.0331026 1.05086 6.79429 8.50227
1050 475 0.0305139 1.05576 6.80015 8.51372
1050 500 0.0321622 1.05728 6.80314 8.5148
1050 50 0.0347222 1.05047 6.79408 8.50077
1050 525 0.0295311 1.06102 6.81454 8.51737
1050 550 0.0291441 1.05891 6.80959 8.51622
1050 575 0.0275099 1.05854 6.80747 8.51516
1050 600 0.0252505 1.071 6.82847 8.54383
1050 625 0.0246394 1.07767 6.84206 8.55444
1050 650 0.021625 1.0983 6.90486 8.61053
1050 75 0.0357746 1.04929 6.7895 8.49972
1075 100 0.0350019 1.0478 6.78518 8.49841
1075 125 0.0350012 1.04591 6.78202 8.49514
1075 150 0.0359624 1.04423 6.78058 8.4935
1075 175 0.0358822 1.04728 6.78389 8.4968
1075 200 0.0337918 1.0517 6.79506 8.50302
1075 225 0.0353044 1.04457 6.78066 8.4934
1075 250 0.0353414 1.04728 6.78389 8.4968
1075 275 0.0335359 1.04921 6.78948 8.50009
1075 300 0.0339693 1.05089 6.79472 8.50207
1075 325 0.0346262 1.04701 6.78433 8.49706
1075 350 0.0352321 1.04707 6.78391 8.49674
1075 375 0.0350172 1.04838 6.78738 8.49924
1075 400 0.0329018 1.04805 6.78727 8.49919
1075 425 0.033042 1.05033 6.79344 8.5018
1075 450 0.0331546 1.0503 6.79329 8.50171
1075 475 0.0326845 1.05474 6.79758 8.51205
1075 500 0.031732 1.0558 6.80011 8.51465
1075 50 0.0347846 1.0503 6.79329 8.50171
1075 525 0.0310815 1.05764 6.80462 8.51425
1075 550 0.030514 1.06444 6.81783 8.52628
1075 575 0.0290263 1.06239 6.81585 8.52188
1075 600 0.0289809 1.06255 6.81575 8.52194
1075 625 0.0266225 1.06911 6.82496 8.53593
1075 650 0.0234761 1.07978 6.84602 8.5577
1075 675 0.020662 1.07661 6.83752 8.55231
1075 75 0.0368133 1.04703 6.78415 8.4971
1100 100 0.0351103 1.04571 6.78098 8.49422
1100 125 0.0357685 1.04744 6.7847 8.49692
1100 150 0.0350868 1.04805 6.78727 8.49919
1100 175 0.0348535 1.0474 6.7843 8.49719
1100 200 0.0359726 1.04972 6.7903 8.50055
1100 225 0.0355039 1.04939 6.78922 8.49985
1100 250 0.0351146 1.04491 6.7813 8.49434
1100 275 0.034411 1.04699 6.78415 8.497
1100 300 0.0341515 1.05017 6.79254 8.50159
1100 325 0.0343836 1.04623 6.78362 8.4948
1100 350 0.0348847 1.04695 6.78401 8.49661
1100 375 0.0341329 1.05059 6.79426 8.50155
1100 400 0.0345558 1.05087 6.79453 8.50221
1100 425 0.03401 1.05226 6.79492 8.50467
1100 450 0.0333149 1.0538 6.79725 8.50944
1100 475 0.0340985 1.04831 6.78738 8.49873
1100 500 0.0332164 1.05054 6.79412 8.50155
1100 50 0.0344738 1.04577 6.78076 8.49424
1100 525 0.0324454 1.05143 6.79425 8.50324
1100 550 0.031042 1.05331 6.79619 8.50892
1100 575 0.0298002 1.06059 6.81273 8.51816
1100 600 0.0305496 1.06002 6.81219 8.51678
1100 625 0.0279631 1.06863 6.82322 8.53378
1100 650 0.0264603 1.07162 6.83002 8.54562
1100 675 0.0235062 1.07164 6.83026 8.54562
1100 700 0.0209578 1.07984 6.84621 8.55807
1100 75 0.0349075 1.04798 6.7867 8.49924
1125 100 0.0344217 1.05183 6.79521 8.50358
1125 125 0.0357067 1.047 6.78417 8.49699
1125 150 0.0366362 1.04607 6.78267 8.49497
1125 175 0.0355248 1.04994 6.79085 8.50133
1125 200 0.0361922 1.04746 6.78462 8.49699
1125 225 0.0348571 1.05047 6.79408 8.50077
1125 250 0.0352804 1.04932 6.78962 8.49957
1125 275 0.0350095 1.04551 6.78151 8.49439
1125 300 0.0346917 1.0491 6.78907 8.49967
1125 325 0.0339312 1.05098 6.7944 8.50278
1125 350 0.0345007 1.04908 6.78919 8.49979
1125 375 0.0360061 1.04664 6.78404 8.49555
1125 400 0.034196 1.04839 6.7877 8.49931
1125 425 0.0346113 1.0527 6.79569 8.50727
1125 450 0.0345657 1.04847 6.78797 8.49854
1125 475 0.034695 1.04985 6.79062 8.5009
1125 500 0.0317069 1.05555 6.80032 8.51317
1125 50 0.0351981 1.04577 6.78076 8.49424
1125 525 0.0341971 1.0517 6.79506 8.50302
1125 550 0.0309177 1.0536 6.79722 8.50921
1125 575 0.0314985 1.05576 6.80015 8.51372
1125 600 0.0300473 1.05584 6.80047 8.51496
1125 625 0.0296078 1.06299 6.81627 8.52268
1125 650 0.0281881 1.0605 6.81341 8.51779
1125 675 0.0272028 1.06382 6.81746 8.52485
1125 700 0.0231668 1.08887 6.87231 8.57375
1125 725 0.0210712 1.10628 6.92224 8.63076
1125 75 0.0347806 1.04665 6.78416 8.49559
1150 100 0.0336711 1.05484 6.79789 8.51254
1150 125 0.0354627 1.05161 6.79448 8.5032
1150 150 0.036104 1.04757 6.78444 8.49696
1150 175 0.0360662 1.04671 6.7842 8.49644
1150 200 0.0348772 1.04765 6.78438 8.49726
1150 225 0.0343859 1.05208 6.79463 8.50442
1150 250 0.0348227 1.04921 6.78948 8.50009
1150 275 0.0364484 1.04686 6.7838 8.49664
1150 300 0.0364174 1.04552 6.78148 8.49439
1150 325 0.0343702 1.05006 6.79201 8.50211
1150 350 0.0364193 1.04433 6.78042 8.49339
1150 375 0.0345549 1.04951 6.78914 8.49962
1150 400 0.0350822 1.04882 6.78937 8.49853
1150 425 0.0341408 1.04876 6.78915 8.49862
1150 450 0.0346854 1.04871 6.78905 8.49891
1150 475 0.0339926 1.05063 6.79412 8.50124
1150 500 0.0342572 1.04997 6.79102 8.5016
1150 50 0.0355865 1.04506 6.78121 8.4946
1150 525 0.033603 1.04727 6.78381 8.4968
1150 550 0.032541 1.05151 6.79452 8.50299
1150 575 0.0334852 1.05144 6.79452 8.50324
1150 600 0.0309703 1.05591 6.80045 8.51504
1150 625 0.0316069 1.05674 6.80283 8.51556
1150 650 0.0292895 1.06068 6.81259 8.51804
1150 675 0.0282648 1.06208 6.81583 8.52162
1150 700 0.0267619 1.069 6.82471 8.53599
1150 725 0.0236438 1.078 6.84345 8.55534
1150 750 0.0222027 1.09456 6.88932 8.59395
1150 75 0.0352952 1.04721 6.78351 8.49709
1175 100 0.0363522 1.04736 6.78409 8.49682
1175 125 0.036281 1.04587 6.78177 8.495
1175 150 0.0356223 1.0476 6.78439 8.49713
1175 175 0.034882 1.04819 6.78694 8.49858
1175 200 0.0343323 1.05044 6.79396 8.50055
1175 225 0.0362581 1.04618 6.78304 8.49523
1175 250 0.0346965 1.04924 6.78948 8.50003
1175 275 0.035884 1.04719 6.78343 8.49697
1175 300 0.0361623 1.04715 6.78359 8.49696
1175 325 0.0352208 1.04722 6.78355 8.497
1175 350 0.0355464 1.04945 6.78876 8.49951
1175 375 0.0352352 1.05029 6.79309 8.50162
1175 400 0.0363827 1.04712 6.78369 8.49676
1175 425 0.0355127 1.04656 6.78353 8.49597
1175 450 0.0346397 1.04277 6.77871 8.4907
1175 475 0.035316 1.04979 6.79057 8.50092
1175 500 0.0343429 1.04912 6.78945 8.49959
1175 50 0.0351187 1.04881 6.78939 8.49853
1175 525 0.033056 1.05153 6.79449 8.50327
1175 550 0.0342385 1.04912 6.78945 8.49959
1175 575 0.0326285 1.04934 6.78945 8.49969
1175 600 0.0325285 1.05128 6.79468 8.50312
1175 625 0.0315599 1.05352 6.79752 8.50848
1175 650 0.0295509 1.05523 6.79952 8.51244
1175 675 0.0282413 1.06009 6.81264 8.51748
1175 700 0.0288843 1.05982 6.81154 8.51661
1175 725 0.0267263 1.07119 6.829 8.54405
1175 750 0.0233502 1.07898 6.84414 8.55598
1175 75 0.0359731 1.05058 6.79442 8.50155
1175 775 0.0224726 1.07932 6.84487 8.55666
1200 100 0.0352075 1.04665 6.78416 8.49559
1200 125 0.0346843 1.04985 6.79062 8.5009
1200 150 0.0349245 1.04763 6.78435 8.49726
1200 175 0.0370952 1.0456 6.78122 8.49438
1200 200 0.034702 1.04803 6.78714 8.49911
1200 225 0.0346805 1.0508 6.79434 8.50138
1200 250 0.0352735 1.04552 6.78148 8.49439
1200 275 0.0355548 1.04786 6.78595 8.49837
1200 300 0.0354168 1.04749 6.7846 8.49677
1200 325 0.0356361 1.0466 6.7835 8.49531
1200 350 0.0352598 1.04908 6.78919 8.49979
1200 375 0.0348066 1.04939 6.78922 8.49985
1200 400 0.0350105 1.04635 6.78356 8.49524
1200 425 0.0350011 1.04801 6.787 8.49916
1200 450 0.0352564 1.04621 6.78339 8.49498
1200 475 0.0346686 1.04881 6.78939 8.49853
1200 500 0.0347956 1.05181 6.79525 8.50358
1200 50 0.0366748 1.04587 6.78177 8.495
1200 525 0.0349385 1.04878 6.78921 8.49868
1200 550 0.0338037 1.04792 6.78645 8.49855
1200 575 0.0327645 1.04651 6.78362 8.4958
1200 600 0.0323853 1.0511 6.79461 8.50285
1200 625 0.0316066 1.05253 6.79497 8.5059
1200 650 0.0320223 1.05439 6.79788 8.51151
1200 675 0.0292436 1.05985 6.81182 8.51672
1200 700 0.0296834 1.0587 6.80847 8.51541
1200 725 0.0281783 1.06457 6.81851 8.52604
1200 750 0.0273125 1.06763 6.82105 8.53219
1200 75 0.035288 1.04696 6.78403 8.49671
1200 775 0.0237246 1.08145 6.84963 8.5589
1200 800 0.0228326 1.09394 6.88663 8.59095
450 50 0.0125592 1.16306 7.16239 8.86159
475 50 0.0156479 1.10985 6.93741 8.64168
475 75 0.0141101 1.12764 6.99925 8.70627
500 100 0.0156063 1.12 6.97562 8.67642
500 50 0.018177 1.09883 6.90624 8.6123
500 75 0.0165754 1.10689 6.92441 8.63277
525 100 0.0179702 1.10419 6.91722 8.6258
525 125 0.0154286 1.10888 6.9328 8.6375
525 50 0.0208005 1.09873 6.90638 8.61198
525 75 0.0200231 1.08733 6.86517 8.57586
550 100 0.0201376 1.09822 6.90496 8.60996
550 125 0.018732 1.104 6.91792 8.62517
550 150 0.0164077 1.1145 6.95353 8.65541
550 50 0.0227377 1.09082 6.88097 8.57877
550 75 0.0227985 1.0945 6.88928 8.59387
575 100 0.0217129 1.07366 6.83185 8.54808
575 125 0.0211681 1.0964 6.8961 8.60226
575 150 0.018671 1.10515 6.9181 8.62812
575 175 0.0172254 1.11501 6.95276 8.65675
575 50 0.0233378 1.08595 6.86107 8.57246
575 75 0.0227964 1.08113 6.84888 8.55941
600 100 0.023878 1.07391 6.83221 8.54798
600 125 0.0240763 1.07768 6.84188 8.55449
600 150 0.0214011 1.0883 6.86918 8.56901
600 175 0.0202528 1.09012 6.87938 8.57668
600 200 0.0177197 1.10087 6.91062 8.6151
600 50 0.0249879 1.07095 6.82839 8.54294
600 75 0.0245641 1.07193 6.82962 8.54591
625 100 0.0259262 1.08072 6.84787 8.55939
625 125 0.0252514 1.07186 6.82967 8.54659
625 150 0.0237753 1.0804 6.84813 8.55883
625 175 0.0222487 1.09201 6.88331 8.58484
625 200 0.0203259 1.09284 6.88589 8.58734
625 225 0.0183923 1.09483 6.88953 8.59501
625 50 0.0276199 1.06595 6.81778 8.52871
625 75 0.0278804 1.07411 6.83346 8.54872
650 100 0.0278984 1.06538 6.81869 8.5266
650 125 0.0269951 1.07789 6.84323 8.55555
650 150 0.0259065 1.07716 6.84035 8.55348
650 175 0.025161 1.07979 6.846 8.55791
650 200 0.0219004 1.09 6.8795 8.57589
650 225 0.021378 1.08572 6.86073 8.57074
650 250 0.0183854 1.10432 6.91667 8.62567
650 50 0.0278719 1.06624 6.81793 8.52862
650 75 0.0288942 1.06883 6.82414 8.53501
675 100 0.0285467 1.05983 6.81154 8.51663
675 125 0.0283316 1.06323 6.81671 8.52467
675 150 0.0262076 1.0637 6.81745 8.52476
675 175 0.0261647 1.07037 6.82763 8.54105
675 200 0.0240093 1.07176 6.82966 8.54609
675 225 0.0236893 1.06812 6.82136 8.53423
675 250 0.0227759 1.08465 6.85809 8.56887
675 275 0.0179451 1.10336 6.91715 8.62193
675 50 0.0297654 1.05914 6.80946 8.516
675 75 0.0297638 1.05811 6.80625 8.51567
700 100 0.0291549 1.05768 6.8052 8.51442
700 125 0.0288735 1.06259 6.81561 8.52183
700 150 0.0281422 1.06257 6.81565 8.52168
700 175 0.0277878 1.06918 6.82457 8.53652
700 200 0.026611 1.07011 6.8274 8.54035
700 225 0.0250485 1.07478 6.83635 8.54884
700 250 0.0239832 1.08238 6.85257 8.56336
700 275 0.0207773 1.08853 6.87053 8.57111
700 300 0.0190001 1.09068 6.88069 8.57843
700 50 0.0306605 1.05604 6.80029 8.5154
700 75 0.0289686 1.06326 6.8163 8.52458
725 100 0.0316909 1.05726 6.803 8.515
725 125 0.0298726 1.0651 6.81902 8.52695
725 150 0.0283931 1.06398 6.8172 8.52518
725 175 0.0280584 1.0558 6.80011 8.51465
725 200 0.0292064 1.06205 6.81585 8.52168
725 225 0.0264368 1.06633 6.81839 8.52925
725 250 0.0262685 1.06704 6.81977 8.53054
725 275 0.0245239 1.07722 6.83988 8.55411
725 300 0.0219999 1.08888 6.87231 8.57386
725 325 0.0199548 1.09745 6.90289 8.60669
725 50 0.0327774 1.05766 6.80483 8.51433
725 75 0.0304723 1.05131 6.79468 8.50296
750 100 0.0299502 1.06784 6.8212 8.53339
750 125 0.0317469 1.06046 6.81336 8.51794
750 150 0.0305369 1.05959 6.81067 8.51697
750 175 0.0309775 1.05932 6.81035 8.51601
750 200 0.029412 1.05784 6.80607 8.51461
750 225 0.0280115 1.06123 6.81445 8.51779
750 250 0.0271378 1.06584 6.81797 8.52939
750 275 0.026042 1.06998 6.8267 8.5403
750 300 0.0232759 1.08019 6.84749 8.55893
750 325 0.0221474 1.09871 6.90629 8.61183
750 350 0.0194996 1.0909 6.88122 8.57891
750 50 0.031621 1.05582 6.80016 8.5148
750 75 0.0314264 1.05218 6.79474 8.50475
775 100 0.0318624 1.064 6.81713 8.52483
775 125 0.0320197 1.05402 6.79682 8.5104
775 150 0.0317049 1.05843 6.80709 8.51483
775 175 0.0299096 1.06218 6.81615 8.52173
775 200 0.0285639 1.06231 6.81601 8.52212
775 225 0.0298527 1.05739 6.80316 8.5148
775 250 0.0292661 1.06228 6.81636 8.52212
775 275 0.0265875 1.07143 6.82939 8.54464
775 300 0.0263032 1.06807 6.82113 8.53421
775 325 0.0239175 1.07421 6.83403 8.5486
775 350 0.0223415 1.07955 6.84572 8.55711
775 375 0.0199078 1.09392 6.88713 8.59057
775 50 0.031666 1.05547 6.79996 8.51276
775 75 0.0323763 1.05262 6.79573 8.50666
800 100 0.0323065 1.05034 6.79357 8.50197
800 125 0.0332603 1.04943 6.78918 8.49965
800 150 0.0324171 1.05464 6.79787 8.51175
800 175 0.0317969 1.05619 6.80166 8.51583
800 200 0.0301694 1.05323 6.79575 8.50903
800 225 0.0296233 1.0612 6.81447 8.51764
800 250 0.0294984 1.05766 6.80483 8.51433
800 275 0.0286782 1.06241 6.81558 8.5221
800 300 0.0282328 1.06118 6.81451 8.51735
800 325 0.0268859 1.06625 6.81813 8.52851
800 350 0.0259558 1.07677 6.83817 8.55328
800 375 0.0228434 1.08095 6.84847 8.5589
800 400 0.0205486 1.09622 6.89591 8.60119
800 50 0.0336983 1.05597 6.80063 8.51508
800 75 0.0318178 1.05103 6.79469 8.50297
825 100 0.0322957 1.05695 6.80285 8.5154
825 125 0.0305809 1.054 6.79678 8.50986
825 150 0.0338265 1.0506 6.79408 8.50155
825 175 0.0320911 1.05428 6.79762 8.51085
825 200 0.0311066 1.05359 6.79712 8.5091
825 225 0.0315974 1.05854 6.80747 8.51516
825 250 0.0309587 1.05048 6.79422 8.50117
825 275 0.0290968 1.06079 6.81378 8.51764
825 300 0.0291408 1.06147 6.81445 8.51836
825 325 0.0276099 1.05976 6.81134 8.51676
825 350 0.0279348 1.06015 6.81279 8.51734
825 375 0.0237885 1.07735 6.84026 8.55414
825 400 0.0231673 1.07903 6.84412 8.5563
825 425 0.0198122 1.09317 6.88633 8.58821
825 50 0.0333034 1.05816 6.8063 8.51566
825 75 0.0317082 1.05175 6.79507 8.5034
850 100 0.032083 1.05127 6.79438 8.50311
850 125 0.0328704 1.05125 6.79434 8.50308
850 150 0.0334182 1.05171 6.79503 8.50315
850 175 0.030999 1.0559 6.80045 8.5151
850 200 0.0320451 1.05624 6.80209 8.51581
850 225 0.032031 1.05405 6.7968 8.51059
850 250 0.0309815 1.05224 6.79497 8.50477
850 275 0.0313342 1.05603 6.80044 8.5154
850 300 0.0310977 1.05464 6.79787 8.51175
850 325 0.0297177 1.05892 6.80957 8.51634
850 350 0.0277492 1.0626 6.81545 8.5217
850 375 0.0270665 1.07094 6.82845 8.54294
850 400 0.0259267 1.07182 6.8295 8.5467
850 425 0.0223615 1.08105 6.84907 8.55868
850 450 0.0206093 1.09483 6.88953 8.59501
850 50 0.0338703 1.05168 6.79482 8.50286
850 75 0.0341746 1.05352 6.79752 8.50848
875 100 0.0344391 1.04985 6.79062 8.5009
875 125 0.0326148 1.05102 6.79471 8.50297
875 150 0.0335399 1.04918 6.7891 8.5
875 175 0.0335029 1.05013 6.79219 8.50189
875 200 0.0333868 1.05151 6.79452 8.50299
875 225 0.0341585 1.05332 6.79626 8.50883
875 250 0.0337388 1.05029 6.79309 8.50162
875 275 0.0304603 1.05432 6.79784 8.51116
875 300 0.0312719 1.05297 6.79603 8.50725
875 325 0.0298708 1.05757 6.80426 8.51413
875 350 0.0288085 1.06335 6.81633 8.52454
875 375 0.0294862 1.0666 6.81903 8.52994
875 400 0.0279274 1.06021 6.81315 8.51762
875 425 0.0254257 1.07604 6.83801 8.55015
875 450 0.0224968 1.07772 6.84229 8.55462
875 475 0.020278 1.10011 6.91078 8.61419
875 50 0.0340582 1.04906 6.78963 8.49961
875 75 0.0332225 1.05118 6.79435 8.50259
900 100 0.0354362 1.04739 6.78411 8.49719
900 125 0.0336407 1.05062 6.79412 8.50134
900 150 0.0338181 1.04855 6.7885 8.49834
900 175 0.0335269 1.05295 6.79588 8.5071
900 200 0.0338561 1.04746 6.78462 8.49699
900 225 0.0333018 1.054 6.79678 8.50986
900 250 0.0315828 1.0516 6.7944 8.50302
900 275 0.0312829 1.05471 6.79786 8.5121
900 300 0.0311194 1.05146 6.79422 8.50299
900 325 0.0324273 1.05384 6.79704 8.50903
900 350 0.0298055 1.05829 6.80679 8.51592
900 375 0.0299815 1.06432 6.81728 8.52609
900 400 0.0284009 1.06061 6.81273 8.51823
900 425 0.0274897 1.06284 6.81519 8.5224
900 450 0.0254068 1.07971 6.84521 8.55749
900 475 0.0240031 1.08486 6.85841 8.5685
900 500 0.0201335 1.10196 6.91385 8.61726
900 50 0.0347456 1.04921 6.78948 8.50009
900 75 0.0341126 1.04942 6.78916 8.49972
925 100 0.0333069 1.05144 6.79452 8.50324
925 125 0.0343501 1.05267 6.79589 8.50725
925 150 0.0331813 1.05172 6.79499 8.50337
925 175 0.0331107 1.04841 6.78791 8.49832
925 200 0.0329083 1.04929 6.7895 8.49972
925 225 0.0324344 1.05214 6.79481 8.50452
925 250 0.0326437 1.05002 6.79161 8.50188
925 275 0.0307853 1.05206 6.79482 8.50431
925 300 0.0307809 1.05517 6.79914 8.51235
925 325 0.0324155 1.05241 6.79523 8.50529
925 350 0.032268 1.0538 6.79725 8.50944
925 375 0.0306735 1.05524 6.79947 8.51257
925 400 0.029654 1.05562 6.79967 8.51324
925 425 0.0282014 1.05972 6.81106 8.51694
925 450 0.0283863 1.0665 6.81852 8.52949
925 475 0.0256874 1.07122 6.82894 8.54347
925 500 0.0236529 1.07407 6.83321 8.54863
925 50 0.0351484 1.04885 6.78933 8.499
925 525 0.0196811 1.10373 6.91706 8.62366
925 75 0.0357696 1.05077 6.79402 8.50157
950 100 0.0335679 1.05095 6.79462 8.50221
950 125 0.0349508 1.04764 6.78441 8.49726
950 150 0.033691 1.05025 6.79229 8.50087
950 175 0.035129 1.04986 6.79062 8.50103
950 200 0.0348315 1.04844 6.78773 8.49851
950 225 0.0333999 1.05286 6.7958 8.50692
950 250 0.0340803 1.05035 6.79309 8.50197
950 275 0.033301 1.05516 6.79877 8.51222
950 300 0.033892 1.04875 6.78913 8.49862
950 325 0.0326432 1.05197 6.79544 8.50423
950 350 0.0324377 1.05224 6.79497 8.50477
950 375 0.0321176 1.05007 6.79192 8.50211
950 400 0.0310295 1.05574 6.80017 8.51387
950 425 0.0301482 1.05907 6.8098 8.51676
950 450 0.0292322 1.05796 6.80647 8.51525
950 475 0.0277714 1.06396 6.81708 8.52481
950 500 0.0262453 1.07393 6.83223 8.54813
950 50 0.0351272 1.0494 6.78918 8.49985
950 525 0.0233946 1.08255 6.85377 8.5636
950 550 0.0216026 1.08346 6.85501 8.56656
950 75 0.0352396 1.04967 6.79004 8.50036
975 100 0.0336503 1.05001 6.79139 8.5015
975 125 0.034335 1.05426 6.79764 8.51049
975 150 0.0348443 1.05223 6.79497 8.50471
975 175 0.0350183 1.04858 6.78862 8.49829
975 200 0.0331867 1.05037 6.79311 8.50202
975 225 0.0345813 1.05102 6.79471 8.50297
975 250 0.0349389 1.05215 6.79501 8.50457
975 275 0.0346356 1.04712 6.78369 8.49676
975 300 0.0336533 1.05013 6.79219 8.50189
975 325 0.0346197 1.05314 6.79603 8.50872
975 350 0.0324978 1.0549 6.79774 8.51221
975 375 0.0318061 1.05615 6.80154 8.51573
975 400 0.0317017 1.05055 6.79425 8.50164
975 425 0.0307955 1.05526 6.79945 8.51239
975 450 0.0299616 1.05731 6.803 8.51442
975 475 0.0293973 1.05866 6.80785 8.51553
975 500 0.0284026 1.06367 6.81765 8.52462
975 50 0.0353693 1.04841 6.78791 8.49832
975 525 0.0260084 1.06815 6.82124 8.53389
975 550 0.0247681 1.08679 6.86404 8.57419
975 575 0.0206025 1.10033 6.9113 8.61378
975 75 0.0348447 1.05289 6.79602 8.50708
