1000 100 0.0323763 1.05383 4.96391 5.91722
1000 125 0.0326994 1.05627 4.96557 5.91893
1000 150 0.0325268 1.05373 4.96384 5.91708
1000 175 0.0335053 1.05188 4.95889 5.91745
1000 200 0.0324006 1.05333 4.9637 5.91673
1000 225 0.0330848 1.05473 4.96538 5.91813
1000 250 0.0330085 1.054 4.96429 5.91733
1000 275 0.0319823 1.05589 4.96634 5.91897
1000 300 0.031463 1.0536 4.964 5.91697
1000 325 0.0330114 1.05582 4.96636 5.91893
1000 350 0.0300975 1.06345 4.97399 5.92521
1000 375 0.0309786 1.06307 4.97404 5.92432
1000 400 0.0294462 1.06566 4.97499 5.92658
1000 425 0.0293923 1.06336 4.97412 5.92456
1000 450 0.027714 1.07558 4.99115 5.94356
1000 475 0.0276277 1.07961 4.99875 5.94992
1000 500 0.0254574 1.09266 5.02254 5.97551
1000 50 0.0345806 1.04798 4.95632 5.91377
1000 525 0.0242121 1.0886 5.01393 5.96459
1000 550 0.0221435 1.10607 5.04433 5.99866
1000 575 0.0194972 1.10216 5.03599 5.99081
1000 600 0.0153106 1.14692 5.12629 6.09368
1000 75 0.0328037 1.05237 4.96026 5.9166
1025 100 0.033123 1.05315 4.96298 5.9176
1025 125 0.0331774 1.05527 4.96595 5.91886
1025 150 0.0324272 1.05194 4.95888 5.91753
1025 175 0.0341013 1.04928 4.9571 5.91548
1025 200 0.0335199 1.05071 4.95969 5.91525
1025 225 0.0330359 1.05196 4.95892 5.91716
1025 250 0.031998 1.05617 4.96585 5.91902
1025 275 0.0336084 1.05241 4.96018 5.91675
1025 300 0.031516 1.05323 4.96319 5.91741
1025 325 0.0324383 1.05895 4.96675 5.9203
1025 350 0.0294676 1.05959 4.96749 5.92108
1025 375 0.0309697 1.05637 4.9654 5.91889
1025 400 0.0302134 1.06384 4.97421 5.92527
1025 425 0.0305993 1.07065 4.98131 5.93401
1025 450 0.0290206 1.06344 4.974 5.92514
1025 475 0.0273421 1.06538 4.97517 5.92689
1025 500 0.0264684 1.0774 4.99503 5.94663
1025 50 0.0330905 1.05044 4.95898 5.91568
1025 525 0.0247948 1.09462 5.02666 5.97959
1025 550 0.0230516 1.0955 5.02913 5.98055
1025 575 0.0223278 1.11174 5.05502 6.0125
1025 600 0.0186508 1.11129 5.0551 6.01206
1025 625 0.0157081 1.15194 5.13401 6.1144
1025 75 0.0326711 1.05108 4.95954 5.91648
1050 100 0.0346193 1.0516 4.95888 5.91733
1050 125 0.0332105 1.0504 4.9588 5.91563
1050 150 0.033608 1.05107 4.95948 5.91651
1050 175 0.0336494 1.05384 4.96388 5.91734
1050 200 0.0327959 1.05138 4.95927 5.9166
1050 225 0.0326206 1.05431 4.96458 5.91777
1050 250 0.0320678 1.0541 4.96465 5.91749
1050 275 0.0328373 1.05466 4.96543 5.91797
1050 300 0.0318595 1.05767 4.96615 5.92029
1050 325 0.0327483 1.05831 4.96581 5.91986
1050 350 0.0323966 1.04878 4.95715 5.91553
1050 375 0.031453 1.056 4.96567 5.91908
1050 400 0.0316094 1.05597 4.96576 5.91921
1050 425 0.029775 1.0569 4.96621 5.91943
1050 450 0.0304724 1.06859 4.97912 5.9303
1050 475 0.0277191 1.06411 4.97457 5.92563
1050 500 0.0286737 1.07261 4.98485 5.93735
1050 50 0.0333086 1.05638 4.9654 5.91884
1050 525 0.0261604 1.0684 4.97865 5.93012
1050 550 0.0251872 1.08244 5.00171 5.95426
1050 575 0.023602 1.09025 5.01674 5.96547
1050 600 0.0209154 1.10582 5.04425 5.99775
1050 625 0.0193381 1.11669 5.06347 6.01974
1050 650 0.0159057 1.14571 5.12458 6.0906
1050 75 0.0341403 1.05067 4.9596 5.9153
1075 100 0.0331074 1.0501 4.95811 5.91458
1075 125 0.0335458 1.05068 4.95962 5.91529
1075 150 0.0343792 1.04913 4.95722 5.91541
1075 175 0.034155 1.05018 4.95846 5.9148
1075 200 0.0319539 1.05158 4.95897 5.91726
1075 225 0.0335288 1.04694 4.95518 5.9122
1075 250 0.0332887 1.05148 4.95873 5.91681
1075 275 0.0321102 1.05391 4.96372 5.91747
1075 300 0.0320646 1.0539 4.96364 5.91747
1075 325 0.03284 1.05055 4.95926 5.91577
1075 350 0.0332527 1.05236 4.96016 5.91657
1075 375 0.0329622 1.05639 4.9654 5.91877
1075 400 0.0306235 1.06118 4.97068 5.92268
1075 425 0.0305738 1.06173 4.97111 5.92293
1075 450 0.0307085 1.06012 4.96803 5.92141
1075 475 0.0297049 1.06427 4.97521 5.92624
1075 500 0.0288909 1.06676 4.97688 5.92848
1075 50 0.0330845 1.05369 4.96398 5.917
1075 525 0.0280013 1.07189 4.98285 5.93592
1075 550 0.0269373 1.07648 4.99454 5.94575
1075 575 0.0252022 1.07884 4.99794 5.9502
1075 600 0.0242482 1.09645 5.02981 5.98422
1075 625 0.0216331 1.11409 5.05915 6.01596
1075 650 0.0186574 1.1187 5.06753 6.02621
1075 675 0.0156466 1.14773 5.12796 6.09472
1075 75 0.0352672 1.05189 4.95889 5.9174
1100 100 0.0334127 1.04823 4.95658 5.91396
1100 125 0.0344234 1.04831 4.9565 5.91458
1100 150 0.0336339 1.05221 4.95952 5.91655
1100 175 0.033201 1.05194 4.95888 5.91753
1100 200 0.0343046 1.05247 4.96022 5.91683
1100 225 0.0339912 1.05423 4.96499 5.91783
1100 250 0.0336123 1.04756 4.95606 5.9135
1100 275 0.0329329 1.05001 4.95786 5.91508
1100 300 0.032431 1.05253 4.96027 5.91666
1100 325 0.0325234 1.0505 4.9591 5.91567
1100 350 0.032827 1.05009 4.95813 5.91459
1100 375 0.0319953 1.05839 4.96609 5.92001
1100 400 0.0317791 1.0601 4.968 5.92148
1100 425 0.0317645 1.05846 4.96664 5.92023
1100 450 0.0305597 1.06121 4.97081 5.92256
1100 475 0.0319398 1.05475 4.96552 5.91802
1100 500 0.0308509 1.05927 4.96715 5.9205
1100 50 0.0331751 1.04935 4.95728 5.91493
1100 525 0.0297473 1.06119 4.9708 5.92259
1100 550 0.0281086 1.07414 4.98868 5.94067
1100 575 0.0263069 1.06966 4.98183 5.93127
1100 600 0.0264979 1.08644 5.00779 5.96109
1100 625 0.0238344 1.08903 5.01348 5.96463
1100 650 0.0216332 1.11029 5.05342 6.0088
1100 675 0.0185548 1.12383 5.07796 6.03424
1100 700 0.0157377 1.15525 5.14154 6.12608
1100 75 0.0334512 1.05272 4.96103 5.91646
1125 100 0.0328325 1.05467 4.96525 5.91818
1125 125 0.0343698 1.05057 4.95906 5.91544
1125 150 0.0349441 1.0488 4.95715 5.91537
1125 175 0.0340527 1.05092 4.95962 5.91618
1125 200 0.0347577 1.04966 4.958 5.91518
1125 225 0.0333043 1.05318 4.96322 5.91754
1125 250 0.0337321 1.05028 4.95901 5.9152
1125 275 0.0338241 1.04595 4.95475 5.91249
1125 300 0.0329123 1.05056 4.95904 5.91542
1125 325 0.032353 1.0543 4.9646 5.91785
1125 350 0.0327991 1.0546 4.96522 5.91785
1125 375 0.0343248 1.05116 4.95922 5.91654
1125 400 0.0321837 1.05295 4.96206 5.91709
1125 425 0.0325037 1.06209 4.97147 5.92351
1125 450 0.0324784 1.05524 4.9661 5.91865
1125 475 0.0322309 1.05776 4.96635 5.92075
1125 500 0.0294073 1.06416 4.9749 5.92588
1125 50 0.0340657 1.05047 4.95916 5.91566
1125 525 0.0315394 1.06476 4.97545 5.92634
1125 550 0.0281429 1.06665 4.9763 5.92809
1125 575 0.0284273 1.06868 4.97923 5.93031
1125 600 0.0268942 1.06962 4.9816 5.93132
1125 625 0.0258449 1.07606 4.99302 5.94508
1125 650 0.0239215 1.0919 5.02107 5.9741
1125 675 0.0227165 1.10984 5.05275 6.00911
1125 700 0.0183929 1.12466 5.07935 6.03495
1125 725 0.0152246 1.14665 5.126 6.09343
1125 75 0.0333175 1.05044 4.95898 5.91568
1150 100 0.0323224 1.05756 4.96652 5.92029
1150 125 0.0340602 1.05345 4.96336 5.91664
1150 150 0.0345468 1.05298 4.96214 5.91702
1150 175 0.0344539 1.04972 4.95829 5.91466
1150 200 0.0335888 1.05169 4.95854 5.91698
1150 225 0.0332999 1.05226 4.95976 5.91666
1150 250 0.0332807 1.0532 4.96319 5.91754
1150 275 0.0346329 1.04853 4.95674 5.91539
1150 300 0.0346541 1.04738 4.95591 5.91292
1150 325 0.0329983 1.05306 4.9621 5.91738
1150 350 0.034727 1.05067 4.9596 5.9153
1150 375 0.0328673 1.05101 4.9595 5.9164
1150 400 0.0332877 1.05362 4.96399 5.91695
1150 425 0.0323687 1.05378 4.96391 5.91715
1150 450 0.0328479 1.05238 4.96026 5.91663
1150 475 0.0318164 1.05586 4.96648 5.91897
1150 500 0.0319357 1.05928 4.96715 5.9204
1150 50 0.0343349 1.04851 4.95668 5.91554
1150 525 0.0312687 1.05815 4.96517 5.92013
1150 550 0.0298634 1.06355 4.97416 5.92495
1150 575 0.0306016 1.06406 4.97437 5.92565
1150 600 0.0280662 1.07192 4.9831 5.93619
1150 625 0.0280865 1.07284 4.98564 5.93842
1150 650 0.0253141 1.08774 5.01253 5.964
1150 675 0.0243781 1.09625 5.03009 5.98307
1150 700 0.0220838 1.10672 5.04615 6.0009
1150 725 0.0182345 1.10929 5.05258 6.00745
1150 750 0.0165674 1.14735 5.12789 6.09405
1150 75 0.0340647 1.04978 4.9579 5.91504
1175 100 0.0352923 1.05088 4.95979 5.91612
1175 125 0.0348228 1.04769 4.95581 5.91368
1175 150 0.0342044 1.04972 4.95829 5.91466
1175 175 0.0337933 1.04884 4.95745 5.91563
1175 200 0.0331432 1.05041 4.95883 5.91562
1175 225 0.0348611 1.04934 4.95725 5.91503
1175 250 0.0332797 1.05208 4.95968 5.91699
1175 275 0.0344488 1.0482 4.95652 5.91431
1175 300 0.0345449 1.0498 4.95804 5.91484
1175 325 0.0335907 1.04866 4.9567 5.91504
1175 350 0.0339498 1.0533 4.96381 5.91695
1175 375 0.0335455 1.0528 4.96111 5.91653
1175 400 0.0349094 1.05105 4.95973 5.91651
1175 425 0.033288 1.04736 4.95589 5.91282
1175 450 0.032904 1.0487 4.95675 5.91554
1175 475 0.0335848 1.05585 4.96633 5.91911
1175 500 0.0323152 1.05043 4.95898 5.91568
1175 50 0.0339486 1.05031 4.95902 5.91536
1175 525 0.0307168 1.05745 4.9659 5.91985
1175 550 0.0316794 1.06261 4.9729 5.92377
1175 575 0.0304952 1.05756 4.96652 5.92029
1175 600 0.0298724 1.06677 4.97679 5.92848
1175 625 0.0283794 1.06923 4.98037 5.93103
1175 650 0.0261396 1.08375 5.0039 5.95567
1175 675 0.0249633 1.08456 5.00478 5.95565
1175 700 0.0254807 1.09028 5.01698 5.96594
1175 725 0.0219382 1.09725 5.03062 5.98457
1175 750 0.0182033 1.12767 5.08332 6.04514
1175 75 0.0346813 1.05208 4.95968 5.91699
1175 775 0.0171268 1.13627 5.09909 6.06591
1200 100 0.0341661 1.05081 4.95971 5.91566
1200 125 0.0335382 1.05071 4.95969 5.91525
1200 150 0.0338303 1.04991 4.9583 5.91461
1200 175 0.0357695 1.04802 4.95623 5.91389
1200 200 0.0333319 1.05066 4.95947 5.91533
1200 225 0.0335802 1.05472 4.96534 5.91793
1200 250 0.0341546 1.05 4.95787 5.91504
1200 275 0.0342116 1.05053 4.95907 5.91559
1200 300 0.0340238 1.05025 4.95914 5.91513
1200 325 0.0340864 1.05096 4.95933 5.91642
1200 350 0.0341684 1.05032 4.95889 5.91536
1200 375 0.0335157 1.05009 4.95813 5.91459
1200 400 0.0334511 1.04795 4.95638 5.91371
1200 425 0.0334427 1.05282 4.96125 5.91662
1200 450 0.0336648 1.05328 4.9636 5.91706
1200 475 0.0325234 1.05287 4.96142 5.91647
1200 500 0.0323576 1.05885 4.96652 5.92005
1200 50 0.0353608 1.0487 4.95675 5.91554
1200 525 0.0326987 1.05689 4.96619 5.91936
1200 550 0.031416 1.05746 4.96595 5.91999
1200 575 0.0302863 1.05404 4.96439 5.91746
1200 600 0.0298228 1.05721 4.96592 5.91965
1200 625 0.0291826 1.06469 4.9753 5.92668
1200 650 0.028727 1.07433 4.98936 5.94085
1200 675 0.025933 1.07804 4.99619 5.94886
1200 700 0.0263773 1.09269 5.02271 5.97558
1200 725 0.0242876 1.09499 5.02741 5.97939
1200 750 0.0225712 1.09219 5.0218 5.97537
1200 75 0.0338721 1.0493 4.95715 5.91542
1200 775 0.0183775 1.10989 5.0529 6.00911
1200 800 0.0169261 1.1351 5.09647 6.06124
450 50 0.00818181 1.22461 5.33165 6.34867
475 50 0.0107413 1.17684 5.19486 6.18914
475 75 0.00908892 1.18495 5.22084 6.21218
500 100 0.0105265 1.18767 5.23031 6.21923
500 50 0.0132431 1.14782 5.12782 6.09472
500 75 0.0121535 1.18298 5.21445 6.20814
525 100 0.0122368 1.17063 5.17937 6.17319
525 125 0.0106345 1.17377 5.18394 6.18081
525 50 0.0152547 1.1368 5.09925 6.06707
525 75 0.0149548 1.15302 5.13696 6.11716
550 100 0.0145158 1.15801 5.14888 6.1367
550 125 0.0137416 1.16757 5.17151 6.16267
550 150 0.0110317 1.1845 5.21998 6.21171
550 50 0.0180101 1.12729 5.08331 6.04396
550 75 0.0172767 1.16176 5.1579 6.14514
575 100 0.0173463 1.108 5.05003 6.00421
575 125 0.0157696 1.13716 5.10031 6.0684
575 150 0.0137467 1.16984 5.17671 6.17046
575 175 0.0118726 1.16974 5.17623 6.16993
575 50 0.0187912 1.11583 5.06183 6.01883
575 75 0.0181345 1.11825 5.06583 6.02382
600 100 0.0191198 1.11518 5.06017 6.0163
600 125 0.0190009 1.11877 5.06751 6.02613
600 150 0.0166698 1.11411 5.0591 6.01604
600 175 0.0153258 1.14008 5.10628 6.07482
600 200 0.0125678 1.15648 5.14536 6.13019
600 50 0.0210143 1.09695 5.03088 5.98439
600 75 0.0200538 1.10792 5.04931 6.00401
625 100 0.0213972 1.10964 5.05277 6.0084
625 125 0.0209769 1.10131 5.03465 5.99085
625 150 0.0188787 1.12264 5.07495 6.03445
625 175 0.0174284 1.133 5.09357 6.05561
625 200 0.0150689 1.14149 5.11141 6.07977
625 225 0.0134124 1.15699 5.14638 6.13298
625 50 0.0233634 1.08531 5.00696 5.95831
625 75 0.0230261 1.09788 5.03051 5.98584
650 100 0.0236307 1.08416 5.00445 5.95537
650 125 0.0225633 1.10275 5.03721 5.99193
650 150 0.0213683 1.09728 5.03058 5.98463
650 175 0.0204204 1.11441 5.05884 6.01642
650 200 0.0168397 1.12673 5.08252 6.04052
650 225 0.0156641 1.15104 5.13372 6.11288
650 250 0.0128581 1.15189 5.13386 6.11416
650 50 0.0242499 1.08215 5.00117 5.95499
650 75 0.0245088 1.08344 5.00375 5.95476
675 100 0.0249712 1.09347 5.02437 5.97697
675 125 0.0241836 1.092 5.02129 5.97446
675 150 0.022243 1.09063 5.01775 5.97094
675 175 0.0219306 1.09825 5.03149 5.98637
675 200 0.0193141 1.11181 5.05546 6.01243
675 225 0.0191088 1.13066 5.0881 6.04896
675 250 0.0173547 1.14764 5.12787 6.09482
675 275 0.0134877 1.15429 5.13967 6.12101
675 50 0.0261083 1.07424 4.9887 5.9408
675 75 0.0258948 1.07765 4.99503 5.94722
700 100 0.0255055 1.07815 4.99719 5.94903
700 125 0.0251543 1.09472 5.0269 5.97934
700 150 0.0239289 1.09605 5.0301 5.9823
700 175 0.0239609 1.09462 5.02666 5.97959
700 200 0.0221648 1.09759 5.03046 5.98557
700 225 0.0201461 1.10885 5.0519 6.00609
700 250 0.0186485 1.10801 5.05 6.00436
700 275 0.0156082 1.14917 5.13117 6.10849
700 300 0.0141326 1.15834 5.14875 6.1368
700 50 0.0271629 1.08155 5.00053 5.95483
700 75 0.0254626 1.07 4.98179 5.93244
725 100 0.0280072 1.07916 4.9983 5.94977
725 125 0.0259498 1.07291 4.98566 5.93872
725 150 0.0251364 1.06823 4.9793 5.9301
725 175 0.0245097 1.08341 5.00379 5.95467
725 200 0.0245723 1.07931 4.9987 5.94964
725 225 0.0223062 1.0956 5.02991 5.98086
725 250 0.0222906 1.09212 5.02195 5.9753
725 275 0.0198468 1.111 5.05456 6.01147
725 300 0.0168039 1.13777 5.10182 6.07003
725 325 0.0145071 1.15206 5.135 6.11469
725 50 0.0290414 1.06774 4.97892 5.92911
725 75 0.0275039 1.06566 4.97499 5.92658
750 100 0.0265429 1.07777 4.99539 5.948
750 125 0.028159 1.06856 4.97897 5.92988
750 150 0.0269151 1.08368 5.00359 5.9556
750 175 0.0268813 1.07088 4.98177 5.93441
750 200 0.0257555 1.08662 5.00857 5.96215
750 225 0.0242778 1.07087 4.98161 5.93444
750 250 0.0229128 1.08952 5.01508 5.96545
750 275 0.0212629 1.10512 5.04206 5.99696
750 300 0.0188821 1.11677 5.06336 6.02015
750 325 0.0168443 1.14378 5.11883 6.08454
750 350 0.0141837 1.14705 5.12667 6.0938
750 50 0.0287375 1.07034 4.98137 5.93303
750 75 0.0280799 1.06761 4.9784 5.92939
775 100 0.0283705 1.06901 4.97982 5.93056
775 125 0.0288759 1.06947 4.98136 5.93107
775 150 0.0279966 1.06905 4.97962 5.93074
775 175 0.0269012 1.07354 4.98665 5.93942
775 200 0.0254117 1.08292 5.00354 5.95447
775 225 0.0264067 1.08028 4.9994 5.95022
775 250 0.0252563 1.09362 5.02454 5.97712
775 275 0.0223609 1.0854 5.00693 5.95899
775 300 0.0219828 1.0971 5.03042 5.98413
775 325 0.0195256 1.12885 5.08538 6.04646
775 350 0.0178084 1.13095 5.08876 6.04936
775 375 0.0145989 1.16807 5.17325 6.16431
775 50 0.0290082 1.06739 4.97804 5.92958
775 75 0.0294978 1.06102 4.96946 5.92293
800 100 0.029767 1.06329 4.97412 5.9248
800 125 0.030417 1.06049 4.96875 5.9222
800 150 0.028955 1.07359 4.98663 5.93927
800 175 0.02827 1.0765 4.99464 5.94555
800 200 0.0269913 1.07252 4.98462 5.93665
800 225 0.0263045 1.08431 5.00476 5.95568
800 250 0.0259308 1.07392 4.98815 5.93963
800 275 0.0249929 1.07855 4.99804 5.94976
800 300 0.0239873 1.08973 5.01599 5.96543
800 325 0.0230735 1.08853 5.01358 5.96418
800 350 0.0206127 1.10572 5.04403 5.99748
800 375 0.0176793 1.15105 5.13362 6.11288
800 400 0.0153197 1.13956 5.10483 6.07502
800 50 0.0308102 1.06364 4.97425 5.92507
800 75 0.0296536 1.06496 4.97636 5.92686
825 100 0.0294751 1.06587 4.97537 5.92735
825 125 0.028062 1.06105 4.96974 5.92289
825 150 0.0306955 1.05997 4.96813 5.9213
825 175 0.0291162 1.06763 4.97857 5.92966
825 200 0.028197 1.07093 4.98174 5.93454
825 225 0.0283474 1.07048 4.98182 5.93334
825 250 0.0278405 1.06362 4.97419 5.92518
825 275 0.0255421 1.07625 4.99312 5.94532
825 300 0.0254826 1.08652 5.00762 5.96173
825 325 0.0234003 1.0883 5.01288 5.96435
825 350 0.0239888 1.09659 5.0299 5.9839
825 375 0.0194803 1.11993 5.07024 6.02918
825 400 0.0178327 1.12493 5.07806 6.03577
825 425 0.0145063 1.15541 5.14132 6.1261
825 50 0.0304869 1.06364 4.97425 5.92507
825 75 0.0291368 1.05962 4.96745 5.92101
850 100 0.0296666 1.05832 4.96582 5.91986
850 125 0.0305558 1.05499 4.96539 5.91835
850 150 0.0308257 1.06233 4.97215 5.92366
850 175 0.0281381 1.05738 4.96592 5.92006
850 200 0.0289653 1.06442 4.97529 5.92624
850 225 0.0290212 1.07042 4.98173 5.93303
850 250 0.0280616 1.0696 4.98137 5.9312
850 275 0.0280309 1.08225 5.00102 5.95487
850 300 0.0276284 1.07313 4.9854 5.93893
850 325 0.0259732 1.08308 5.00373 5.95438
850 350 0.0240211 1.08821 5.01284 5.96412
850 375 0.0224631 1.09683 5.03016 5.98372
850 400 0.0210213 1.10003 5.03202 5.98876
850 425 0.0172726 1.13548 5.09887 6.06256
850 450 0.0150953 1.14091 5.11033 6.07755
850 50 0.0313244 1.05954 4.96748 5.92084
850 75 0.0314053 1.06088 4.96902 5.92233
875 100 0.0322383 1.06151 4.97143 5.92313
875 125 0.0303038 1.05867 4.96656 5.91995
875 150 0.0310519 1.06118 4.97068 5.92268
875 175 0.0313034 1.06208 4.97138 5.92351
875 200 0.0310013 1.06668 4.97623 5.92809
875 225 0.0313352 1.05739 4.96606 5.91999
875 250 0.0308342 1.06474 4.97555 5.92636
875 275 0.0276199 1.06572 4.97516 5.92653
875 300 0.0283805 1.06884 4.97961 5.93042
875 325 0.0261101 1.07709 4.99513 5.94621
875 350 0.024971 1.0915 5.0195 5.97262
875 375 0.0250971 1.08891 5.01404 5.96422
875 400 0.0237889 1.09038 5.01731 5.96553
875 425 0.0211234 1.10843 5.05077 6.00496
875 450 0.0181186 1.10912 5.05245 6.00754
875 475 0.0149412 1.14347 5.11845 6.08364
875 50 0.0320752 1.05792 4.96559 5.92012
875 75 0.030875 1.05719 4.96604 5.91964
900 100 0.0333343 1.05278 4.96096 5.91659
900 125 0.0317083 1.05517 4.96565 5.91868
900 150 0.0314251 1.05911 4.96678 5.92051
900 175 0.0308384 1.05942 4.96724 5.92065
900 200 0.0314468 1.05939 4.96742 5.92076
900 225 0.0306648 1.05912 4.96678 5.92059
900 250 0.0288924 1.06733 4.97803 5.92941
900 275 0.0287487 1.06942 4.98123 5.93121
900 300 0.0282077 1.06829 4.97904 5.92989
900 325 0.0291671 1.07095 4.98173 5.93465
900 350 0.0261545 1.07921 4.99854 5.94947
900 375 0.0260921 1.07833 4.99797 5.94943
900 400 0.0241699 1.08487 5.00549 5.95693
900 425 0.0231744 1.07784 4.99563 5.94832
900 450 0.0208655 1.10712 5.04732 6.0014
900 475 0.0186817 1.11758 5.06573 6.02246
900 500 0.0153174 1.15316 5.13742 6.11854
900 50 0.032713 1.05698 4.96583 5.91948
900 75 0.0319203 1.0507 4.95964 5.91531
925 100 0.0311548 1.0595 4.96736 5.92088
925 125 0.0321501 1.05643 4.96574 5.91864
925 150 0.0309056 1.06131 4.97103 5.92233
925 175 0.0313276 1.05358 4.96396 5.917
925 200 0.0310319 1.05269 4.96033 5.91651
925 225 0.0302538 1.06061 4.9689 5.92235
925 250 0.0305379 1.06138 4.971 5.92271
925 275 0.0284879 1.06358 4.9743 5.92501
925 300 0.0279856 1.0669 4.97673 5.92822
925 325 0.0297864 1.0666 4.9762 5.92837
925 350 0.0289852 1.06975 4.98183 5.93156
925 375 0.02731 1.07417 4.98879 5.94104
925 400 0.0261948 1.08117 4.99975 5.95376
925 425 0.024507 1.08597 5.00733 5.96515
925 450 0.0241734 1.09763 5.03069 5.98598
925 475 0.02118 1.11015 5.05279 6.00943
925 500 0.0185457 1.12081 5.0715 6.0318
925 50 0.0331001 1.05562 4.9659 5.91849
925 525 0.0146976 1.14658 5.12592 6.09309
925 75 0.0336656 1.05306 4.9621 5.91738
950 100 0.0314975 1.05416 4.96508 5.91765
950 125 0.0334177 1.05456 4.96507 5.91777
950 150 0.031687 1.05598 4.96576 5.91921
950 175 0.033189 1.05535 4.96593 5.91871
950 200 0.0324338 1.05491 4.96564 5.91778
950 225 0.0314648 1.06687 4.9768 5.92809
950 250 0.0321367 1.05809 4.96486 5.91985
950 275 0.0305921 1.05993 4.96824 5.92127
950 300 0.0312738 1.05479 4.96556 5.91807
950 325 0.0295194 1.06727 4.97788 5.92963
950 350 0.0296463 1.069 4.97984 5.93061
950 375 0.029578 1.07349 4.98674 5.93917
950 400 0.0281065 1.06796 4.97829 5.92883
950 425 0.0264402 1.0799 4.99885 5.95036
950 450 0.0255546 1.08057 4.99868 5.9508
950 475 0.0240501 1.0997 5.03112 5.98888
950 500 0.0216547 1.09829 5.03115 5.98636
950 50 0.0329861 1.05372 4.96389 5.91708
950 525 0.0183785 1.12962 5.08592 6.04705
950 550 0.0163169 1.15358 5.13801 6.11973
950 75 0.033093 1.05443 4.96464 5.91769
975 100 0.0316295 1.05499 4.96539 5.91835
975 125 0.0322214 1.05799 4.9655 5.91987
975 150 0.0326265 1.05553 4.96574 5.91873
975 175 0.0329092 1.05471 4.96508 5.91793
975 200 0.0312812 1.05618 4.9657 5.91911
975 225 0.0323329 1.05756 4.96652 5.92029
975 250 0.0322502 1.0546 4.96522 5.91785
975 275 0.0323235 1.05586 4.96648 5.91897
975 300 0.0310635 1.05436 4.96481 5.91791
975 325 0.0318023 1.05517 4.96565 5.91868
975 350 0.0299891 1.06054 4.9686 5.92243
975 375 0.0290597 1.06257 4.9726 5.9238
975 400 0.0288997 1.06485 4.97646 5.92693
975 425 0.0278657 1.06829 4.97904 5.92989
975 450 0.0262095 1.08061 4.99871 5.95088
975 475 0.0256189 1.0757 4.99172 5.94404
975 500 0.0239061 1.09741 5.03074 5.98468
975 50 0.0333217 1.05169 4.95854 5.91698
975 525 0.0213813 1.08763 5.01193 5.96331
975 550 0.0193342 1.12007 5.07032 6.02908
975 575 0.0149807 1.14 5.10578 6.07473
975 75 0.0329363 1.05371 4.96387 5.91708
