1000 100 0.034466 1.0645 6.81841 8.52633
1000 125 0.0350546 1.06815 6.82124 8.53389
1000 150 0.0347688 1.065 6.81865 8.52593
1000 175 0.0357053 1.06189 6.81526 8.52114
1000 200 0.034805 1.06361 6.81731 8.52496
1000 225 0.0355422 1.0626 6.81545 8.5217
1000 250 0.0353797 1.06407 6.81703 8.52483
1000 275 0.0349534 1.06482 6.81825 8.52626
1000 300 0.0338881 1.06354 6.8177 8.52457
1000 325 0.0357323 1.06357 6.81753 8.52465
1000 350 0.0330337 1.07038 6.8277 8.54096
1000 375 0.0339854 1.06579 6.81797 8.52817
1000 400 0.0324265 1.06805 6.82117 8.53421
1000 425 0.0326901 1.06757 6.82077 8.53219
1000 450 0.0312562 1.07298 6.83035 8.5483
1000 475 0.031611 1.07108 6.82884 8.54401
1000 500 0.0296375 1.07944 6.84557 8.55668
1000 50 0.0366313 1.06145 6.81429 8.5183
1000 525 0.0285088 1.07718 6.84018 8.55357
1000 550 0.0274038 1.08874 6.87133 8.5732
1000 575 0.0243566 1.08774 6.86693 8.5676
1000 600 0.0205623 1.10236 6.91415 8.61857
1000 75 0.0349571 1.06685 6.81961 8.52936
1025 100 0.0350055 1.0633 6.81635 8.52426
1025 125 0.0354484 1.06683 6.8196 8.52925
1025 150 0.034292 1.06487 6.81812 8.52641
1025 175 0.0360227 1.06036 6.81335 8.51798
1025 200 0.035886 1.05973 6.81111 8.51694
1025 225 0.035407 1.06438 6.81778 8.5264
1025 250 0.0345464 1.06865 6.8231 8.53383
1025 275 0.0359931 1.06081 6.81399 8.5177
1025 300 0.0340461 1.06068 6.81259 8.51804
1025 325 0.0349268 1.0634 6.81663 8.5246
1025 350 0.0320943 1.07029 6.82695 8.54066
1025 375 0.0339577 1.06733 6.8203 8.53136
1025 400 0.0331289 1.06844 6.82275 8.53346
1025 425 0.0335549 1.06402 6.81713 8.52461
1025 450 0.0323964 1.0672 6.81982 8.53107
1025 475 0.030942 1.07231 6.82973 8.54662
1025 500 0.0300764 1.06879 6.82408 8.5348
1025 50 0.0351217 1.06344 6.81697 8.52431
1025 525 0.0282685 1.07643 6.83785 8.55215
1025 550 0.0281631 1.08673 6.8634 8.57467
1025 575 0.0269873 1.08052 6.84774 8.55898
1025 600 0.0236786 1.09089 6.88151 8.57891
1025 625 0.0212143 1.10718 6.92726 8.63439
1025 75 0.0347679 1.06466 6.81839 8.52586
1050 100 0.0365557 1.06414 6.81725 8.52509
1050 125 0.0353515 1.06222 6.81622 8.52215
1050 150 0.0356723 1.06335 6.81633 8.52454
1050 175 0.0354465 1.06679 6.81932 8.52978
1050 200 0.034887 1.06405 6.81692 8.52474
1050 225 0.0348285 1.06856 6.82285 8.53389
1050 250 0.0342248 1.06349 6.8177 8.52474
1050 275 0.0350334 1.06335 6.81633 8.52454
1050 300 0.0347594 1.06751 6.82073 8.53206
1050 325 0.0353783 1.06554 6.81921 8.52703
1050 350 0.034787 1.05761 6.80459 8.51425
1050 375 0.0342891 1.06574 6.81849 8.5274
1050 400 0.0344106 1.06512 6.81901 8.52695
1050 425 0.0328169 1.06936 6.82534 8.53651
1050 450 0.0333899 1.0671 6.81964 8.53058
1050 475 0.0308568 1.07485 6.83641 8.54963
1050 500 0.0325594 1.07188 6.82978 8.54661
1050 50 0.0351923 1.06498 6.81866 8.5262
1050 525 0.0300596 1.07705 6.83929 8.553
1050 550 0.0294216 1.0751 6.83668 8.54975
1050 575 0.0279872 1.07347 6.83181 8.54745
1050 600 0.0257133 1.08635 6.86344 8.57384
1050 625 0.0249164 1.09378 6.88748 8.59016
1050 650 0.0218711 1.1099 6.93749 8.64131
1050 75 0.0361456 1.06442 6.81785 8.52644
1075 100 0.035347 1.06387 6.8177 8.52477
1075 125 0.0354307 1.06038 6.81327 8.51836
1075 150 0.0363623 1.05726 6.803 8.515
1075 175 0.0362378 1.06051 6.81323 8.51788
1075 200 0.0342878 1.06619 6.818 8.52896
1075 225 0.0357641 1.05937 6.81058 8.51592
1075 250 0.0357327 1.06003 6.81217 8.51696
1075 275 0.0337749 1.06701 6.81999 8.53026
1075 300 0.0343152 1.06706 6.81977 8.53052
1075 325 0.0348486 1.05976 6.81134 8.51676
1075 350 0.0355949 1.06407 6.81703 8.52483
1075 375 0.0354835 1.06344 6.81697 8.52431
1075 400 0.0333376 1.06519 6.81874 8.52717
1075 425 0.0335727 1.06875 6.82381 8.53461
1075 450 0.0335771 1.06745 6.82048 8.5319
1075 475 0.0330483 1.06792 6.82075 8.5334
1075 500 0.0320951 1.07009 6.82755 8.54055
1075 50 0.0352421 1.06455 6.81866 8.52613
1075 525 0.0314789 1.07203 6.8299 8.54648
1075 550 0.0308448 1.08133 6.84961 8.55971
1075 575 0.0295544 1.0776 6.84226 8.55461
1075 600 0.0293096 1.07757 6.84215 8.55446
1075 625 0.026942 1.08208 6.85218 8.56243
1075 650 0.0240139 1.0945 6.88928 8.59387
1075 675 0.020969 1.09191 6.88316 8.58427
1075 75 0.0371314 1.05979 6.81159 8.51662
1100 100 0.0353773 1.05883 6.80916 8.51537
1100 125 0.0359811 1.06124 6.81445 8.51792
1100 150 0.0353638 1.06352 6.81763 8.52454
1100 175 0.0351138 1.06392 6.81741 8.52487
1100 200 0.0362803 1.0636 6.81729 8.52483
1100 225 0.0358304 1.06285 6.81531 8.52251
1100 250 0.0354873 1.06101 6.81458 8.51737
1100 275 0.0347724 1.06273 6.8147 8.52171
1100 300 0.0345552 1.06345 6.81709 8.52505
1100 325 0.034736 1.06001 6.81217 8.517
1100 350 0.0352893 1.06083 6.81473 8.51763
1100 375 0.034619 1.06457 6.81851 8.52604
1100 400 0.034797 1.06488 6.81812 8.5265
1100 425 0.0345485 1.06513 6.819 8.52695
1100 450 0.0335717 1.07019 6.82751 8.54041
1100 475 0.034449 1.06331 6.81635 8.52448
1100 500 0.0336551 1.06565 6.81833 8.5274
1100 50 0.0347775 1.06085 6.81485 8.51761
1100 525 0.032796 1.06935 6.82535 8.53661
1100 550 0.0313575 1.06872 6.82346 8.53439
1100 575 0.0301033 1.07748 6.84114 8.55522
1100 600 0.0308027 1.07327 6.83118 8.54756
1100 625 0.0284444 1.08298 6.85482 8.56464
1100 650 0.0268117 1.08594 6.86093 8.57233
1100 675 0.0238491 1.08742 6.86574 8.57584
1100 700 0.0212541 1.09568 6.89343 8.59787
1100 75 0.0352135 1.06252 6.81547 8.52196
1125 100 0.0347411 1.0675 6.82071 8.532
1125 125 0.0360218 1.06276 6.8147 8.52166
1125 150 0.0369664 1.06035 6.81339 8.51812
1125 175 0.0358526 1.06569 6.81822 8.52733
1125 200 0.0365985 1.06093 6.81474 8.51741
1125 225 0.0350978 1.06713 6.81964 8.53059
1125 250 0.0355591 1.06369 6.81751 8.52476
1125 275 0.0352224 1.06144 6.81428 8.51836
1125 300 0.0351702 1.06478 6.81834 8.52619
1125 325 0.0342059 1.0672 6.81982 8.53107
1125 350 0.0347939 1.06399 6.8171 8.52504
1125 375 0.0364022 1.05833 6.80689 8.51633
1125 400 0.0346255 1.06314 6.81724 8.5241
1125 425 0.0349906 1.06791 6.82068 8.53329
1125 450 0.0350693 1.06476 6.81846 8.5262
1125 475 0.0348491 1.06617 6.81816 8.52896
1125 500 0.0322594 1.07303 6.83047 8.54798
1125 50 0.0355491 1.05945 6.81057 8.51634
1125 525 0.0345839 1.06761 6.82099 8.53208
1125 550 0.0313812 1.07051 6.82823 8.54198
1125 575 0.0317783 1.07318 6.83081 8.54763
1125 600 0.0303653 1.07425 6.83419 8.54811
1125 625 0.0300233 1.07791 6.84318 8.55562
1125 650 0.0287813 1.07527 6.8369 8.54961
1125 675 0.0275064 1.07783 6.84274 8.55514
1125 700 0.0234888 1.10223 6.91399 8.61786
1125 725 0.0214328 1.11765 6.96587 8.66671
1125 75 0.0351322 1.05974 6.81095 8.51694
1150 100 0.0339753 1.07108 6.82884 8.54401
1150 125 0.0358169 1.06638 6.81843 8.52967
1150 150 0.0365035 1.06275 6.81472 8.52171
1150 175 0.0364358 1.06255 6.81575 8.52194
1150 200 0.0351805 1.06367 6.81765 8.52462
1150 225 0.0348666 1.06625 6.81813 8.52851
1150 250 0.0351395 1.06394 6.81706 8.52481
1150 275 0.0369724 1.05908 6.80943 8.51645
1150 300 0.0367772 1.0594 6.81045 8.51632
1150 325 0.0346662 1.06598 6.81752 8.52832
1150 350 0.0367802 1.05954 6.81021 8.51634
1150 375 0.0349513 1.06629 6.81783 8.52866
1150 400 0.0354599 1.06297 6.81636 8.52272
1150 425 0.0347075 1.06277 6.81476 8.52166
1150 450 0.0351534 1.06451 6.81856 8.5262
1150 475 0.0344454 1.06612 6.8181 8.52885
1150 500 0.0345598 1.06515 6.81929 8.52704
1150 50 0.0359655 1.05773 6.80571 8.51444
1150 525 0.0339706 1.06161 6.81509 8.51991
1150 550 0.0328597 1.06911 6.82496 8.53593
1150 575 0.033782 1.06746 6.82046 8.53183
1150 600 0.0313926 1.07262 6.83017 8.54824
1150 625 0.0319062 1.06992 6.82708 8.53969
1150 650 0.02987 1.07635 6.83772 8.5514
1150 675 0.0286123 1.07763 6.84211 8.55447
1150 700 0.0270497 1.08284 6.85452 8.56416
1150 725 0.0241306 1.09334 6.8863 8.58893
1150 750 0.022429 1.10635 6.92237 8.63109
1150 75 0.0357224 1.06142 6.81426 8.51815
1175 100 0.0367528 1.0607 6.81305 8.51831
1175 125 0.0368787 1.06052 6.81323 8.51786
1175 150 0.0360807 1.0619 6.81528 8.52103
1175 175 0.0352291 1.06247 6.81531 8.52206
1175 200 0.0347498 1.06608 6.81787 8.5285
1175 225 0.0366245 1.06116 6.81448 8.51782
1175 250 0.0350391 1.06541 6.81847 8.52718
1175 275 0.0363084 1.06084 6.81471 8.51761
1175 300 0.0363659 1.05994 6.81218 8.5165
1175 325 0.0355741 1.06375 6.81709 8.52431
1175 350 0.0359586 1.06403 6.81711 8.52461
1175 375 0.0356931 1.06347 6.8173 8.52492
1175 400 0.0368328 1.06141 6.81426 8.5181
1175 425 0.0359288 1.05968 6.81096 8.51652
1175 450 0.0350029 1.05707 6.8031 8.51496
1175 475 0.0358139 1.06375 6.81709 8.52431
1175 500 0.0347934 1.0645 6.81841 8.52633
1175 50 0.0354856 1.06314 6.81724 8.5241
1175 525 0.0333578 1.06856 6.82285 8.53389
1175 550 0.03465 1.06275 6.81472 8.52171
1175 575 0.0329734 1.06274 6.81474 8.52171
1175 600 0.0328822 1.06772 6.82083 8.5327
1175 625 0.0319922 1.07079 6.82817 8.54285
1175 650 0.029924 1.07164 6.83026 8.54562
1175 675 0.0284483 1.07696 6.83889 8.55285
1175 700 0.0291577 1.07674 6.83851 8.55347
1175 725 0.0269777 1.08584 6.86089 8.57134
1175 750 0.0237732 1.09363 6.88691 8.58918
1175 75 0.0363242 1.06354 6.8177 8.52457
1175 775 0.0227735 1.09147 6.88284 8.58172
1200 100 0.035716 1.06177 6.81522 8.52062
1200 125 0.0350619 1.06479 6.81843 8.52619
1200 150 0.0352874 1.0628 6.8148 8.52177
1200 175 0.0374559 1.06033 6.81346 8.5182
1200 200 0.0350449 1.06339 6.81659 8.5246
1200 225 0.0350566 1.06528 6.81879 8.52714
1200 250 0.0357318 1.05864 6.80781 8.51544
1200 275 0.0358502 1.06265 6.81504 8.52158
1200 300 0.0358692 1.06206 6.81597 8.52168
1200 325 0.0360398 1.06211 6.81589 8.52196
1200 350 0.0356924 1.06566 6.81823 8.52724
1200 375 0.0352342 1.06382 6.81746 8.52485
1200 400 0.0354786 1.06084 6.81471 8.51761
1200 425 0.0355371 1.06532 6.81845 8.52708
1200 450 0.035632 1.06165 6.81517 8.52022
1200 475 0.0350411 1.06537 6.81846 8.52671
1200 500 0.035198 1.06795 6.82086 8.5334
1200 50 0.0370245 1.05953 6.81023 8.51634
1200 525 0.0353836 1.06226 6.81632 8.52197
1200 550 0.0342036 1.06506 6.81854 8.5262
1200 575 0.0331546 1.06273 6.8147 8.52171
1200 600 0.0326681 1.06528 6.81879 8.52714
1200 625 0.0319946 1.06979 6.82702 8.53912
1200 650 0.032484 1.07081 6.82829 8.54278
1200 675 0.0295588 1.07897 6.84417 8.55598
1200 700 0.030041 1.07408 6.83339 8.54851
1200 725 0.028556 1.08059 6.84777 8.55873
1200 750 0.0277319 1.08043 6.84821 8.55888
1200 75 0.0356816 1.06165 6.81517 8.52022
1200 775 0.0240576 1.096 6.89459 8.59977
1200 800 0.0230042 1.10652 6.92249 8.63183
450 50 0.0126279 1.17176 7.20712 8.90078
475 50 0.0159056 1.11937 6.97213 8.67464
475 75 0.0143371 1.13545 7.04183 8.73937
500 100 0.0158878 1.12964 7.00912 8.71642
500 50 0.0184663 1.11102 6.94227 8.64651
500 75 0.0167002 1.11593 6.9577 8.66013
525 100 0.0183373 1.11575 6.95711 8.65899
525 125 0.0157169 1.12043 6.97729 8.67741
525 50 0.0210072 1.11023 6.93883 8.64214
525 75 0.0203171 1.09986 6.90849 8.61357
550 100 0.0203834 1.10796 6.9298 8.63454
550 125 0.0189961 1.11704 6.96396 8.66525
550 150 0.0166354 1.12529 6.98974 8.69693
550 50 0.0229488 1.103 6.9167 8.62052
550 75 0.0231123 1.10529 6.9185 8.62798
575 100 0.022071 1.08943 6.8758 8.57471
575 125 0.0214757 1.10715 6.9268 8.63402
575 150 0.0189963 1.11526 6.95404 8.65817
575 175 0.0175337 1.12404 6.98773 8.69263
575 50 0.0235966 1.09703 6.90018 8.60502
575 75 0.0230913 1.09336 6.88625 8.58884
600 100 0.0241909 1.08694 6.86451 8.57421
600 125 0.0243642 1.09124 6.88124 8.58116
600 150 0.0215684 1.09882 6.90608 8.61236
600 175 0.0205033 1.10088 6.91062 8.6151
600 200 0.0178937 1.11336 6.94913 8.65241
600 50 0.025253 1.08445 6.85761 8.56979
600 75 0.0248761 1.08543 6.86046 8.57094
625 100 0.0262459 1.09211 6.88371 8.58526
625 125 0.0255778 1.08591 6.86074 8.57206
625 150 0.0240441 1.0937 6.88735 8.58976
625 175 0.0225539 1.1021 6.91419 8.61745
625 200 0.0207406 1.10591 6.92167 8.63078
625 225 0.0185817 1.10617 6.92257 8.63126
625 50 0.0279019 1.08073 6.84785 8.55965
625 75 0.0283235 1.08743 6.86581 8.57568
650 100 0.0281956 1.07959 6.84541 8.55728
650 125 0.0272295 1.09049 6.88057 8.57756
650 150 0.0263023 1.08779 6.86712 8.56768
650 175 0.0253632 1.09324 6.88641 8.58821
650 200 0.0222933 1.10412 6.91776 8.62603
650 225 0.0216871 1.09977 6.90767 8.61304
650 250 0.0186421 1.11543 6.95463 8.65782
650 50 0.0282443 1.08092 6.84841 8.5589
650 75 0.0292963 1.08068 6.84781 8.55918
675 100 0.0289068 1.07534 6.83692 8.54959
675 125 0.0285735 1.07735 6.84026 8.55414
675 150 0.026476 1.08117 6.84939 8.55974
675 175 0.0263784 1.08591 6.86074 8.57206
675 200 0.0243289 1.08887 6.87231 8.57375
675 225 0.0238909 1.07982 6.84614 8.55802
675 250 0.0230228 1.09792 6.90406 8.60779
675 275 0.0183289 1.11821 6.96844 8.66893
675 50 0.0301767 1.07437 6.83493 8.5488
675 75 0.0300096 1.07036 6.82735 8.54082
700 100 0.0295709 1.07323 6.83096 8.54804
700 125 0.0290945 1.07778 6.84254 8.55546
700 150 0.0283978 1.08007 6.8468 8.55839
700 175 0.0280551 1.08403 6.85693 8.56796
700 200 0.0269265 1.08431 6.85723 8.56858
700 225 0.0253402 1.08843 6.87022 8.5701
700 250 0.0243205 1.09377 6.88742 8.59024
700 275 0.0209964 1.10126 6.91243 8.61525
700 300 0.0191178 1.10501 6.91781 8.62745
700 50 0.0309922 1.07118 6.829 8.54405
700 75 0.0292826 1.08075 6.84781 8.55953
725 100 0.0320368 1.07104 6.82852 8.54385
725 125 0.030236 1.07754 6.84164 8.55423
725 150 0.0287231 1.0785 6.8433 8.55583
725 175 0.0283032 1.07202 6.82988 8.54648
725 200 0.0294678 1.07468 6.83568 8.54863
725 225 0.0268206 1.0802 6.84753 8.55893
725 250 0.0265805 1.08247 6.85335 8.56362
725 275 0.0248524 1.09131 6.88194 8.58118
725 300 0.0223116 1.10248 6.91399 8.61851
725 325 0.0201528 1.10892 6.9326 8.63769
725 50 0.0331089 1.07088 6.82835 8.5429
725 75 0.0309046 1.06535 6.8183 8.52695
750 100 0.0303864 1.0821 6.85241 8.56222
750 125 0.0321744 1.07402 6.83311 8.5484
750 150 0.0308748 1.07473 6.83624 8.54865
750 175 0.031257 1.07307 6.83058 8.54781
750 200 0.0297688 1.07118 6.829 8.54405
750 225 0.0283876 1.07782 6.84274 8.55514
750 250 0.0274145 1.08186 6.85081 8.56114
750 275 0.0264298 1.08449 6.85782 8.56978
750 300 0.0235261 1.09458 6.88941 8.59406
750 325 0.022476 1.10755 6.9285 8.63408
750 350 0.0197256 1.10673 6.92371 8.63174
750 50 0.0319253 1.06929 6.82542 8.53606
750 75 0.0317547 1.06619 6.818 8.52896
775 100 0.0320583 1.07674 6.83851 8.55347
775 125 0.0323237 1.07024 6.82692 8.54061
775 150 0.032203 1.07181 6.82952 8.5467
775 175 0.0303674 1.07845 6.8433 8.5553
775 200 0.0289049 1.08016 6.84737 8.55882
775 225 0.0301007 1.07512 6.8369 8.54966
775 250 0.029525 1.07767 6.84206 8.55444
775 275 0.0269681 1.08695 6.86441 8.57421
775 300 0.026672 1.08403 6.85693 8.56796
775 325 0.0244065 1.0897 6.87813 8.57586
775 350 0.0226692 1.09499 6.89002 8.59498
775 375 0.0202675 1.10685 6.92453 8.63218
775 50 0.032023 1.07221 6.82958 8.54603
775 75 0.0326314 1.06919 6.82455 8.5363
800 100 0.0327259 1.06363 6.81735 8.52489
800 125 0.0336665 1.0633 6.81635 8.52426
800 150 0.0327433 1.06692 6.81986 8.52973
800 175 0.0321916 1.07032 6.82719 8.54074
800 200 0.0305036 1.06882 6.82412 8.53479
800 225 0.0300225 1.07531 6.83676 8.54946
800 250 0.0299862 1.07495 6.83723 8.5495
800 275 0.0291471 1.07637 6.8377 8.55151
800 300 0.0285092 1.07416 6.83394 8.54843
800 325 0.0272959 1.08184 6.85082 8.56116
800 350 0.0263638 1.09066 6.88074 8.57838
800 375 0.0230981 1.09304 6.88616 8.58789
800 400 0.0207938 1.10887 6.93283 8.63741
800 50 0.034044 1.06976 6.82707 8.5386
800 75 0.0322651 1.06946 6.82608 8.53793
825 100 0.0326423 1.0738 6.83198 8.54805
825 125 0.0308681 1.07079 6.82817 8.54285
825 150 0.0340846 1.06448 6.81832 8.52621
825 175 0.0324317 1.07041 6.82762 8.54141
825 200 0.0313993 1.07153 6.82981 8.54485
825 225 0.0319951 1.07439 6.83482 8.54875
825 250 0.0313346 1.06674 6.81925 8.52977
825 275 0.0294768 1.07601 6.838 8.55029
825 300 0.0295403 1.07639 6.83779 8.55164
825 325 0.0279147 1.07581 6.83724 8.55004
825 350 0.0282739 1.0749 6.83725 8.54951
825 375 0.0243526 1.09259 6.885 8.58669
825 400 0.0233922 1.09403 6.88624 8.59153
825 425 0.0200925 1.10538 6.91861 8.62794
825 50 0.0336729 1.07275 6.83037 8.54808
825 75 0.0320457 1.06989 6.82711 8.53946
850 100 0.0324831 1.06711 6.81984 8.53058
850 125 0.0332072 1.06349 6.8177 8.52474
850 150 0.0338844 1.06623 6.81809 8.52873
850 175 0.0314531 1.07226 6.82939 8.54608
850 200 0.0324186 1.06963 6.82694 8.53851
850 225 0.0323614 1.06829 6.8215 8.53391
850 250 0.0313586 1.0674 6.82039 8.53167
850 275 0.0314855 1.07217 6.82926 8.54558
850 300 0.0315174 1.06936 6.82534 8.53651
850 325 0.0299433 1.07564 6.83726 8.55003
850 350 0.0281626 1.07949 6.84578 8.55692
850 375 0.0275059 1.08639 6.86364 8.57409
850 400 0.0261978 1.08518 6.85918 8.56978
850 425 0.022673 1.09611 6.89539 8.60064
850 450 0.0208665 1.10558 6.91961 8.62949
850 50 0.0342714 1.0647 6.81828 8.52622
850 75 0.0346622 1.06884 6.82431 8.53501
875 100 0.0347738 1.06388 6.81756 8.52482
875 125 0.0329904 1.06725 6.8199 8.53091
875 150 0.0338715 1.0645 6.81841 8.52633
875 175 0.033923 1.06423 6.8173 8.52587
875 200 0.0338035 1.06294 6.8162 8.52312
875 225 0.0345411 1.06783 6.82118 8.53339
875 250 0.0339987 1.06503 6.8185 8.52579
875 275 0.0308425 1.06963 6.82694 8.53851
875 300 0.0316749 1.07021 6.82699 8.54068
875 325 0.0302097 1.07322 6.83103 8.54801
875 350 0.0291289 1.07843 6.84341 8.5553
875 375 0.0299303 1.07994 6.84617 8.55822
875 400 0.0282975 1.07465 6.83552 8.54982
875 425 0.0257327 1.08836 6.86979 8.56973
875 450 0.0227912 1.09299 6.88598 8.58749
875 475 0.0205299 1.10921 6.93391 8.63862
875 50 0.0344217 1.06396 6.81708 8.52481
875 75 0.033625 1.0666 6.81903 8.52994
900 100 0.0357711 1.06408 6.81703 8.525
900 125 0.034027 1.06483 6.81821 8.52626
900 150 0.034316 1.06607 6.81779 8.52836
900 175 0.0339594 1.06727 6.82 8.5312
900 200 0.0342561 1.06293 6.8161 8.52319
900 225 0.0338289 1.06846 6.82267 8.53373
900 250 0.0319207 1.06955 6.82688 8.5384
900 275 0.0316623 1.07114 6.82896 8.54425
900 300 0.031525 1.06536 6.81844 8.52671
900 325 0.0326679 1.06953 6.82678 8.53835
900 350 0.0301541 1.07496 6.83676 8.54941
900 375 0.0303268 1.07985 6.84619 8.55789
900 400 0.0288161 1.07531 6.83676 8.54946
900 425 0.0277613 1.07949 6.84578 8.55692
900 450 0.0257056 1.09295 6.8861 8.58761
900 475 0.0242841 1.09796 6.904 8.60751
900 500 0.0204078 1.11402 6.95193 8.65417
900 50 0.035097 1.06485 6.81812 8.52641
900 75 0.0344311 1.06362 6.81715 8.52489
925 100 0.0336972 1.06631 6.8182 8.52943
925 125 0.0347852 1.06628 6.81776 8.5286
925 150 0.0335111 1.06558 6.81829 8.52723
925 175 0.0333361 1.063 6.81644 8.52268
925 200 0.0331538 1.06633 6.81839 8.52925
925 225 0.0327553 1.06992 6.82708 8.53969
925 250 0.0328317 1.06549 6.81917 8.52699
925 275 0.0311647 1.06691 6.81986 8.52984
925 300 0.0312103 1.06997 6.82676 8.54006
925 325 0.0327784 1.06775 6.8213 8.53331
925 350 0.0327218 1.06733 6.8203 8.53136
925 375 0.0310194 1.06999 6.82684 8.54041
925 400 0.0300221 1.0712 6.82902 8.54389
925 425 0.028568 1.07469 6.83563 8.54876
925 450 0.0287415 1.07975 6.84567 8.55756
925 475 0.0259674 1.08594 6.86093 8.57233
925 500 0.0240681 1.08758 6.86623 8.5766
925 50 0.0355397 1.06506 6.81854 8.5262
925 525 0.0200579 1.11377 6.95144 8.65322
925 75 0.0361759 1.06551 6.8187 8.52688
950 100 0.0340223 1.06648 6.81827 8.52955
950 125 0.0353648 1.06049 6.81338 8.51785
950 150 0.0340013 1.06611 6.81811 8.52866
950 175 0.0354941 1.06462 6.81831 8.52624
950 200 0.0350735 1.06388 6.81756 8.52482
950 225 0.033661 1.06989 6.82711 8.53946
950 250 0.0346338 1.06543 6.81827 8.52693
950 275 0.0337019 1.07132 6.82971 8.54413
950 300 0.0342648 1.06492 6.81803 8.52663
950 325 0.0330165 1.0659 6.81798 8.5291
950 350 0.0328645 1.06989 6.82711 8.53946
950 375 0.0325287 1.06512 6.81901 8.52695
950 400 0.031256 1.07227 6.82955 8.54631
950 425 0.0305154 1.0759 6.83758 8.55049
950 450 0.0297144 1.07191 6.8298 8.54668
950 475 0.0281582 1.08093 6.84845 8.5589
950 500 0.0265215 1.08921 6.87593 8.57391
950 50 0.0355088 1.06362 6.81715 8.52489
950 525 0.0237745 1.09716 6.90082 8.60586
950 550 0.0219625 1.0957 6.89354 8.59797
950 75 0.0355131 1.06397 6.81709 8.52504
975 100 0.0339264 1.06604 6.81775 8.52795
975 125 0.0346608 1.06965 6.82679 8.53867
975 150 0.0352455 1.0652 6.81875 8.52724
975 175 0.0353878 1.06394 6.81706 8.52481
975 200 0.033724 1.06805 6.82117 8.53421
975 225 0.0347521 1.06524 6.81879 8.5271
975 250 0.0353058 1.06544 6.81825 8.52702
975 275 0.0349664 1.06165 6.81517 8.52022
975 300 0.0339074 1.06532 6.81845 8.52708
975 325 0.0349971 1.06904 6.82506 8.53611
975 350 0.0328547 1.06888 6.82449 8.53517
975 375 0.0321798 1.06919 6.82455 8.5363
975 400 0.0321736 1.06781 6.82112 8.53328
975 425 0.0310932 1.07035 6.82735 8.54076
975 450 0.0302704 1.07322 6.83103 8.54801
975 475 0.0297295 1.07173 6.83026 8.54629
975 500 0.0286412 1.07768 6.84188 8.55449
975 50 0.0358603 1.06307 6.81678 8.52339
975 525 0.0263673 1.08248 6.85347 8.56362
975 550 0.0251257 1.09862 6.90553 8.6114
975 575 0.0208218 1.112 6.94608 8.64816
975 75 0.0351463 1.06902 6.82477 8.5363
