1000 100 0.0332145 1.07668 7.50558 5.96028
1000 125 0.0335055 1.08342 7.52255 5.97315
1000 150 0.033004 1.08269 7.52152 5.97234
1000 175 0.0342456 1.07928 7.5135 5.96561
1000 200 0.0328701 1.08989 7.53838 5.97997
1000 225 0.0333279 1.08596 7.52792 5.9752
1000 250 0.0334902 1.08945 7.53741 5.97977
1000 275 0.0315491 1.09742 7.55712 5.99124
1000 300 0.0304503 1.10249 7.56979 6.00177
1000 325 0.031642 1.10411 7.57399 6.00477
1000 350 0.0289577 1.11081 7.5941 6.01774
1000 375 0.0289447 1.11692 7.61083 6.0289
1000 400 0.0273549 1.136 7.67467 6.07458
1000 425 0.0272686 1.15011 7.72467 6.12433
1000 450 0.0250745 1.1664 7.78609 6.17389
1000 475 0.0237383 1.17566 7.82264 6.20271
1000 500 0.0215027 1.19189 7.89456 6.25483
1000 50 0.0358475 1.07273 7.49871 5.95482
1000 525 0.0194445 1.21745 8.01012 6.34115
1000 550 0.0176118 1.22381 8.04097 6.36544
1000 575 0.0150057 1.26195 8.24333 6.52493
1000 600 0.0113485 1.34178 8.69829 6.87431
1000 75 0.0342085 1.07421 7.50174 5.95647
1025 100 0.0338443 1.07188 7.49574 5.95402
1025 125 0.0340307 1.07807 7.50849 5.96336
1025 150 0.0323542 1.08155 7.51721 5.96907
1025 175 0.0344691 1.0773 7.50662 5.96256
1025 200 0.0338849 1.08317 7.52242 5.9726
1025 225 0.0330552 1.08429 7.52419 5.97402
1025 250 0.0317525 1.09222 7.54286 5.98343
1025 275 0.0335278 1.08831 7.53488 5.97747
1025 300 0.0314736 1.09259 7.54381 5.9849
1025 325 0.0309904 1.09491 7.5508 5.9882
1025 350 0.0288164 1.11421 7.60297 6.02361
1025 375 0.030376 1.11443 7.60412 6.02436
1025 400 0.0281305 1.12212 7.62949 6.04108
1025 425 0.0286804 1.12368 7.63373 6.04447
1025 450 0.0261951 1.14329 7.70051 6.09643
1025 475 0.0247169 1.15314 7.73567 6.13394
1025 500 0.0230155 1.16733 7.78962 6.17603
1025 50 0.0345296 1.07076 7.49369 5.9531
1025 525 0.020867 1.20729 7.9628 6.29963
1025 550 0.0195775 1.19125 7.89181 6.25262
1025 575 0.0167993 1.24198 8.12669 6.4389
1025 600 0.0145802 1.26257 8.24587 6.52787
1025 625 0.0115816 1.28577 8.3774 6.61423
1025 75 0.033405 1.07042 7.49333 5.95255
1050 100 0.0356996 1.0707 7.49381 5.95271
1050 125 0.0347921 1.07713 7.50612 5.96243
1050 150 0.03463 1.07592 7.50419 5.95771
1050 175 0.0346185 1.07818 7.50902 5.96352
1050 200 0.0335097 1.0787 7.51123 5.96506
1050 225 0.0331135 1.08952 7.53757 5.9797
1050 250 0.0322008 1.09011 7.53904 5.98034
1050 275 0.0326922 1.08441 7.52473 5.97423
1050 300 0.0318443 1.09091 7.54058 5.98245
1050 325 0.032105 1.09473 7.55015 5.98776
1050 350 0.0313141 1.08818 7.53459 5.97736
1050 375 0.0310232 1.11469 7.60469 6.02524
1050 400 0.0304569 1.10288 7.57021 6.00264
1050 425 0.0281013 1.13128 7.65817 6.06323
1050 450 0.0280718 1.12465 7.63731 6.0481
1050 475 0.0262006 1.13623 7.67568 6.07533
1050 500 0.0256144 1.16007 7.76446 6.1547
1050 50 0.0342977 1.07284 7.49864 5.95501
1050 525 0.0227154 1.17649 7.82707 6.20569
1050 550 0.0211236 1.2102 7.97643 6.31192
1050 575 0.0193564 1.21188 7.98343 6.31888
1050 600 0.0164655 1.24164 8.1254 6.43699
1050 625 0.0138869 1.27769 8.33087 6.587
1050 650 0.0118261 1.33404 8.65245 6.83792
1050 75 0.0353542 1.07424 7.50189 5.95654
1075 100 0.0344261 1.07106 7.49415 5.95381
1075 125 0.0346442 1.06764 7.48948 5.94802
1075 150 0.0351169 1.07014 7.49249 5.95235
1075 175 0.0350037 1.07139 7.49444 5.95443
1075 200 0.0335001 1.07957 7.51346 5.96618
1075 225 0.0333977 1.07534 7.50368 5.95739
1075 250 0.0336763 1.07497 7.50298 5.9565
1075 275 0.0322131 1.086 7.52805 5.97492
1075 300 0.0322322 1.09199 7.54212 5.98318
1075 325 0.0324449 1.08941 7.53719 5.97973
1075 350 0.0331323 1.09358 7.54647 5.98517
1075 375 0.0318468 1.09964 7.56127 5.9955
1075 400 0.0285463 1.10026 7.56373 5.99592
1075 425 0.0293969 1.11455 7.60441 6.02482
1075 450 0.0292376 1.13087 7.65593 6.06235
1075 475 0.0270712 1.12723 7.64501 6.0534
1075 500 0.0261997 1.13579 7.67397 6.07386
1075 50 0.0350432 1.0728 7.49864 5.95484
1075 525 0.0248605 1.14792 7.7164 6.10838
1075 550 0.0227811 1.18013 7.83902 6.21665
1075 575 0.0215389 1.21139 7.98128 6.31701
1075 600 0.0187964 1.21548 8.00013 6.33144
1075 625 0.0168017 1.23876 8.1134 6.42378
1075 650 0.0142845 1.26084 8.2369 6.51987
1075 675 0.0112912 1.28848 8.39523 6.62783
1075 75 0.0359432 1.07078 7.49372 5.9531
1100 100 0.0345336 1.06766 7.48947 5.94783
1100 125 0.0354138 1.06917 7.49151 5.95105
1100 150 0.034853 1.07336 7.49889 5.95527
1100 175 0.0336004 1.07391 7.5011 5.95617
1100 200 0.0345022 1.0784 7.51018 5.96441
1100 225 0.0343211 1.07673 7.50569 5.96021
1100 250 0.033582 1.08095 7.51637 5.96826
1100 275 0.0328952 1.08155 7.51721 5.96907
1100 300 0.0329672 1.08882 7.53564 5.97835
1100 325 0.0322144 1.0882 7.53467 5.97736
1100 350 0.0329729 1.09212 7.54227 5.98324
1100 375 0.0313824 1.09569 7.55251 5.98824
1100 400 0.03098 1.09841 7.55939 5.99336
1100 425 0.0307552 1.11095 7.59433 6.01812
1100 450 0.0292495 1.11598 7.60786 6.02732
1100 475 0.0304652 1.11646 7.60961 6.02776
1100 500 0.0280406 1.12893 7.65082 6.05727
1100 50 0.034076 1.06638 7.4863 5.9464
1100 525 0.0271585 1.15283 7.73394 6.13359
1100 550 0.025234 1.15813 7.75755 6.14852
1100 575 0.0227253 1.19491 7.90736 6.26425
1100 600 0.0218371 1.18172 7.84658 6.22198
1100 625 0.0190317 1.22877 8.06629 6.38166
1100 650 0.017062 1.2631 8.24849 6.52899
1100 675 0.0141418 1.2593 8.22911 6.51396
1100 700 0.0114755 1.30075 8.46775 6.68334
1100 75 0.0344749 1.06644 7.48663 5.94655
1125 100 0.0337791 1.07135 7.49422 5.95447
1125 125 0.035606 1.07045 7.4934 5.95254
1125 150 0.0359972 1.06729 7.48888 5.94747
1125 175 0.0350202 1.07299 7.49862 5.95518
1125 200 0.0353064 1.07626 7.50454 5.95832
1125 225 0.0337897 1.07645 7.50528 5.95919
1125 250 0.0339696 1.07704 7.50588 5.96238
1125 275 0.0338226 1.08001 7.5142 5.96696
1125 300 0.0333143 1.08398 7.52381 5.97413
1125 325 0.0327327 1.08879 7.53554 5.97828
1125 350 0.0326868 1.08637 7.5297 5.97604
1125 375 0.0338882 1.08384 7.5236 5.97376
1125 400 0.0321212 1.10151 7.56769 5.99939
1125 425 0.0314465 1.10222 7.56963 6.0011
1125 450 0.0312738 1.10039 7.56433 5.99608
1125 475 0.0298745 1.11755 7.61238 6.02975
1125 500 0.0270503 1.12688 7.64403 6.05298
1125 50 0.0346524 1.06739 7.48908 5.94803
1125 525 0.0282272 1.14456 7.70527 6.10044
1125 550 0.0259685 1.13059 7.65493 6.062
1125 575 0.0248706 1.15885 7.7594 6.1513
1125 600 0.0234038 1.17432 7.81677 6.19842
1125 625 0.0206197 1.20864 7.96999 6.30432
1125 650 0.0182913 1.22917 8.06852 6.38247
1125 675 0.0165372 1.27177 8.29652 6.56383
1125 700 0.0134952 1.2512 8.18119 6.47869
1125 725 0.0111541 1.33665 8.66703 6.84962
1125 75 0.0343648 1.0641 7.48246 5.94546
1150 100 0.0334565 1.08023 7.51488 5.96742
1150 125 0.0349445 1.07417 7.50184 5.95646
1150 150 0.035209 1.0724 7.4974 5.95522
1150 175 0.0350066 1.06824 7.49059 5.94808
1150 200 0.033956 1.07409 7.50154 5.95631
1150 225 0.0336591 1.07555 7.50394 5.95772
1150 250 0.034006 1.07625 7.50452 5.95832
1150 275 0.0352586 1.07034 7.49313 5.95219
1150 300 0.0350275 1.07238 7.49751 5.95526
1150 325 0.0325581 1.0804 7.5154 5.96725
1150 350 0.034313 1.08581 7.5275 5.97513
1150 375 0.033081 1.08296 7.52211 5.97251
1150 400 0.0326049 1.09342 7.54606 5.98482
1150 425 0.0317673 1.10026 7.56373 5.99592
1150 450 0.0324326 1.09115 7.54094 5.98281
1150 475 0.0299316 1.09217 7.54246 5.98331
1150 500 0.0299798 1.11363 7.60116 6.02317
1150 50 0.0357895 1.06182 7.47659 5.94358
1150 525 0.029567 1.12548 7.63947 6.04857
1150 550 0.0279351 1.134 7.66841 6.06951
1150 575 0.0278865 1.14498 7.70563 6.10135
1150 600 0.0248872 1.1608 7.76358 6.15638
1150 625 0.0242719 1.17731 7.83031 6.20761
1150 650 0.0209662 1.20797 7.96686 6.30182
1150 675 0.0188853 1.21506 7.99793 6.33078
1150 700 0.0162844 1.24789 8.16279 6.46445
1150 725 0.0142383 1.26796 8.27496 6.54862
1150 750 0.0119468 1.30627 8.49724 6.70762
1150 75 0.0353185 1.06827 7.49053 5.94804
1175 100 0.0364972 1.06589 7.48597 5.94596
1175 125 0.0361716 1.06993 7.49224 5.95185
1175 150 0.035312 1.06887 7.49106 5.94956
1175 175 0.0351292 1.06886 7.49102 5.94967
1175 200 0.0336646 1.07366 7.49998 5.95544
1175 225 0.0352528 1.07327 7.49895 5.95511
1175 250 0.0336767 1.07777 7.50758 5.96347
1175 275 0.0346283 1.07086 7.49387 5.95396
1175 300 0.0352033 1.07409 7.50154 5.95631
1175 325 0.0338663 1.081 7.5163 5.96823
1175 350 0.0346183 1.08821 7.53477 5.97746
1175 375 0.0334546 1.08445 7.52485 5.97422
1175 400 0.0342914 1.08329 7.5224 5.97282
1175 425 0.0330268 1.0836 7.52312 5.97352
1175 450 0.0316985 1.09319 7.5452 5.98538
1175 475 0.032921 1.09285 7.54463 5.98462
1175 500 0.0308072 1.10775 7.58526 6.01244
1175 50 0.0348036 1.06719 7.4884 5.94725
1175 525 0.0298539 1.11826 7.61506 6.03191
1175 550 0.0290376 1.11242 7.59829 6.0195
1175 575 0.0270778 1.12355 7.63357 6.04469
1175 600 0.026089 1.14362 7.70153 6.09737
1175 625 0.0254993 1.16946 7.79708 6.18301
1175 650 0.0221339 1.17864 7.83399 6.21086
1175 675 0.0202301 1.19792 7.91956 6.27275
1175 700 0.0194551 1.21427 7.99426 6.32766
1175 725 0.0163195 1.25632 8.21128 6.49971
1175 750 0.0128993 1.30772 8.50568 6.71431
1175 75 0.0355478 1.06744 7.48896 5.94823
1175 775 0.0118311 1.30892 8.51136 6.71999
1200 100 0.0350971 1.06613 7.48616 5.94561
1200 125 0.0346666 1.07019 7.49259 5.95233
1200 150 0.0347612 1.06926 7.49166 5.95111
1200 175 0.0363538 1.06897 7.4911 5.94984
1200 200 0.0338965 1.07029 7.4931 5.95239
1200 225 0.0342076 1.07145 7.49471 5.95411
1200 250 0.034814 1.06606 7.48621 5.94557
1200 275 0.035012 1.07598 7.50404 5.95796
1200 300 0.0344919 1.06966 7.49204 5.95159
1200 325 0.0343757 1.07678 7.5057 5.96061
1200 350 0.0338532 1.08186 7.51858 5.97017
1200 375 0.0337445 1.07643 7.50527 5.95899
1200 400 0.0332587 1.07426 7.50186 5.95576
1200 425 0.0333248 1.08325 7.52231 5.97293
1200 450 0.0332701 1.08905 7.5362 5.97875
1200 475 0.032147 1.09844 7.55952 5.99312
1200 500 0.031725 1.09396 7.54745 5.98614
1200 50 0.0363883 1.06202 7.47685 5.94375
1200 525 0.0311082 1.10573 7.57849 6.00913
1200 550 0.0290789 1.12418 7.6356 6.04523
1200 575 0.0284354 1.11637 7.60918 6.02743
1200 600 0.0277095 1.12985 7.65288 6.06068
1200 625 0.0259911 1.15001 7.72393 6.12384
1200 650 0.0255934 1.14813 7.71716 6.11895
1200 675 0.0222523 1.17331 7.81292 6.19623
1200 700 0.0211606 1.19969 7.92576 6.27727
1200 725 0.0193602 1.22219 8.03247 6.35914
1200 750 0.0167208 1.24703 8.15553 6.46023
1200 75 0.0353086 1.06614 7.48622 5.94554
1200 775 0.0135945 1.29091 8.41053 6.63735
1200 800 0.0114084 1.34758 8.73703 6.90077
450 50 0.0112776 1.25571 8.20777 6.49738
475 50 0.0135124 1.25174 8.18491 6.48177
475 75 0.012269 1.25987 8.23213 6.51643
500 100 0.012691 1.25979 8.23175 6.51666
500 50 0.0156541 1.24194 8.12659 6.43866
500 75 0.0143401 1.2331 8.08861 6.39683
525 100 0.0134725 1.2512 8.18119 6.47869
525 125 0.0121921 1.2936 8.42639 6.65392
525 50 0.0183155 1.21859 8.0149 6.34739
525 75 0.0165798 1.22221 8.03263 6.35914
550 100 0.0160677 1.24312 8.13281 6.44415
550 125 0.0143872 1.24386 8.13724 6.44637
550 150 0.0122955 1.29839 8.45565 6.6742
550 50 0.0198489 1.19631 7.91414 6.26814
550 75 0.0191257 1.20063 7.93095 6.28065
575 100 0.0185488 1.19811 7.91996 6.27379
575 125 0.0165221 1.2286 8.06513 6.38075
575 150 0.0148618 1.23208 8.08332 6.3932
575 175 0.0127088 1.28361 8.36494 6.60478
575 50 0.0211209 1.18664 7.86907 6.23524
575 75 0.0199114 1.20497 7.9515 6.29143
600 100 0.0190071 1.19489 7.90737 6.26407
600 125 0.0189483 1.19962 7.92538 6.27724
600 150 0.016355 1.21253 7.9858 6.32182
600 175 0.0146677 1.2501 8.17575 6.4748
600 200 0.0126921 1.27781 8.33134 6.587
600 50 0.0232892 1.15449 7.74125 6.13723
600 75 0.0217815 1.18828 7.87726 6.24241
625 100 0.02211 1.18136 7.84511 6.22093
625 125 0.02072 1.18222 7.84892 6.2233
625 150 0.0188847 1.19635 7.91425 6.26814
625 175 0.0170183 1.2415 8.12487 6.43657
625 200 0.0144446 1.24688 8.15473 6.45972
625 225 0.0120739 1.30236 8.47793 6.69135
625 50 0.0252446 1.16495 7.77972 6.16898
625 75 0.0242893 1.1594 7.76143 6.15377
650 100 0.0237966 1.15994 7.76406 6.1544
650 125 0.0222573 1.17594 7.82375 6.20327
650 150 0.0207117 1.20194 7.93622 6.28255
650 175 0.0200432 1.20198 7.93638 6.28354
650 200 0.0165938 1.22391 8.0411 6.36534
650 225 0.0145798 1.26581 8.26218 6.54156
650 250 0.0133604 1.23955 8.11582 6.42775
650 50 0.0256538 1.13758 7.68105 6.07979
650 75 0.0259287 1.14908 7.72041 6.12122
675 100 0.0246672 1.14563 7.70821 6.10324
675 125 0.0244589 1.16366 7.77478 6.16615
675 150 0.0224276 1.17399 7.81543 6.19732
675 175 0.0210598 1.18247 7.84958 6.22327
675 200 0.0182629 1.20322 7.94196 6.28746
675 225 0.0172052 1.2107 7.97892 6.31365
675 250 0.0161109 1.23244 8.08477 6.3944
675 275 0.0125119 1.28652 8.38208 6.61748
675 50 0.0274357 1.1263 7.64167 6.05195
675 75 0.0270355 1.13815 7.6829 6.08159
700 100 0.0263942 1.13913 7.68517 6.08469
700 125 0.0247879 1.16031 7.76528 6.15578
700 150 0.0235822 1.16261 7.76943 6.16278
700 175 0.0232943 1.1697 7.79758 6.18352
700 200 0.0210707 1.18824 7.87706 6.24221
700 225 0.0191421 1.2007 7.93097 6.28063
700 250 0.0165949 1.23478 8.09664 6.41112
700 275 0.0144356 1.2346 8.09575 6.41055
700 300 0.0126607 1.26175 8.24227 6.524
700 50 0.0285652 1.13504 7.67133 6.0715
700 75 0.026699 1.12483 7.63754 6.04823
725 100 0.0286068 1.13659 7.67732 6.0768
725 125 0.0259523 1.14962 7.72234 6.12314
725 150 0.0254492 1.14335 7.70065 6.09631
725 175 0.0239089 1.15425 7.74016 6.13665
725 200 0.0226407 1.17211 7.80731 6.19391
725 225 0.0210637 1.18171 7.8465 6.22209
725 250 0.0203483 1.20873 7.97032 6.30462
725 275 0.0175125 1.21503 7.99783 6.33078
725 300 0.0147259 1.23439 8.09413 6.40923
725 325 0.0126133 1.2886 8.39585 6.6279
725 50 0.0299921 1.11732 7.61214 6.02976
725 75 0.0276171 1.12381 7.63424 6.04457
750 100 0.0273207 1.11649 7.6096 6.02803
750 125 0.0291429 1.11896 7.61714 6.03349
750 150 0.0266791 1.13385 7.66764 6.06966
750 175 0.0267161 1.14601 7.70952 6.10389
750 200 0.024639 1.16594 7.78384 6.1726
750 225 0.0223239 1.17151 7.80479 6.19098
750 250 0.0205066 1.19612 7.91315 6.26791
750 275 0.0195569 1.20829 7.96843 6.30324
750 300 0.016574 1.21878 8.01629 6.34821
750 325 0.0156377 1.26968 8.28472 6.5559
750 350 0.012431 1.27317 8.30541 6.56978
750 50 0.0297746 1.12393 7.63477 6.04462
750 75 0.0288688 1.10179 7.56871 6.00034
775 100 0.028944 1.11013 7.59156 6.01623
775 125 0.028842 1.11935 7.61835 6.03412
775 150 0.0283089 1.13761 7.68113 6.08022
775 175 0.0262557 1.14684 7.71225 6.10557
775 200 0.0250236 1.14387 7.70218 6.09837
775 225 0.0251249 1.15696 7.7503 6.14489
775 250 0.0241044 1.18761 7.8732 6.23858
775 275 0.0199146 1.17943 7.83639 6.21386
775 300 0.0196792 1.20181 7.93547 6.28267
775 325 0.0175967 1.24932 8.17205 6.47136
775 350 0.0150806 1.23737 8.10779 6.41918
775 375 0.0136717 1.28606 8.379 6.61535
775 50 0.0302586 1.10269 7.56972 6.00243
775 75 0.0306592 1.10881 7.58813 6.01479
800 100 0.0311089 1.09943 7.56072 5.99525
800 125 0.0308189 1.10598 7.5792 6.00993
800 150 0.0294312 1.10619 7.58022 6.01002
800 175 0.0275197 1.13073 7.65555 6.06254
800 200 0.0260893 1.11918 7.61815 6.03388
800 225 0.0259565 1.15546 7.74374 6.14034
800 250 0.0244253 1.17752 7.83043 6.20847
800 275 0.0228312 1.15823 7.75824 6.14858
800 300 0.0219522 1.1887 7.87963 6.24409
800 325 0.0197369 1.19246 7.89717 6.25678
800 350 0.0176265 1.21537 7.99995 6.33156
800 375 0.0148039 1.25045 8.17807 6.47592
800 400 0.0131169 1.28412 8.36805 6.60706
800 50 0.032354 1.11046 7.59271 6.01738
800 75 0.0302286 1.11057 7.59287 6.01748
825 100 0.0300159 1.0947 7.54999 5.98756
825 125 0.0289482 1.11113 7.59477 6.01807
825 150 0.0312957 1.11062 7.5932 6.01756
825 175 0.0282841 1.13107 7.65706 6.06297
825 200 0.0273815 1.13822 7.68286 6.08148
825 225 0.0274444 1.13283 7.66369 6.06748
825 250 0.0262382 1.14435 7.70439 6.09969
825 275 0.0239185 1.14554 7.70799 6.10284
825 300 0.0231164 1.18532 7.8625 6.23083
825 325 0.0211047 1.19794 7.9193 6.27326
825 350 0.0204172 1.19834 7.92117 6.27394
825 375 0.0166518 1.22545 8.04918 6.37017
825 400 0.0143834 1.23656 8.10446 6.41637
825 425 0.0119523 1.31174 8.53253 6.73432
825 50 0.0317841 1.09194 7.54182 5.98328
825 75 0.03041 1.09819 7.55865 5.9928
850 100 0.0308336 1.09912 7.5614 5.99515
850 125 0.0314987 1.10451 7.57501 6.00588
850 150 0.0305114 1.10644 7.58124 6.01007
850 175 0.0282527 1.11299 7.60033 6.02118
850 200 0.0288224 1.12817 7.64795 6.05581
850 225 0.0279715 1.11303 7.60061 6.02123
850 250 0.026683 1.12575 7.64046 6.0495
850 275 0.0257045 1.15038 7.72581 6.12527
850 300 0.0253861 1.15603 7.7455 6.14163
850 325 0.0233277 1.15473 7.74172 6.13795
850 350 0.0206539 1.1757 7.82296 6.20282
850 375 0.0191204 1.20087 7.93191 6.28083
850 400 0.0172325 1.21919 8.01846 6.35004
850 425 0.0144314 1.24624 8.15092 6.45689
850 450 0.0130881 1.28355 8.36451 6.60454
850 50 0.0332287 1.09032 7.53919 5.98145
850 75 0.0332185 1.09314 7.5452 5.98516
875 100 0.0330525 1.08584 7.52755 5.97499
875 125 0.031461 1.09501 7.55133 5.98848
875 150 0.0310934 1.09665 7.55454 5.99004
875 175 0.0314309 1.09984 7.56226 5.99549
875 200 0.0311285 1.10751 7.58482 6.01202
875 225 0.0304892 1.12171 7.62794 6.03985
875 250 0.0289787 1.13863 7.68392 6.08258
875 275 0.0264306 1.14946 7.72211 6.12279
875 300 0.0268749 1.12735 7.6453 6.05325
875 325 0.0244704 1.15738 7.75336 6.1462
875 350 0.0226538 1.18881 7.88037 6.24484
875 375 0.0217392 1.18247 7.84958 6.22327
875 400 0.0200311 1.21979 8.02054 6.35153
875 425 0.0166733 1.26333 8.2503 6.53005
875 450 0.0150466 1.21519 7.99855 6.33064
875 475 0.0122947 1.29082 8.4105 6.63641
875 50 0.0327393 1.08761 7.53385 5.97762
875 75 0.0322864 1.09236 7.54318 5.98407
900 100 0.0336309 1.0895 7.53732 5.9798
900 125 0.0320469 1.09681 7.55489 5.99024
900 150 0.0319615 1.09192 7.54175 5.9833
900 175 0.0314085 1.10726 7.58399 6.01178
900 200 0.0310404 1.09578 7.5526 5.98827
900 225 0.0300678 1.10668 7.58203 6.01045
900 250 0.0279391 1.11689 7.6108 6.02889
900 275 0.0274677 1.1292 7.65171 6.05826
900 300 0.02655 1.12446 7.63699 6.04645
900 325 0.0276036 1.14783 7.71618 6.11772
900 350 0.0244454 1.15212 7.73136 6.1307
900 375 0.0234973 1.16989 7.7983 6.18401
900 400 0.0214018 1.20633 7.95854 6.29635
900 425 0.0192756 1.20846 7.96897 6.30401
900 450 0.0168224 1.21539 8.00009 6.33154
900 475 0.0147111 1.24868 8.16699 6.46951
900 500 0.0117653 1.30269 8.47943 6.69343
900 50 0.0340698 1.0774 7.50663 5.96275
900 75 0.0330705 1.07749 7.50678 5.96263
925 100 0.0323786 1.09059 7.53996 5.9825
925 125 0.0331826 1.08921 7.53633 5.97916
925 150 0.0322001 1.08395 7.52382 5.97417
925 175 0.0315429 1.09585 7.55277 5.98831
925 200 0.0308024 1.09965 7.56132 5.9955
925 225 0.0300711 1.10451 7.57501 6.00588
925 250 0.0299909 1.09814 7.55837 5.99268
925 275 0.0278083 1.1163 7.60878 6.02728
925 300 0.0272704 1.11612 7.60842 6.0271
925 325 0.0281879 1.13791 7.68222 6.08121
925 350 0.0266934 1.15021 7.72488 6.12422
925 375 0.0242122 1.14745 7.71462 6.10759
925 400 0.022849 1.15618 7.74621 6.14236
925 425 0.0197938 1.17922 7.8353 6.21258
925 450 0.0191493 1.21961 8.01975 6.35111
925 475 0.0176091 1.24688 8.15473 6.45972
925 500 0.0146532 1.25872 8.22553 6.51148
925 50 0.0343016 1.07919 7.51318 5.96565
925 525 0.0116815 1.30039 8.46607 6.68084
925 75 0.0347093 1.07953 7.51343 5.96605
950 100 0.032552 1.08094 7.51632 5.96816
950 125 0.034393 1.07887 7.51227 5.96429
950 150 0.0323007 1.08437 7.52453 5.97433
950 175 0.0332604 1.09052 7.53969 5.98165
950 200 0.0330952 1.08929 7.5367 5.97957
950 225 0.0314844 1.09653 7.55409 5.9896
950 250 0.0314736 1.09847 7.55977 5.99305
950 275 0.0304046 1.10569 7.57825 6.00917
950 300 0.0307556 1.13628 7.67604 6.07548
950 325 0.0289853 1.12385 7.63446 6.04467
950 350 0.0273442 1.1463 7.71048 6.10409
950 375 0.0261967 1.15221 7.73206 6.13101
950 400 0.0251297 1.1519 7.73061 6.12883
950 425 0.0228716 1.17159 7.80509 6.19167
950 450 0.0216151 1.18425 7.85648 6.2281
950 475 0.0197805 1.20878 7.97066 6.30479
950 500 0.017634 1.23689 8.10581 6.41745
950 50 0.0340598 1.0788 7.51189 5.96452
950 525 0.0139572 1.26752 8.27198 6.54741
950 550 0.0129427 1.28933 8.40099 6.63097
950 75 0.0344681 1.07545 7.50394 5.95779
975 100 0.0325848 1.08173 7.51782 5.96969
975 125 0.0329803 1.09011 7.53904 5.98034
975 150 0.0336538 1.08385 7.52361 5.97383
975 175 0.0340222 1.0813 7.51747 5.96955
975 200 0.0318554 1.09716 7.55588 5.99045
975 225 0.0328504 1.08958 7.53778 5.98014
975 250 0.0320709 1.09189 7.54167 5.98314
975 275 0.0314342 1.09224 7.54285 5.98342
975 300 0.0299739 1.1062 7.58035 6.01016
975 325 0.0307543 1.12287 7.63233 6.04258
975 350 0.0283627 1.13682 7.67794 6.07768
975 375 0.0277469 1.13091 7.65613 6.06267
975 400 0.0264365 1.14438 7.70455 6.09973
975 425 0.0237126 1.1905 7.88847 6.25022
975 450 0.0234241 1.16406 7.77641 6.16669
975 475 0.0216631 1.18256 7.84986 6.2235
975 500 0.0186681 1.21107 7.97986 6.31576
975 50 0.0347686 1.07101 7.49409 5.95374
975 525 0.01621 1.23054 8.07476 6.38786
975 550 0.0146601 1.29996 8.46376 6.67858
975 575 0.0118645 1.28985 8.40476 6.63235
975 75 0.035012 1.07813 7.50853 5.96352
