1000 600 0.0168372 1.07337 4.74516 4.4938
1000 700 0.0220901 1.06801 4.74002 4.48681
1000 800 0.0221497 1.05763 4.72721 4.47366
1000 900 0.0211008 1.06634 4.7384 4.48535
1100 1000 0.0172012 1.06525 4.73584 4.48226
1100 600 0.0173608 1.08454 4.75819 4.4905
1100 700 0.0190034 1.09109 4.76345 4.49394
1100 800 0.0221926 1.07001 4.74122 4.48927
1100 900 0.0206638 1.05186 4.72191 4.46853
1200 1000 0.0208354 1.05557 4.72597 4.4726
1200 1100 0.0222603 1.05882 4.72785 4.47377
1200 600 0.0167719 1.09542 4.76616 4.49976
1200 700 0.0188467 1.09156 4.7643 4.49499
1200 800 0.020627 1.07898 4.75357 4.4953
1200 900 0.0261065 1.07133 4.74208 4.49125
1300 1000 0.0164898 1.06843 4.74041 4.48697
1300 1100 0.021259 1.069 4.74148 4.4882
1300 1200 0.0188179 1.06775 4.73971 4.48579
1300 600 0.0158154 1.09408 4.76418 4.49862
1300 700 0.0171069 1.0939 4.76397 4.49927
1300 800 0.0229973 1.0912 4.76367 4.49405
1300 900 0.0179723 1.09627 4.76593 4.49933
1400 1000 0.0197691 1.08417 4.75848 4.4906
1400 1100 0.0208083 1.07303 4.74441 4.49296
1400 1200 0.0225984 1.06541 4.73539 4.48198
1400 1300 0.0190247 1.06721 4.73925 4.48503
1400 600 0.0141506 1.09253 4.76459 4.49564
1400 700 0.0171596 1.08896 4.76171 4.49069
1400 800 0.0171513 1.09967 4.77411 4.50897
1400 900 0.0174643 1.09115 4.76347 4.49383
1500 1000 0.0223523 1.08986 4.76278 4.49298
1500 1100 0.022892 1.08725 4.76015 4.49022
1500 1200 0.019017 1.08543 4.75798 4.48938
1500 1300 0.0215849 1.0611 4.73193 4.47778
1500 1400 0.0179966 1.06398 4.73399 4.48031
1500 600 0.0154445 1.10136 4.77588 4.51007
1500 700 0.0148591 1.0998 4.77445 4.50947
1500 800 0.0176341 1.10074 4.77687 4.51006
1500 900 0.02169 1.09933 4.77331 4.50777
1600 1000 0.0189336 1.09556 4.7662 4.49974
1600 1100 0.0194702 1.09424 4.76422 4.49821
1600 1200 0.0198359 1.08475 4.75784 4.49055
1600 1300 0.0203965 1.07227 4.74248 4.49177
1600 1400 0.019739 1.06504 4.73517 4.48173
1600 1500 0.0189114 1.06615 4.73796 4.48441
1600 600 0.0120629 1.1074 4.78491 4.51897
1600 700 0.016486 1.10433 4.78102 4.51551
1600 800 0.0188343 1.09579 4.7664 4.49986
1600 900 0.0164344 1.10766 4.78464 4.51844
1700 1000 0.0180882 1.10119 4.77614 4.5102
1700 1100 0.0176041 1.09681 4.76789 4.50192
1700 1200 0.0175131 1.0955 4.76618 4.50017
1700 1300 0.0186117 1.08363 4.75905 4.49207
1700 1400 0.0183506 1.07143 4.74244 4.49117
1700 1500 0.0194782 1.06037 4.72925 4.47614
1700 1600 0.0138099 1.06936 4.7413 4.48867
1700 600 0.01152 1.101 4.7766 4.51021
1700 700 0.0142441 1.1036 4.77808 4.51305
1700 800 0.0195008 1.10247 4.77634 4.51254
1700 900 0.0188992 1.10111 4.77638 4.51038
1800 1000 0.0161418 1.09379 4.76381 4.49947
1800 1100 0.0146674 1.10015 4.77449 4.50949
1800 1200 0.0173966 1.1027 4.77704 4.51321
1800 1300 0.0173641 1.09062 4.76165 4.4921
1800 1400 0.0180367 1.08387 4.7588 4.49183
1800 1500 0.0212316 1.0743 4.74529 4.49312
1800 1600 0.0213094 1.06248 4.73357 4.4798
1800 1700 0.0186583 1.06762 4.73951 4.48519
1800 600 0.0141186 1.12178 4.80393 4.5316
1800 700 0.0132771 1.10355 4.77811 4.5139
1800 800 0.0153385 1.10394 4.77927 4.51434
1800 900 0.0147337 1.10759 4.78497 4.51867
1900 1000 0.0175514 1.10542 4.78117 4.51532
1900 1100 0.0182022 1.09907 4.77271 4.50639
1900 1200 0.0160795 1.09238 4.76481 4.49555
1900 1300 0.019326 1.09404 4.76421 4.49949
1900 1400 0.0167196 1.094 4.76434 4.4998
1900 1500 0.0177744 1.08686 4.75981 4.49081
1900 1600 0.019339 1.08486 4.75813 4.49061
1900 1700 0.0186272 1.0559 4.72622 4.47348
1900 1800 0.0158045 1.07547 4.74742 4.49287
1900 600 0.0155405 1.1219 4.80426 4.53206
1900 700 0.0129173 1.1157 4.79583 4.52588
1900 800 0.0132754 1.10987 4.78866 4.52093
1900 900 0.0162352 1.11276 4.79134 4.52251
2000 1000 0.0175838 1.10781 4.78538 4.52
2000 1100 0.0182895 1.10534 4.7812 4.51555
2000 1200 0.0147938 1.09221 4.76507 4.49568
2000 1300 0.0179618 1.0944 4.76447 4.49841
2000 1400 0.0146254 1.10177 4.77613 4.51123
2000 1500 0.0148509 1.09463 4.76448 4.49832
2000 1600 0.0161778 1.0982 4.76946 4.50402
2000 1700 0.0191479 1.07998 4.75411 4.49551
2000 1800 0.0165193 1.05818 4.72719 4.47297
2000 1900 0.015337 1.06657 4.73889 4.48564
2000 600 0.0126641 1.11452 4.79438 4.52636
2000 700 0.0127112 1.12059 4.80205 4.52957
2000 800 0.0157602 1.11605 4.79554 4.52514
2000 900 0.0144418 1.11124 4.78947 4.5228
2100 1000 0.0158363 1.11442 4.79415 4.52559
2100 1100 0.0143834 1.11148 4.78976 4.52198
2100 1200 0.0168234 1.09992 4.77422 4.50889
2100 1300 0.0163219 1.11663 4.79655 4.52583
2100 1400 0.0130161 1.1032 4.77751 4.51336
2100 1500 0.0131118 1.09916 4.77342 4.50728
2100 1600 0.0164921 1.10494 4.78173 4.5152
2100 1700 0.0190154 1.08893 4.76161 4.49068
2100 1800 0.0149838 1.08311 4.75839 4.49132
2100 1900 0.0160911 1.05708 4.7263 4.47176
2100 2000 0.0117765 1.06568 4.73647 4.48361
2100 600 0.0107932 1.13875 4.83694 4.55111
2100 700 0.0126281 1.13037 4.82 4.54407
2100 800 0.0159913 1.12129 4.80334 4.5308
2100 900 0.0126946 1.12598 4.81198 4.53779
2200 1000 0.0148942 1.12049 4.80194 4.52934
2200 1100 0.0139094 1.10951 4.78694 4.51977
2200 1200 0.0141829 1.107 4.78409 4.51766
2200 1300 0.013402 1.11669 4.79682 4.52609
2200 1400 0.0156306 1.10734 4.78466 4.51839
2200 1500 0.0144807 1.10289 4.77744 4.5141
2200 1600 0.0173602 1.10024 4.7751 4.50999
2200 1700 0.0146711 1.09325 4.76238 4.49674
2200 1800 0.0137261 1.09058 4.76163 4.49243
2200 1900 0.016191 1.08274 4.75794 4.4917
2200 2000 0.0153347 1.06098 4.73179 4.47787
2200 2100 0.0118768 1.06679 4.73919 4.48605
2200 600 0.0116089 1.1286 4.81728 4.54309
2200 700 0.0128209 1.12104 4.80295 4.53055
2200 800 0.013244 1.13861 4.83702 4.55203
2200 900 0.0146989 1.11766 4.79939 4.52827
2300 1000 0.0154594 1.13392 4.82828 4.54644
2300 1100 0.0145515 1.12953 4.81849 4.54333
2300 1200 0.0137693 1.11843 4.79914 4.52794
2300 1300 0.0145983 1.12266 4.8063 4.53331
2300 1400 0.0151581 1.10895 4.78569 4.51952
2300 1500 0.0128706 1.10788 4.78538 4.52001
2300 1600 0.013477 1.10267 4.77713 4.51322
2300 1700 0.01537 1.09527 4.76589 4.49956
2300 1800 0.0120341 1.09677 4.76798 4.50177
2300 1900 0.0133944 1.09293 4.76069 4.49631
2300 2000 0.0169165 1.07719 4.75103 4.49424
2300 2100 0.0141463 1.05952 4.72857 4.47425
2300 2200 0.0113271 1.09432 4.76443 4.49801
2300 600 0.0119095 1.12026 4.8018 4.52943
2300 700 0.0107457 1.13002 4.81977 4.54403
2300 800 0.0106377 1.13317 4.82522 4.54532
2300 900 0.0129719 1.12959 4.81894 4.54368
2400 1000 0.010793 1.1384 4.83737 4.5522
2400 1100 0.0123933 1.13499 4.83125 4.54846
2400 1200 0.0114628 1.12584 4.81158 4.53814
2400 1300 0.0140896 1.1203 4.80183 4.52953
2400 1400 0.011069 1.11631 4.79592 4.52577
2400 1500 0.0167791 1.11132 4.78922 4.52185
2400 1600 0.0140379 1.09878 4.77118 4.50561
2400 1700 0.0147923 1.10493 4.78163 4.51514
2400 1800 0.0140045 1.10256 4.77656 4.51256
2400 1900 0.0147527 1.10594 4.78228 4.51542
2400 2000 0.0142142 1.09677 4.76798 4.50177
2400 2100 0.0133091 1.09074 4.76197 4.49284
2400 2200 0.0125143 1.06573 4.73657 4.48372
2400 2300 0.0119562 1.0628 4.73337 4.48052
2400 600 0.00984699 1.12818 4.8158 4.54171
2400 700 0.0121818 1.12799 4.81577 4.54189
2400 800 0.0116163 1.13769 4.83515 4.55155
2400 900 0.0150948 1.12683 4.81457 4.53914
2500 1000 0.0104946 1.14879 4.86041 4.5697
2500 1100 0.0105622 1.13686 4.83275 4.54887
2500 1200 0.0158221 1.12772 4.81584 4.54092
2500 1300 0.0123753 1.12 4.80155 4.52924
2500 1400 0.0109688 1.12716 4.81445 4.53956
2500 1500 0.0147056 1.1128 4.79105 4.52215
2500 1600 0.0136141 1.11046 4.7888 4.52146
2500 1700 0.0123687 1.11657 4.79614 4.52549
2500 1800 0.0155415 1.10029 4.77555 4.51026
2500 1900 0.0105284 1.10377 4.77897 4.51418
2500 2000 0.0135632 1.09618 4.76575 4.49965
2500 2100 0.0129851 1.0885 4.76106 4.49079
2500 2200 0.0127591 1.08423 4.75808 4.49028
2500 2300 0.0128605 1.06133 4.7327 4.4782
2500 2400 0.0123096 1.08442 4.75806 4.49078
2500 600 0.0104427 1.14649 4.85581 4.56651
2500 700 0.0113735 1.13799 4.83607 4.55161
2500 800 0.0133067 1.14821 4.86011 4.56925
2500 900 0.0113691 1.13539 4.832 4.54925
700 600 0.0128602 1.10488 4.7817 4.51536
800 600 0.0189218 1.05951 4.72863 4.47414
800 700 0.0197189 1.08151 4.75537 4.49651
900 600 0.0165865 1.07195 4.74224 4.49085
900 700 0.0202265 1.07866 4.75277 4.49463
900 800 0.0188325 1.05886 4.72778 4.47347
