1000 500 0.0158281 1.08754 7.50663 7.81529
1000 600 0.02064 1.08708 7.50668 7.8182
1000 700 0.020355 1.06985 7.46702 7.77714
1000 800 0.0240546 1.05257 7.44387 7.73815
1000 900 0.0242326 1.05747 7.44782 7.74711
1100 1000 0.0201942 1.05079 7.44291 7.73751
1100 500 0.0155569 1.09806 7.52349 7.83039
1100 600 0.0193307 1.08771 7.50705 7.81619
1100 700 0.0190547 1.07941 7.4859 7.80126
1100 800 0.0215768 1.06731 7.46371 7.77166
1100 900 0.0216654 1.05183 7.44555 7.73901
1200 1000 0.0226024 1.05691 7.45013 7.74812
1200 1100 0.0195997 1.06205 7.45325 7.75592
1200 500 0.0147223 1.09788 7.52292 7.82998
1200 600 0.0170601 1.09291 7.5148 7.82991
1200 700 0.0190555 1.09148 7.51211 7.82478
1200 800 0.0209412 1.08499 7.50136 7.81068
1200 900 0.0209452 1.07212 7.4723 7.78345
1300 1000 0.0212576 1.07423 7.47506 7.78963
1300 1100 0.0207797 1.05448 7.4447 7.74004
1300 1200 0.0207198 1.06285 7.45419 7.75729
1300 500 0.0143055 1.09879 7.52747 7.83319
1300 600 0.0173162 1.09884 7.52812 7.83243
1300 700 0.0166677 1.09344 7.5149 7.82983
1300 800 0.019247 1.09508 7.51893 7.8307
1300 900 0.0215696 1.08256 7.496 7.80646
1400 1000 0.0190715 1.08533 7.50289 7.81277
1400 1100 0.0213744 1.07523 7.47777 7.79461
1400 1200 0.0208137 1.06031 7.4499 7.75554
1400 1300 0.0198996 1.07033 7.4682 7.77769
1400 500 0.0138666 1.10187 7.54065 7.83901
1400 600 0.0161209 1.09925 7.53178 7.83383
1400 700 0.0177949 1.09057 7.50605 7.8203
1400 800 0.0187892 1.09722 7.5215 7.83266
1400 900 0.0226531 1.09159 7.51217 7.82465
1500 1000 0.0226208 1.08855 7.50761 7.81662
1500 1100 0.0203387 1.0882 7.50605 7.81363
1500 1200 0.0225524 1.07645 7.48186 7.79664
1500 1300 0.0231148 1.05766 7.44723 7.74754
1500 1400 0.0188769 1.05341 7.44451 7.73862
1500 500 0.0126087 1.1082 7.56142 7.85141
1500 600 0.0157101 1.10409 7.55386 7.84745
1500 700 0.0159432 1.10582 7.55418 7.84847
1500 800 0.01977 1.09252 7.51268 7.82827
1500 900 0.0215097 1.0897 7.50821 7.82106
1600 1000 0.0173033 1.09219 7.51179 7.82561
1600 1100 0.0197232 1.08827 7.50664 7.81446
1600 1200 0.0186454 1.0865 7.5079 7.8172
1600 1300 0.0188931 1.07456 7.47707 7.79359
1600 1400 0.0197554 1.05762 7.44737 7.74729
1600 1500 0.0182142 1.06083 7.44967 7.75553
1600 500 0.0124407 1.1115 7.57193 7.86202
1600 600 0.014858 1.10173 7.54147 7.84043
1600 700 0.0179829 1.10268 7.54734 7.84305
1600 800 0.0156462 1.0973 7.52156 7.83257
1600 900 0.0178851 1.10786 7.55979 7.84912
1700 1000 0.0179306 1.09332 7.51498 7.82986
1700 1100 0.0187799 1.09171 7.51149 7.82456
1700 1200 0.0187539 1.09548 7.52204 7.83161
1700 1300 0.0197711 1.08921 7.50697 7.81985
1700 1400 0.0169933 1.07553 7.47877 7.79376
1700 1500 0.0190776 1.05967 7.44758 7.75503
1700 1600 0.0165138 1.07334 7.47344 7.78931
1700 500 0.0120389 1.11167 7.57306 7.86337
1700 600 0.0152398 1.10203 7.54179 7.83966
1700 700 0.0158839 1.1031 7.55097 7.84351
1700 800 0.0172079 1.09695 7.5217 7.83239
1700 900 0.0199615 1.09886 7.52815 7.83277
1800 1000 0.0181164 1.10199 7.54108 7.83953
1800 1100 0.0189379 1.09349 7.51522 7.82986
1800 1200 0.0173993 1.095 7.51915 7.82932
1800 1300 0.0155109 1.0903 7.50741 7.82125
1800 1400 0.0179001 1.09601 7.5235 7.8351
1800 1500 0.0189135 1.0741 7.47559 7.79034
1800 1600 0.0183181 1.05925 7.44649 7.75315
1800 1700 0.0162857 1.06845 7.46532 7.77445
1800 500 0.0111989 1.13048 7.60736 7.90606
1800 600 0.0161905 1.11658 7.5822 7.874
1800 700 0.0137624 1.11292 7.5728 7.86315
1800 800 0.0160307 1.12029 7.58534 7.88358
1800 900 0.0170235 1.10088 7.53678 7.84074
1900 1000 0.0159043 1.10209 7.54188 7.83991
1900 1100 0.0183537 1.09802 7.52403 7.83136
1900 1200 0.0172313 1.09661 7.52222 7.83454
1900 1300 0.0176834 1.09511 7.51943 7.83062
1900 1400 0.0192868 1.1005 7.53653 7.84017
1900 1500 0.0183181 1.08919 7.50727 7.8197
1900 1600 0.0171251 1.07435 7.47549 7.79069
1900 1700 0.017824 1.05803 7.44755 7.74946
1900 1800 0.0161173 1.06452 7.45645 7.76289
1900 500 0.0111591 1.11826 7.58574 7.88087
1900 600 0.0138265 1.11836 7.58511 7.88111
1900 700 0.0145485 1.11532 7.5786 7.87048
1900 800 0.0162944 1.11006 7.56697 7.8594
1900 900 0.0148435 1.09951 7.53433 7.83536
2000 1000 0.0159118 1.10453 7.55628 7.84867
2000 1100 0.0177157 1.10226 7.54324 7.84064
2000 1200 0.0165297 1.09882 7.52725 7.83283
2000 1300 0.0152199 1.09915 7.53088 7.83339
2000 1400 0.0167938 1.09524 7.52032 7.83092
2000 1500 0.016712 1.09235 7.5126 7.82749
2000 1600 0.0163151 1.0895 7.50764 7.81963
2000 1700 0.016695 1.07776 7.48542 7.80013
2000 1800 0.0160905 1.05822 7.4467 7.74902
2000 1900 0.0147784 1.07071 7.46963 7.77951
2000 500 0.0103155 1.11795 7.58548 7.88033
2000 600 0.0104765 1.12256 7.59065 7.88905
2000 700 0.0134872 1.12801 7.59983 7.90028
2000 800 0.0130253 1.11144 7.57208 7.86334
2000 900 0.0165688 1.11304 7.57235 7.86316
2100 1000 0.0137027 1.11021 7.56629 7.85807
2100 1100 0.0139473 1.10555 7.55647 7.84889
2100 1200 0.0141556 1.10363 7.55228 7.84686
2100 1300 0.0164262 1.09743 7.52198 7.83174
2100 1400 0.0156419 1.10449 7.55596 7.84776
2100 1500 0.015411 1.10024 7.53566 7.83865
2100 1600 0.0147336 1.10004 7.53374 7.83604
2100 1700 0.0169862 1.09364 7.5159 7.82995
2100 1800 0.0178887 1.08015 7.48561 7.80168
2100 1900 0.0139132 1.06063 7.44893 7.75363
2100 2000 0.0131387 1.06282 7.45407 7.75794
2100 500 0.0107274 1.1263 7.59897 7.89876
2100 600 0.0109552 1.12702 7.59854 7.89907
2100 700 0.0137695 1.12278 7.59048 7.89078
2100 800 0.0140615 1.11881 7.58518 7.88182
2100 900 0.015116 1.11673 7.58334 7.8744
2200 1000 0.0153514 1.11327 7.57263 7.86306
2200 1100 0.0158406 1.11114 7.56906 7.86096
2200 1200 0.0143632 1.11457 7.57833 7.86901
2200 1300 0.0151093 1.11215 7.57256 7.86328
2200 1400 0.014801 1.10463 7.55738 7.84909
2200 1500 0.0178179 1.10031 7.53523 7.83843
2200 1600 0.0168784 1.10068 7.53681 7.84125
2200 1700 0.0150642 1.0941 7.51895 7.83068
2200 1800 0.0167858 1.09114 7.50979 7.82552
2200 1900 0.0163444 1.07696 7.48438 7.79853
2200 2000 0.0161987 1.06234 7.45319 7.75858
2200 2100 0.0137027 1.06708 7.46247 7.77036
2200 500 0.0103146 1.12781 7.59988 7.902
2200 600 0.0122898 1.12577 7.59635 7.89876
2200 700 0.0124534 1.12921 7.60197 7.90072
2200 800 0.013187 1.12887 7.60191 7.90076
2200 900 0.0133425 1.1273 7.59866 7.90048
2300 1000 0.0130153 1.12158 7.59011 7.89069
2300 1100 0.0121765 1.11911 7.58558 7.88238
2300 1200 0.0141225 1.12595 7.59531 7.89707
2300 1300 0.0127361 1.10877 7.56369 7.85617
2300 1400 0.0139508 1.10996 7.56763 7.85924
2300 1500 0.0122738 1.10574 7.55527 7.84863
2300 1600 0.0140189 1.10152 7.53966 7.84008
2300 1700 0.0149024 1.10019 7.53478 7.83679
2300 1800 0.0148329 1.09996 7.53323 7.83479
2300 1900 0.0163011 1.09149 7.51151 7.82455
2300 2000 0.0156383 1.0793 7.48531 7.80233
2300 2100 0.0146376 1.05897 7.44571 7.75193
2300 2200 0.0135147 1.06666 7.46117 7.77007
2300 500 0.0103213 1.12144 7.58962 7.89059
2300 600 0.0125822 1.13105 7.608 7.90611
2300 700 0.0113449 1.12851 7.601 7.89943
2300 800 0.0129047 1.13071 7.60803 7.90594
2300 900 0.0121884 1.12905 7.60168 7.90056
2400 1000 0.0148086 1.13032 7.60661 7.9053
2400 1100 0.0161516 1.12681 7.59853 7.89739
2400 1200 0.0137757 1.12213 7.59125 7.88941
2400 1300 0.0116988 1.12203 7.59059 7.89002
2400 1400 0.012565 1.11905 7.58597 7.88244
2400 1500 0.0128356 1.10892 7.56443 7.85702
2400 1600 0.013903 1.10805 7.56016 7.84805
2400 1700 0.0137167 1.0998 7.53235 7.83435
2400 1800 0.0156322 1.10157 7.54059 7.8403
2400 1900 0.0120512 1.09971 7.53328 7.83547
2400 2000 0.0127117 1.09076 7.5066 7.82136
2400 2100 0.014167 1.07832 7.48709 7.80397
2400 2200 0.0141051 1.06332 7.45451 7.75925
2400 2300 0.0130754 1.06671 7.46168 7.77019
2400 500 0.00906224 1.11845 7.58592 7.88146
2400 600 0.0116771 1.12895 7.6025 7.90055
2400 700 0.0109104 1.12964 7.60419 7.90349
2400 800 0.0122208 1.11905 7.58597 7.88244
2400 900 0.0110432 1.12313 7.59138 7.89282
2500 1000 0.0112856 1.12729 7.59861 7.90017
2500 1100 0.0140207 1.12624 7.59771 7.89702
2500 1200 0.0138654 1.13531 7.62053 7.91655
2500 1300 0.0136456 1.12147 7.58993 7.89082
2500 1400 0.0111254 1.12085 7.58659 7.88667
2500 1500 0.012633 1.11908 7.58583 7.8825
2500 1600 0.0111471 1.10619 7.5542 7.84798
2500 1700 0.013543 1.11082 7.56758 7.86029
2500 1800 0.0125304 1.10247 7.54589 7.84264
2500 1900 0.0152773 1.10362 7.55234 7.84722
2500 2000 0.0129285 1.10577 7.55461 7.84846
2500 2100 0.0128852 1.09469 7.51954 7.83068
2500 2200 0.014003 1.08169 7.49307 7.80432
2500 2300 0.0137584 1.06729 7.46371 7.77174
2500 2400 0.0114471 1.06468 7.45738 7.76357
2500 500 0.0103283 1.12342 7.59425 7.89636
2500 600 0.0116696 1.12474 7.59769 7.8982
2500 700 0.0135236 1.12378 7.59658 7.89917
2500 800 0.0127556 1.14065 7.62679 7.92752
2500 900 0.0148545 1.13496 7.61873 7.91536
600 500 0.0175281 1.06524 7.45919 7.76559
700 500 0.017927 1.05652 7.44783 7.74557
700 600 0.0201764 1.06451 7.45628 7.76289
800 500 0.0176524 1.07133 7.47106 7.78161
800 600 0.0215229 1.0492 7.44144 7.73777
800 700 0.0207786 1.06427 7.45486 7.76036
900 500 0.0174665 1.07599 7.48063 7.79366
900 600 0.0188848 1.06746 7.4638 7.77283
900 700 0.0206252 1.05571 7.44682 7.74174
900 800 0.0221715 1.0547 7.44606 7.74148
