1000 700 0.0202793 1.06342 7.45443 7.75914
1000 800 0.0192414 1.05204 7.44496 7.73915
1000 900 0.0208939 1.05134 7.4459 7.74054
1100 1000 0.0232668 1.05549 7.44721 7.74235
1100 700 0.0187711 1.08215 7.49339 7.80405
1100 800 0.0206557 1.07199 7.47231 7.78364
1100 900 0.0219209 1.05938 7.44699 7.75363
1200 1000 0.0243779 1.05412 7.44444 7.7393
1200 1100 0.0217239 1.05941 7.44688 7.75363
1200 700 0.0186344 1.08207 7.4928 7.8039
1200 800 0.0204415 1.0829 7.49723 7.80702
1200 900 0.021426 1.06995 7.46689 7.7769
1300 1000 0.0224736 1.07105 7.47117 7.78079
1300 1100 0.0233556 1.05937 7.44699 7.7537
1300 1200 0.0202583 1.05677 7.44841 7.7463
1300 700 0.0172011 1.09117 7.5097 7.82541
1300 800 0.019692 1.08916 7.50743 7.81943
1300 900 0.0206043 1.08227 7.49391 7.80524
1400 1000 0.0213615 1.08266 7.49619 7.80636
1400 1100 0.0218291 1.0708 7.4699 7.77956
1400 1200 0.0213868 1.05613 7.44695 7.74321
1400 1300 0.0190038 1.06388 7.45494 7.75985
1400 700 0.0169595 1.09552 7.52224 7.8318
1400 800 0.020571 1.09045 7.50743 7.8208
1400 900 0.0192254 1.09647 7.52194 7.83476
1500 1000 0.0198642 1.08978 7.50827 7.82119
1500 1100 0.0216548 1.08518 7.50237 7.81081
1500 1200 0.0210546 1.0748 7.47678 7.79359
1500 1300 0.0197654 1.056 7.44783 7.7426
1500 1400 0.0183779 1.06688 7.46233 7.77001
1500 700 0.0162932 1.09362 7.51593 7.83015
1500 800 0.0195827 1.09444 7.51974 7.8307
1500 900 0.0190432 1.08979 7.50863 7.82137
1600 1000 0.0192691 1.08956 7.50759 7.82019
1600 1100 0.0187582 1.0957 7.52266 7.83397
1600 1200 0.0232394 1.08571 7.50497 7.81447
1600 1300 0.0196009 1.07433 7.47557 7.79082
1600 1400 0.020276 1.05571 7.44682 7.74174
1600 1500 0.0182097 1.05957 7.44718 7.75444
1600 700 0.0156856 1.09785 7.52281 7.8298
1600 800 0.0168898 1.09329 7.5151 7.82999
1600 900 0.01835 1.09644 7.52175 7.83519
1700 1000 0.0198259 1.09251 7.51274 7.8283
1700 1100 0.0182138 1.09466 7.51934 7.83069
1700 1200 0.0171469 1.09479 7.51771 7.82978
1700 1300 0.0218854 1.09012 7.508 7.82079
1700 1400 0.0201481 1.08006 7.48553 7.80084
1700 1500 0.0177993 1.05906 7.44665 7.75248
1700 1600 0.0172839 1.06239 7.45349 7.75854
1700 700 0.0166819 1.10415 7.55357 7.8479
1700 800 0.0190578 1.10486 7.55577 7.84925
1700 900 0.0184331 1.09386 7.51777 7.83114
1800 1000 0.0177644 1.1007 7.5369 7.84097
1800 1100 0.0179497 1.09595 7.52324 7.83478
1800 1200 0.0175152 1.09409 7.51858 7.83055
1800 1300 0.0201751 1.09005 7.50855 7.82124
1800 1400 0.0209156 1.08887 7.50797 7.81883
1800 1500 0.0190024 1.08037 7.48634 7.80085
1800 1600 0.018351 1.06264 7.45439 7.75974
1800 1700 0.0162019 1.06785 7.46411 7.77138
1800 700 0.0166584 1.10468 7.55654 7.84846
1800 800 0.015926 1.10743 7.55953 7.85026
1800 900 0.0204734 1.09956 7.53393 7.83561
1900 1000 0.0187949 1.09402 7.51886 7.8314
1900 1100 0.0184247 1.10004 7.53374 7.83604
1900 1200 0.0164438 1.09793 7.52311 7.83097
1900 1300 0.0168234 1.09108 7.50912 7.82404
1900 1400 0.0184624 1.09231 7.51279 7.82757
1900 1500 0.0186427 1.08765 7.5073 7.81638
1900 1600 0.0168713 1.07841 7.48652 7.80487
1900 1700 0.0164744 1.05543 7.4467 7.74189
1900 1800 0.0172858 1.06647 7.46162 7.77062
1900 700 0.0129351 1.12444 7.59812 7.90026
1900 800 0.0175601 1.10718 7.55858 7.84958
1900 900 0.0152421 1.10206 7.54192 7.83972
2000 1000 0.0166475 1.10088 7.53678 7.84074
2000 1100 0.0154037 1.10288 7.54924 7.84382
2000 1200 0.0165005 1.10416 7.55383 7.8482
2000 1300 0.0156747 1.11082 7.56758 7.86029
2000 1400 0.017572 1.09405 7.51856 7.83076
2000 1500 0.0167875 1.09801 7.52408 7.83191
2000 1600 0.0190193 1.09381 7.51731 7.83107
2000 1700 0.0166636 1.07909 7.48588 7.80303
2000 1800 0.017302 1.06022 7.44936 7.75503
2000 1900 0.014878 1.06239 7.45349 7.75854
2000 700 0.0151695 1.12709 7.5995 7.9
2000 800 0.0146078 1.1167 7.58272 7.87361
2000 900 0.0160538 1.11012 7.56691 7.85921
2100 1000 0.0192167 1.11286 7.57209 7.86227
2100 1100 0.0162272 1.11074 7.5664 7.86011
2100 1200 0.0186424 1.1019 7.54095 7.83936
2100 1300 0.0157132 1.10165 7.54063 7.84055
2100 1400 0.0165818 1.09421 7.51897 7.82993
2100 1500 0.014103 1.10005 7.53366 7.83592
2100 1600 0.0168503 1.08993 7.5095 7.82174
2100 1700 0.0148514 1.09066 7.50624 7.82135
2100 1800 0.014516 1.07597 7.48068 7.79376
2100 1900 0.0156918 1.06353 7.45351 7.75887
2100 2000 0.0146695 1.07271 7.47408 7.78846
2100 700 0.0135036 1.11217 7.57234 7.86352
2100 800 0.0121557 1.12328 7.59224 7.89413
2100 900 0.014774 1.11617 7.57962 7.87335
2200 1000 0.0149413 1.11756 7.58461 7.8782
2200 1100 0.0166633 1.11248 7.57266 7.86414
2200 1200 0.0142233 1.11171 7.57325 7.8632
2200 1300 0.0156029 1.10027 7.53503 7.83807
2200 1400 0.0153248 1.09998 7.53328 7.83494
2200 1500 0.0160519 1.10092 7.5367 7.84038
2200 1600 0.0147584 1.09743 7.52198 7.83174
2200 1700 0.0160197 1.09812 7.52459 7.83168
2200 1800 0.0146064 1.09042 7.50757 7.82129
2200 1900 0.0140745 1.07788 7.48631 7.80105
2200 2000 0.0169933 1.06421 7.45447 7.7603
2200 2100 0.0147333 1.06215 7.45315 7.7563
2200 700 0.0133717 1.1161 7.58005 7.874
2200 800 0.0146361 1.12607 7.59655 7.89806
2200 900 0.0142914 1.11443 7.57734 7.86709
2300 1000 0.0133138 1.12216 7.59196 7.89036
2300 1100 0.0128914 1.12179 7.59142 7.89097
2300 1200 0.0136133 1.11338 7.57388 7.86412
2300 1300 0.0161383 1.11067 7.56633 7.86031
2300 1400 0.0140999 1.1104 7.56813 7.86066
2300 1500 0.0146307 1.10298 7.55026 7.84336
2300 1600 0.0156539 1.10688 7.55681 7.84895
2300 1700 0.0155269 1.09999 7.53335 7.83546
2300 1800 0.0137918 1.09841 7.52479 7.8301
2300 1900 0.0139684 1.09154 7.51212 7.82532
2300 2000 0.0170288 1.08233 7.49488 7.80574
2300 2100 0.0155711 1.05923 7.44639 7.75289
2300 2200 0.0129112 1.06737 7.46437 7.77283
2300 700 0.012525 1.13395 7.61284 7.91219
2300 800 0.0131666 1.13317 7.61484 7.9141
2300 900 0.01393 1.11946 7.58584 7.88228
2400 1000 0.0148626 1.12371 7.59572 7.89884
2400 1100 0.012664 1.12706 7.59912 7.89972
2400 1200 0.0126649 1.12424 7.5979 7.90023
2400 1300 0.013171 1.1248 7.59782 7.89809
2400 1400 0.0140374 1.11602 7.57896 7.87304
2400 1500 0.0120221 1.11442 7.57739 7.86701
2400 1600 0.0136658 1.10844 7.56273 7.85443
2400 1700 0.0122003 1.10326 7.55131 7.84354
2400 1800 0.0154478 1.09979 7.53239 7.83435
2400 1900 0.0132815 1.09535 7.52144 7.83084
2400 2000 0.014505 1.09126 7.51097 7.82514
2400 2100 0.0141109 1.07954 7.48549 7.80153
2400 2200 0.0152602 1.05835 7.44727 7.75065
2400 2300 0.0138857 1.06068 7.44937 7.7542
2400 700 0.0131422 1.12572 7.59634 7.89897
2400 800 0.0120231 1.1285 7.60037 7.89954
2400 900 0.0125627 1.12356 7.59615 7.8983
2500 1000 0.0132174 1.12735 7.59911 7.90068
2500 1100 0.0115882 1.13375 7.61185 7.91064
2500 1200 0.0131197 1.12779 7.60019 7.90208
2500 1300 0.011935 1.12057 7.58588 7.88389
2500 1400 0.0113675 1.1232 7.59139 7.8937
2500 1500 0.0123778 1.11748 7.58403 7.87894
2500 1600 0.013599 1.11785 7.58564 7.87916
2500 1700 0.0132014 1.10828 7.56229 7.85244
2500 1800 0.0115239 1.10475 7.55575 7.8481
2500 1900 0.0146634 1.10025 7.5355 7.83845
2500 2000 0.0136916 1.09241 7.51271 7.82786
2500 2100 0.0122344 1.09165 7.5123 7.82471
2500 2200 0.0132678 1.08214 7.49343 7.80426
2500 2300 0.0128894 1.06454 7.45668 7.76297
2500 2400 0.0114979 1.07436 7.47518 7.7908
2500 700 0.0117514 1.13485 7.61684 7.91495
2500 800 0.0134191 1.12917 7.6019 7.90032
2500 900 0.013815 1.13571 7.61924 7.91664
800 700 0.0173636 1.05502 7.4478 7.74193
900 700 0.0212041 1.05395 7.44522 7.73918
900 800 0.0202606 1.05664 7.44754 7.74547
