1000 500 0.0153787 1.08721 7.42269 5.99843
1000 600 0.0204555 1.08852 7.42724 6.00039
1000 700 0.0200825 1.07007 7.39202 5.98211
1000 800 0.0235167 1.05329 7.35299 5.96182
1000 900 0.0235031 1.05797 7.35881 5.96446
1100 1000 0.0200102 1.0533 7.35299 5.96182
1100 500 0.0150048 1.0999 7.45986 6.01484
1100 600 0.0188813 1.08911 7.42891 6.00189
1100 700 0.0185981 1.0818 7.41278 5.99108
1100 800 0.0212901 1.06729 7.38287 5.97764
1100 900 0.0213854 1.05105 7.34817 5.95783
1200 1000 0.0221529 1.05861 7.36027 5.96535
1200 1100 0.0190542 1.05706 7.35748 5.96412
1200 500 0.0141915 1.09573 7.44881 6.01281
1200 600 0.0166916 1.09551 7.44819 6.01328
1200 700 0.0185105 1.09038 7.43157 6.00523
1200 800 0.0201233 1.08218 7.41382 5.99107
1200 900 0.0206656 1.0773 7.40727 5.99101
1300 1000 0.021162 1.07457 7.40308 5.98603
1300 1100 0.0204046 1.05462 7.3539 5.96026
1300 1200 0.0202562 1.06042 7.36469 5.96914
1300 500 0.0140251 1.10009 7.45973 6.01463
1300 600 0.0170433 1.0987 7.45534 6.01495
1300 700 0.0163952 1.09107 7.43395 6.00784
1300 800 0.019063 1.09988 7.45948 6.01489
1300 900 0.0212015 1.08407 7.41963 5.9928
1400 1000 0.018799 1.08483 7.41916 5.99273
1400 1100 0.0212859 1.07639 7.40496 5.98944
1400 1200 0.0208137 1.06427 7.37311 5.97376
1400 1300 0.0194281 1.06326 7.37058 5.97251
1400 500 0.0136825 1.10107 7.4627 6.01669
1400 600 0.0161209 1.10243 7.46733 6.01749
1400 700 0.0177949 1.09237 7.43771 6.01046
1400 800 0.0186123 1.09978 7.45946 6.01378
1400 900 0.0223731 1.09148 7.43411 6.00799
1500 1000 0.0221568 1.08836 7.42682 6.00006
1500 1100 0.0201547 1.08837 7.42679 6.00023
1500 1200 0.0220955 1.07551 7.40204 5.98798
1500 1300 0.0228348 1.0566 7.35599 5.96339
1500 1400 0.0187884 1.05523 7.35357 5.96234
1500 500 0.0124172 1.10852 7.48359 6.03033
1500 600 0.0156216 1.10843 7.48382 6.03041
1500 700 0.0156703 1.10536 7.47382 6.02292
1500 800 0.019593 1.0916 7.43428 6.00815
1500 900 0.0211487 1.08799 7.42548 5.9996
1600 1000 0.0170229 1.09514 7.44774 6.01356
1600 1100 0.0196348 1.08844 7.42666 6.00044
1600 1200 0.0185569 1.08586 7.42025 5.9963
1600 1300 0.0188047 1.07477 7.40249 5.9863
1600 1400 0.01949 1.05915 7.36355 5.96636
1600 1500 0.0181258 1.06075 7.36555 5.96969
1600 500 0.0124407 1.1127 7.49683 6.04366
1600 600 0.0145855 1.1019 7.46542 6.01685
1600 700 0.0178874 1.10481 7.47297 6.02346
1600 800 0.0156462 1.0979 7.45441 6.0164
1600 900 0.0177011 1.10761 7.48066 6.02834
1700 1000 0.0177536 1.09366 7.44276 6.01402
1700 1100 0.0187799 1.09171 7.43588 6.00871
1700 1200 0.0185698 1.09565 7.44869 6.0132
1700 1300 0.0195057 1.08863 7.42724 6.00079
1700 1400 0.0168018 1.07584 7.40322 5.98803
1700 1500 0.0190776 1.06024 7.36449 5.96831
1700 1600 0.0164254 1.07035 7.39333 5.9831
1700 500 0.0119504 1.11317 7.49967 6.04329
1700 600 0.0149673 1.10316 7.46933 6.02092
1700 700 0.0156924 1.10354 7.46919 6.02277
1700 800 0.0169354 1.09606 7.44867 6.01315
1700 900 0.019873 1.09984 7.45981 6.01462
1800 1000 0.0181164 1.1029 7.46862 6.01937
1800 1100 0.0187539 1.09429 7.44496 6.01437
1800 1200 0.0173108 1.09513 7.44777 6.01367
1800 1300 0.0151354 1.08795 7.42533 5.99942
1800 1400 0.017709 1.0979 7.45441 6.0164
1800 1500 0.018818 1.07417 7.40187 5.98545
1800 1600 0.0180527 1.05755 7.35848 5.96409
1800 1700 0.0161901 1.0684 7.38571 5.9801
1800 500 0.0110149 1.12638 7.53571 6.06651
1800 600 0.0161905 1.11874 7.50988 6.05242
1800 700 0.0133939 1.1122 7.49431 6.04158
1800 800 0.0158538 1.11943 7.51123 6.05423
1800 900 0.016935 1.10311 7.46915 6.02105
1900 1000 0.0156314 1.10073 7.46245 6.01648
1900 1100 0.0181767 1.0982 7.45475 6.01552
1900 1200 0.0172313 1.09661 7.44944 6.01309
1900 1300 0.0175949 1.09565 7.44869 6.0132
1900 1400 0.0189258 1.09864 7.45475 6.01427
1900 1500 0.0182226 1.08939 7.42952 6.00337
1900 1600 0.0170366 1.07441 7.40196 5.98596
1900 1700 0.0177355 1.05818 7.35902 5.96455
1900 1800 0.0161173 1.06452 7.37398 5.9746
1900 500 0.0108866 1.11859 7.50949 6.05172
1900 600 0.013738 1.12573 7.53284 6.06652
1900 700 0.0142689 1.11487 7.50248 6.04958
1900 800 0.0161175 1.11051 7.48891 6.03665
1900 900 0.0148435 1.10481 7.47297 6.02346
2000 1000 0.0159118 1.10453 7.47289 6.02352
2000 1100 0.0175387 1.10152 7.4643 6.01646
2000 1200 0.0162572 1.09884 7.45507 6.01447
2000 1300 0.0151239 1.0975 7.45222 6.01575
2000 1400 0.0167938 1.0957 7.4489 6.01345
2000 1500 0.016712 1.09305 7.44097 6.01192
2000 1600 0.0161311 1.08887 7.42833 6.00064
2000 1700 0.016695 1.07776 7.40878 5.99039
2000 1800 0.0159945 1.05827 7.35929 5.9643
2000 1900 0.0146899 1.07394 7.40113 5.98503
2000 500 0.01005 1.11533 7.5029 6.04842
2000 600 0.0104765 1.12256 7.52134 6.06478
2000 700 0.0133103 1.12827 7.53999 6.07361
2000 800 0.0129368 1.11414 7.50325 6.04868
2000 900 0.0164803 1.11289 7.49825 6.04339
2100 1000 0.0136142 1.11023 7.48767 6.03513
2100 1100 0.0138517 1.10644 7.47882 6.02625
2100 1200 0.0141556 1.10363 7.46958 6.02283
2100 1300 0.0164262 1.09824 7.45492 6.01593
2100 1400 0.0154649 1.10523 7.47451 6.02233
2100 1500 0.015411 1.10024 7.46038 6.01577
2100 1600 0.0146381 1.10024 7.46038 6.01577
2100 1700 0.0166253 1.0934 7.44133 6.01256
2100 1800 0.0174321 1.08086 7.40911 5.98962
2100 1900 0.0139132 1.06063 7.36525 5.96913
2100 2000 0.0130502 1.06292 7.36953 5.97174
2100 500 0.0105434 1.1248 7.5283 6.06623
2100 600 0.0108667 1.12561 7.53201 6.06628
2100 700 0.013681 1.12138 7.51722 6.05952
2100 800 0.013973 1.11873 7.5101 6.05246
2100 900 0.0150204 1.11703 7.50367 6.05189
2200 1000 0.0152629 1.11341 7.50026 6.04338
2200 1100 0.0157521 1.11074 7.4884 6.03639
2200 1200 0.0142747 1.11595 7.50138 6.05061
2200 1300 0.0151093 1.11354 7.50072 6.04444
2200 1400 0.0145356 1.1047 7.47319 6.02322
2200 1500 0.0176338 1.10098 7.46209 6.01683
2200 1600 0.0167828 1.10214 7.46679 6.0172
2200 1700 0.0148872 1.09566 7.44858 6.01298
2200 1800 0.0166018 1.09113 7.43425 6.00786
2200 1900 0.0163444 1.07696 7.40668 5.9895
2200 2000 0.0161103 1.06243 7.3693 5.97058
2200 2100 0.0137027 1.06708 7.38192 5.97761
2200 500 0.010035 1.12691 7.53711 6.06968
2200 600 0.0120243 1.12806 7.53905 6.07437
2200 700 0.012269 1.12639 7.5357 6.06646
2200 800 0.0129215 1.12589 7.53369 6.06631
2200 900 0.0131656 1.12712 7.53754 6.06979
2300 1000 0.0130153 1.12158 7.51743 6.06095
2300 1100 0.0121765 1.11911 7.50961 6.05334
2300 1200 0.0141225 1.12595 7.53467 6.06668
2300 1300 0.0125591 1.10721 7.48072 6.02786
2300 1400 0.0139508 1.11067 7.48887 6.03705
2300 1500 0.0122738 1.10574 7.47682 6.02366
2300 1600 0.0140189 1.10258 7.46736 6.01807
2300 1700 0.0149024 1.10153 7.4644 6.01629
2300 1800 0.0146559 1.10042 7.46073 6.01568
2300 1900 0.0163011 1.09272 7.43855 6.01138
2300 2000 0.0156383 1.0793 7.4109 5.9909
2300 2100 0.0146376 1.05999 7.36385 5.96755
2300 2200 0.0135147 1.06964 7.39094 5.98199
2300 500 0.0102328 1.12207 7.52013 6.06333
2300 600 0.0124937 1.13313 7.55967 6.08561
2300 700 0.0112564 1.12841 7.54074 6.07271
2300 800 0.0126393 1.13255 7.55757 6.08458
2300 900 0.0121884 1.13048 7.54757 6.07786
2400 1000 0.0143592 1.12905 7.54342 6.07531
2400 1100 0.016056 1.12574 7.53313 6.06685
2400 1200 0.0137757 1.12297 7.52044 6.06515
2400 1300 0.0116988 1.12335 7.52253 6.06284
2400 1400 0.012565 1.11905 7.51009 6.05333
2400 1500 0.0128356 1.10892 7.48386 6.03125
2400 1600 0.013903 1.10805 7.48366 6.03009
2400 1700 0.0137167 1.10395 7.47117 6.02277
2400 1800 0.0155438 1.10175 7.46507 6.01724
2400 1900 0.0119628 1.10065 7.46214 6.01638
2400 2000 0.0125277 1.09105 7.43365 6.00807
2400 2100 0.0140785 1.07825 7.41096 5.99094
2400 2200 0.0140166 1.06341 7.37138 5.97364
2400 2300 0.0129869 1.06566 7.37522 5.97589
2400 500 0.0088853 1.1185 7.50866 6.05073
2400 600 0.0116771 1.12925 7.54355 6.07671
2400 700 0.010645 1.13087 7.5485 6.07673
2400 800 0.0118524 1.11831 7.5085 6.05123
2400 900 0.0109477 1.12404 7.52576 6.06445
2500 1000 0.0112856 1.12729 7.53703 6.06954
2500 1100 0.0138438 1.1273 7.53721 6.06985
2500 1200 0.0138654 1.13531 7.57539 6.09
2500 1300 0.0136456 1.12147 7.51764 6.06006
2500 1400 0.011037 1.12111 7.51769 6.05878
2500 1500 0.012633 1.11908 7.50993 6.05323
2500 1600 0.0111471 1.10619 7.47848 6.02514
2500 1700 0.0134474 1.11089 7.48912 6.03692
2500 1800 0.0125304 1.10247 7.46735 6.01768
2500 1900 0.0152773 1.10362 7.46963 6.02318
2500 2000 0.01284 1.1059 7.4774 6.02296
2500 2100 0.0128852 1.09556 7.44878 6.01371
2500 2200 0.0139075 1.08171 7.41266 5.99113
2500 2300 0.01367 1.06584 7.37653 5.97633
2500 2400 0.0114471 1.06468 7.37414 5.97501
2500 500 0.0103283 1.12342 7.52231 6.06296
2500 600 0.0116696 1.12989 7.5451 6.0774
2500 700 0.0133321 1.12299 7.52077 6.06489
2500 800 0.0125716 1.13862 7.58691 6.09224
2500 900 0.0146705 1.13428 7.56283 6.08747
600 500 0.0165266 1.08458 7.41949 5.99457
700 500 0.0170069 1.05093 7.34838 5.95764
700 600 0.0191673 1.05937 7.3626 5.96686
800 500 0.0165328 1.07272 7.39725 5.98614
800 600 0.0207718 1.05026 7.34571 5.95566
800 700 0.0201522 1.06488 7.37467 5.97561
900 500 0.0167367 1.08134 7.41226 5.98984
900 600 0.0179576 1.07064 7.39447 5.984
900 700 0.0199838 1.05609 7.35498 5.96208
900 800 0.0215239 1.05721 7.35789 5.96488
