1000 600 0.0194467 1.08646 7.42103 5.99769
1000 700 0.0180869 1.08062 7.41268 5.98962
1000 800 0.0219696 1.06125 7.36766 5.9703
1000 900 0.0177269 1.05172 7.35026 5.95947
1100 1000 0.023269 1.05885 7.36076 5.96578
1100 600 0.0144133 1.08986 7.43068 6.00466
1100 700 0.0197437 1.08644 7.42055 5.99787
1100 800 0.0204721 1.07085 7.39425 5.98425
1100 900 0.0204354 1.05246 7.35306 5.96079
1200 1000 0.0188135 1.05603 7.35498 5.96227
1200 1100 0.021813 1.05795 7.35895 5.96445
1200 600 0.0184782 1.09346 7.44146 6.01301
1200 700 0.0161973 1.08901 7.4287 6.00075
1200 800 0.0183247 1.08031 7.4072 5.99214
1200 900 0.0217074 1.07165 7.39456 5.98471
1300 1000 0.0224914 1.07418 7.40191 5.98545
1300 1100 0.0218981 1.05841 7.36029 5.96448
1300 1200 0.0201508 1.06972 7.39141 5.98275
1300 600 0.0139064 1.10116 7.46266 6.01674
1300 700 0.0191537 1.09457 7.44618 6.01386
1300 800 0.020117 1.08882 7.42853 6.00016
1300 900 0.0179342 1.08556 7.41915 5.99578
1400 1000 0.0180894 1.07767 7.40818 5.99085
1400 1100 0.0219198 1.07192 7.39545 5.98525
1400 1200 0.0218597 1.0571 7.3577 5.96442
1400 1300 0.0191136 1.05624 7.35497 5.96268
1400 600 0.0154823 1.10429 7.47117 6.02306
1400 700 0.0183925 1.1042 7.47123 6.02293
1400 800 0.0198422 1.09328 7.44188 6.01219
1400 900 0.0210879 1.08808 7.42581 6.00034
1500 1000 0.0223665 1.09422 7.44505 6.01488
1500 1100 0.0223057 1.08477 7.41866 5.99286
1500 1200 0.018178 1.07301 7.39839 5.98613
1500 1300 0.0237033 1.0552 7.35322 5.9624
1500 1400 0.0181961 1.06518 7.37501 5.9755
1500 600 0.0142444 1.10543 7.47377 6.02325
1500 700 0.0147537 1.09814 7.4545 6.01484
1500 800 0.0175394 1.10388 7.47062 6.02269
1500 900 0.0181535 1.0945 7.44642 6.01351
1600 1000 0.0155856 1.08946 7.42922 6.00414
1600 1100 0.0198467 1.09629 7.44969 6.01309
1600 1200 0.0192929 1.08742 7.42346 5.99802
1600 1300 0.0190919 1.0732 7.39907 5.98625
1600 1400 0.0216303 1.06366 7.37169 5.97341
1600 1500 0.0169401 1.06445 7.3736 5.97454
1600 600 0.0111665 1.09489 7.44685 6.01363
1600 700 0.0176174 1.10556 7.47496 6.02399
1600 800 0.0160209 1.08962 7.43024 6.0039
1600 900 0.0166071 1.10078 7.46185 6.01699
1700 1000 0.0174531 1.09951 7.45767 6.01357
1700 1100 0.0183164 1.09799 7.45462 6.01608
1700 1200 0.0192944 1.09112 7.43417 6.00802
1700 1300 0.0205298 1.08961 7.4304 6.0039
1700 1400 0.0179794 1.08177 7.41245 5.99116
1700 1500 0.0186316 1.05877 7.36034 5.96565
1700 1600 0.0145772 1.06611 7.37909 5.97661
1700 600 0.0114552 1.10046 7.46107 6.01558
1700 700 0.0149289 1.11176 7.49224 6.03973
1700 800 0.0184979 1.10214 7.46679 6.0172
1700 900 0.0141046 1.10489 7.47271 6.02335
1800 1000 0.0143844 1.1055 7.47476 6.02441
1800 1100 0.0182598 1.09981 7.45941 6.01412
1800 1200 0.0189733 1.0927 7.43843 6.01119
1800 1300 0.0177203 1.09285 7.43986 6.01224
1800 1400 0.0187778 1.09345 7.44146 6.0129
1800 1500 0.0147553 1.07129 7.39363 5.98432
1800 1600 0.0200183 1.05661 7.35603 5.96328
1800 1700 0.0148632 1.06251 7.36965 5.97086
1800 600 0.0116853 1.10785 7.48205 6.02876
1800 700 0.0136862 1.11276 7.49749 6.0433
1800 800 0.0174359 1.10213 7.46667 6.01699
1800 900 0.0147185 1.10482 7.47288 6.02365
1900 1000 0.0156659 1.09778 7.45261 6.01534
1900 1100 0.0160742 1.11019 7.48731 6.03498
1900 1200 0.0162233 1.11196 7.49448 6.0404
1900 1300 0.0141339 1.09426 7.44531 6.01512
1900 1400 0.0194268 1.09467 7.44639 6.01334
1900 1500 0.0186291 1.08804 7.42582 5.99969
1900 1600 0.0164961 1.07434 7.40195 5.98525
1900 1700 0.0160746 1.07139 7.39437 5.98464
1900 1800 0.0167081 1.0714 7.39457 5.98457
1900 600 0.0150062 1.12081 7.5179 6.05851
1900 700 0.0118717 1.11958 7.51112 6.05402
1900 800 0.0150596 1.11188 7.49409 6.04101
1900 900 0.0172965 1.11293 7.49842 6.04326
2000 1000 0.0182262 1.10585 7.47713 6.02291
2000 1100 0.0145182 1.0988 7.45523 6.01433
2000 1200 0.0120642 1.10182 7.46532 6.01699
2000 1300 0.0150831 1.10291 7.46846 6.01972
2000 1400 0.0160345 1.10247 7.46735 6.01768
2000 1500 0.0149661 1.09696 7.45016 6.01401
2000 1600 0.0152404 1.09264 7.43869 6.01085
2000 1700 0.0176426 1.07773 7.40874 5.99048
2000 1800 0.0186694 1.0568 7.35727 5.96331
2000 1900 0.0157949 1.07475 7.40279 5.98627
2000 600 0.0117619 1.12443 7.52791 6.06418
2000 700 0.0141977 1.1233 7.52259 6.06321
2000 800 0.0136697 1.13037 7.54736 6.07727
2000 900 0.0146709 1.11209 7.49343 6.04146
2100 1000 0.0149303 1.10626 7.47899 6.02543
2100 1100 0.0152699 1.11668 7.5035 6.0508
2100 1200 0.0142878 1.11178 7.49238 6.03974
2100 1300 0.0164315 1.10876 7.48378 6.0311
2100 1400 0.0156536 1.10534 7.47418 6.02303
2100 1500 0.0167215 1.09411 7.44524 6.01465
2100 1600 0.0149051 1.09333 7.44157 6.01243
2100 1700 0.015821 1.0925 7.43811 6.0103
2100 1800 0.0165297 1.07859 7.41107 5.99138
2100 1900 0.0145771 1.06217 7.36831 5.97077
2100 2000 0.0145961 1.06897 7.38865 5.97986
2100 600 0.0124713 1.1179 7.50577 6.04961
2100 700 0.012137 1.11983 7.51284 6.05477
2100 800 0.013561 1.11489 7.5025 6.04942
2100 900 0.0144577 1.12148 7.51734 6.06012
2200 1000 0.0126284 1.12729 7.53703 6.06954
2200 1100 0.0122761 1.10988 7.48823 6.03555
2200 1200 0.0148719 1.10351 7.46909 6.02317
2200 1300 0.0133138 1.10896 7.48387 6.03149
2200 1400 0.013438 1.09677 7.44983 6.01382
2200 1500 0.0155368 1.10467 7.47309 6.02283
2200 1600 0.0131568 1.09694 7.45064 6.0145
2200 1700 0.0147734 1.10653 7.47882 6.02559
2200 1800 0.0145049 1.09776 7.45278 6.01519
2200 1900 0.0165266 1.0833 7.41881 5.99252
2200 2000 0.0165741 1.06455 7.3738 5.97452
2200 2100 0.0125409 1.07138 7.39433 5.98462
2200 600 0.0091824 1.1275 7.53846 6.07152
2200 700 0.0126474 1.11875 7.50999 6.05245
2200 800 0.0122459 1.11525 7.50277 6.04858
2200 900 0.013264 1.12357 7.52308 6.06255
2300 1000 0.0155354 1.12222 7.51987 6.06438
2300 1100 0.0149427 1.11633 7.50217 6.05132
2300 1200 0.0139501 1.11965 7.51127 6.05451
2300 1300 0.0145523 1.11305 7.49847 6.04371
2300 1400 0.0134087 1.11591 7.50184 6.05094
2300 1500 0.0136503 1.10622 7.4786 6.02586
2300 1600 0.0142578 1.11119 7.49082 6.03822
2300 1700 0.0145117 1.09484 7.44701 6.0133
2300 1800 0.0150229 1.10239 7.46723 6.01749
2300 1900 0.0146691 1.09458 7.44609 6.01375
2300 2000 0.0159067 1.08096 7.4092 5.99002
2300 2100 0.0156741 1.05835 7.35971 5.9645
2300 2200 0.0130278 1.07351 7.40116 5.98781
2300 600 0.00954165 1.12376 7.52419 6.06349
2300 700 0.0121185 1.12437 7.52771 6.06371
2300 800 0.0106795 1.1238 7.52475 6.06348
2300 900 0.0152354 1.13544 7.57586 6.09112
2400 1000 0.0143763 1.13322 7.56028 6.08617
2400 1100 0.0137682 1.12229 7.51972 6.06418
2400 1200 0.0115424 1.12414 7.52591 6.06377
2400 1300 0.0132206 1.1227 7.52215 6.06483
2400 1400 0.0146489 1.11611 7.50192 6.05105
2400 1500 0.0141517 1.11558 7.50255 6.04991
2400 1600 0.0126434 1.10473 7.4727 6.0235
2400 1700 0.0139369 1.1076 7.4808 6.0283
2400 1800 0.0148233 1.09924 7.45727 6.01324
2400 1900 0.0151424 1.09795 7.45465 6.01573
2400 2000 0.0132422 1.10098 7.46209 6.01683
2400 2100 0.0133441 1.08266 7.41791 5.99176
2400 2200 0.0121261 1.06011 7.3638 5.96791
2400 2300 0.0114011 1.06751 7.38314 5.97833
2400 600 0.0112897 1.15496 7.65171 6.12855
2400 700 0.0107214 1.1461 7.60993 6.10989
2400 800 0.0129652 1.12804 7.53895 6.07476
2400 900 0.0111917 1.13212 7.55618 6.08069
2500 1000 0.0129589 1.12365 7.52305 6.06248
2500 1100 0.0100167 1.12754 7.53832 6.07187
2500 1200 0.0103003 1.12887 7.54286 6.07562
2500 1300 0.010124 1.12316 7.52168 6.06456
2500 1400 0.0127531 1.12291 7.52069 6.06465
2500 1500 0.014488 1.11297 7.49844 6.04296
2500 1600 0.0140499 1.11636 7.50224 6.05128
2500 1700 0.0118428 1.10889 7.48357 6.03157
2500 1800 0.0122255 1.1061 7.47819 6.02471
2500 1900 0.0139493 1.0943 7.445 6.01423
2500 2000 0.0133355 1.09638 7.4496 6.01246
2500 2100 0.0128827 1.09516 7.44772 6.0135
2500 2200 0.0125644 1.0889 7.42819 6.00032
2500 2300 0.0139752 1.06253 7.36939 5.97098
2500 2400 0.013097 1.08884 7.42828 6.00068
2500 600 0.0101685 1.12661 7.53645 6.06951
2500 700 0.00964853 1.1321 7.55638 6.08071
2500 800 0.0144917 1.12995 7.54524 6.07733
2500 900 0.0116269 1.13465 7.5675 6.08697
700 600 0.016821 1.0872 7.42267 5.99813
800 600 0.0173837 1.07593 7.40335 5.9881
800 700 0.0172903 1.06408 7.3734 5.97361
900 600 0.0170787 1.06867 7.38813 5.98021
900 700 0.0203103 1.06347 7.37142 5.97368
900 800 0.0217542 1.06121 7.36771 5.97029
