1000 700 0.0167736 1.07586 2.79614 2.97546
1000 800 0.0162072 1.0605 2.79965 2.96807
1000 900 0.0180517 1.0891 2.79349 2.98151
1100 1000 0.0203428 1.09515 2.79266 2.98622
1100 700 0.0152424 1.09246 2.79207 2.98251
1100 800 0.0180112 1.08411 2.79214 2.97972
1100 900 0.0183776 1.0672 2.79854 2.96959
1200 1000 0.0220945 1.07606 2.79615 2.97533
1200 1100 0.0187476 1.0758 2.79582 2.97524
1200 700 0.0159373 1.09363 2.79241 2.98401
1200 800 0.017613 1.10114 2.79198 2.99048
1200 900 0.0190545 1.07658 2.795 2.97511
1300 1000 0.0201008 1.08549 2.79399 2.97997
1300 1100 0.0202096 1.06065 2.79987 2.96805
1300 1200 0.0184393 1.05863 2.79984 2.96732
1300 700 0.0158382 1.11062 2.789 2.99687
1300 800 0.0174895 1.09539 2.79279 2.98637
1300 900 0.0182315 1.09237 2.79189 2.98225
1400 1000 0.0192625 1.0851 2.79331 2.98
1400 1100 0.0199207 1.07348 2.79741 2.97429
1400 1200 0.0199288 1.0574 2.80074 2.96759
1400 1300 0.0161608 1.066 2.80025 2.97021
1400 700 0.0154046 1.09461 2.79281 2.98566
1400 800 0.0190024 1.09165 2.79172 2.98134
1400 900 0.0173914 1.09249 2.79215 2.98264
1500 1000 0.0176617 1.09535 2.79281 2.98622
1500 1100 0.0194527 1.08669 2.79389 2.98076
1500 1200 0.0199642 1.07891 2.79417 2.97447
1500 1300 0.0181079 1.06091 2.79974 2.96832
1500 1400 0.0169053 1.08002 2.79275 2.97588
1500 700 0.0149019 1.09813 2.79368 2.98899
1500 800 0.018042 1.09488 2.79282 2.98601
1500 900 0.0178643 1.09696 2.79313 2.98735
1600 1000 0.0182455 1.09088 2.7922 2.98094
1600 1100 0.0168366 1.09511 2.7927 2.98628
1600 1200 0.0214195 1.08565 2.79388 2.97999
1600 1300 0.018599 1.07521 2.79625 2.97604
1600 1400 0.0184703 1.06038 2.79981 2.96773
1600 1500 0.0171794 1.07217 2.79826 2.97277
1600 700 0.0145071 1.10777 2.7897 2.99474
1600 800 0.0150637 1.0938 2.79248 2.9843
1600 900 0.0172525 1.1102 2.78871 2.99566
1700 1000 0.0186403 1.09424 2.7935 2.98523
1700 1100 0.0165647 1.0985 2.7935 2.98853
1700 1200 0.0161312 1.09745 2.79311 2.98832
1700 1300 0.0201469 1.09014 2.79359 2.9816
1700 1400 0.0193301 1.08033 2.7929 2.97626
1700 1500 0.0167828 1.06009 2.79974 2.96789
1700 1600 0.015825 1.06668 2.79925 2.9698
1700 700 0.0159379 1.11371 2.79065 2.99917
1700 800 0.0174011 1.10588 2.79036 2.99431
1700 900 0.01696 1.09727 2.79314 2.98867
1800 1000 0.016865 1.10186 2.79169 2.99149
1800 1100 0.0166469 1.09652 2.79348 2.98714
1800 1200 0.0164036 1.09481 2.79267 2.98564
1800 1300 0.0186211 1.09353 2.79219 2.98392
1800 1400 0.0191559 1.09724 2.79318 2.98881
1800 1500 0.0181774 1.08168 2.79119 2.9763
1800 1600 0.0178056 1.06309 2.79965 2.96937
1800 1700 0.0156569 1.07866 2.79397 2.97447
1800 700 0.015656 1.10679 2.79061 2.99513
1800 800 0.0144679 1.11377 2.79076 2.99899
1800 900 0.0194714 1.10443 2.79315 2.99408
1900 1000 0.0176908 1.09695 2.79307 2.98736
1900 1100 0.0174228 1.10819 2.78986 2.99518
1900 1200 0.015257 1.09835 2.79352 2.98912
1900 1300 0.0158281 1.0906 2.79257 2.98128
1900 1400 0.0175564 1.09433 2.79341 2.98515
1900 1500 0.0179947 1.09297 2.79182 2.98267
1900 1600 0.0158623 1.08197 2.79089 2.97622
1900 1700 0.0154653 1.05906 2.79982 2.96745
1900 1800 0.0163869 1.06772 2.79948 2.97019
1900 700 0.0122875 1.13406 2.79344 3.01518
1900 800 0.0162259 1.11501 2.79155 3.00002
1900 900 0.0140565 1.10816 2.78982 2.99497
2000 1000 0.0156455 1.1044 2.79288 2.99395
2000 1100 0.0148729 1.116 2.7913 3.00081
2000 1200 0.01558 1.10655 2.79007 2.99518
2000 1300 0.0143189 1.11183 2.7892 2.99646
2000 1400 0.0164741 1.09538 2.7928 2.98631
2000 1500 0.015874 1.10129 2.79234 2.99074
2000 1600 0.0178337 1.09595 2.79305 2.98683
2000 1700 0.0164796 1.07892 2.79404 2.97426
2000 1800 0.0165872 1.0623 2.79942 2.96848
2000 1900 0.0144069 1.0735 2.7976 2.97445
2000 700 0.0139835 1.13935 2.78095 3.01805
2000 800 0.0137089 1.116 2.7913 3.00081
2000 900 0.0147723 1.11281 2.79006 2.99736
2100 1000 0.0177516 1.11241 2.79003 2.99699
2100 1100 0.0157627 1.1101 2.78874 2.9957
2100 1200 0.0174711 1.10265 2.79248 2.99201
2100 1300 0.0153522 1.10242 2.79251 2.99186
2100 1400 0.0155582 1.09679 2.79323 2.98721
2100 1500 0.0134624 1.10064 2.79199 2.98973
2100 1600 0.0161138 1.09457 2.79292 2.98555
2100 1700 0.0145785 1.09261 2.79197 2.98205
2100 1800 0.0144276 1.07961 2.79281 2.97512
2100 1900 0.0150579 1.07133 2.7983 2.97252
2100 2000 0.0141316 1.07755 2.794 2.97506
2100 700 0.0128556 1.11577 2.79123 3.00037
2100 800 0.0112568 1.13356 2.79441 3.01501
2100 900 0.0137791 1.1202 2.78974 3.00228
2200 1000 0.0139323 1.11683 2.78993 3.001
2200 1100 0.0160294 1.11569 2.79158 3.00013
2200 1200 0.0136783 1.11388 2.79066 2.99887
2200 1300 0.0150508 1.101 2.79188 2.9905
2200 1400 0.0145957 1.09972 2.79331 2.98982
2200 1500 0.0157794 1.10327 2.79131 2.99217
2200 1600 0.0142205 1.09658 2.79335 2.98721
2200 1700 0.0154676 1.09887 2.7936 2.98864
2200 1800 0.0140684 1.0922 2.79182 2.9823
2200 1900 0.0134194 1.07807 2.7941 2.97433
2200 2000 0.0165439 1.06675 2.79912 2.96985
2200 2100 0.0143724 1.06426 2.80033 2.96978
2200 700 0.0128408 1.11668 2.79058 3.00172
2200 800 0.0138177 1.12815 2.79166 3.00661
2200 900 0.0135553 1.11697 2.78971 3.00068
2300 1000 0.0125777 1.12383 2.79071 3.00495
2300 1100 0.0120668 1.12301 2.78935 3.00374
2300 1200 0.0132594 1.11356 2.79105 2.99942
2300 1300 0.0156075 1.11643 2.79074 3.00136
2300 1400 0.0134805 1.11187 2.78934 2.99641
2300 1500 0.0137177 1.10424 2.79252 2.99366
2300 1600 0.0151974 1.11127 2.78882 2.9956
2300 1700 0.0147161 1.09963 2.79322 2.98966
2300 1800 0.0133495 1.10103 2.79191 2.99029
2300 1900 0.0135189 1.09208 2.792 2.98214
2300 2000 0.0168448 1.08314 2.79172 2.97847
2300 2100 0.0149164 1.06205 2.79958 2.96812
2300 2200 0.0122707 1.07144 2.79881 2.97249
2300 700 0.0110516 1.13458 2.79357 3.01652
2300 800 0.0126287 1.13474 2.79313 3.01611
2300 900 0.013385 1.12267 2.78911 3.00256
2400 1000 0.0143101 1.12482 2.79179 3.00594
2400 1100 0.0120306 1.13245 2.79465 3.01429
2400 1200 0.012311 1.12678 2.79144 3.00504
2400 1300 0.0123605 1.12611 2.79155 3.00579
2400 1400 0.0134181 1.11856 2.79007 3.00219
2400 1500 0.0112046 1.11441 2.79095 2.99936
2400 1600 0.0132907 1.10895 2.7892 2.99476
2400 1700 0.0120163 1.1037 2.79174 2.99342
2400 1800 0.0148953 1.10173 2.79193 2.99105
2400 1900 0.0129135 1.0958 2.79291 2.98653
2400 2000 0.0138786 1.09152 2.79182 2.9813
2400 2100 0.0137429 1.07974 2.79263 2.97547
2400 2200 0.0149806 1.06897 2.79853 2.97116
2400 2300 0.0137972 1.06467 2.80034 2.9696
2400 700 0.0122358 1.13236 2.79476 3.01405
2400 800 0.0114851 1.13702 2.79149 3.01716
2400 900 0.0120318 1.127 2.79182 3.00578
2500 1000 0.0126724 1.12907 2.79124 3.00717
2500 1100 0.0108663 1.13269 2.79445 3.01458
2500 1200 0.0124933 1.12798 2.79103 3.00605
2500 1300 0.0111313 1.12302 2.78942 3.00386
2500 1400 0.0108296 1.12691 2.79166 3.00534
2500 1500 0.0115603 1.11725 2.78921 3.00095
2500 1600 0.0133265 1.11885 2.78976 3.0021
2500 1700 0.0125675 1.1086 2.78944 2.99454
2500 1800 0.0114355 1.10503 2.79208 2.99401
2500 1900 0.0143838 1.10128 2.79232 2.9906
2500 2000 0.0131466 1.09654 2.79343 2.9872
2500 2100 0.0119548 1.09242 2.79204 2.98259
2500 2200 0.0131793 1.0824 2.79097 2.97751
2500 2300 0.0126979 1.06788 2.79993 2.97035
2500 2400 0.0114094 1.07448 2.79629 2.97456
2500 700 0.0110295 1.14002 2.78082 3.01831
2500 800 0.0125127 1.13693 2.79158 3.01707
2500 900 0.0127321 1.14259 2.78604 3.02116
800 700 0.0121416 1.12123 2.79028 3.00255
900 700 0.0172569 1.09597 2.79305 2.98678
900 800 0.0150995 1.07669 2.79498 2.97497
