1000 700 0.0199112 1.06238 7.36926 5.97052
1000 800 0.0186004 1.05064 7.34774 5.95683
1000 900 0.020717 1.0512 7.34808 5.95784
1100 1000 0.0228174 1.05581 7.35421 5.96197
1100 700 0.0184986 1.08335 7.41873 5.99283
1100 800 0.0204717 1.07503 7.40223 5.98833
1100 900 0.021103 1.04849 7.34444 5.95495
1200 1000 0.0240024 1.05351 7.35291 5.96149
1200 1100 0.0213629 1.06215 7.36847 5.97121
1200 700 0.0183619 1.08208 7.41351 5.99134
1200 800 0.020169 1.082 7.41334 5.99135
1200 900 0.0210505 1.07102 7.39418 5.98422
1300 1000 0.0220241 1.06906 7.38984 5.98012
1300 1100 0.0229725 1.05623 7.35485 5.96263
1300 1200 0.0201628 1.05682 7.35732 5.96366
1300 700 0.0170171 1.09117 7.43383 6.00807
1300 800 0.0195079 1.08841 7.42678 6.00064
1300 900 0.0200518 1.08371 7.41913 5.99231
1400 1000 0.0212659 1.0835 7.41881 5.99208
1400 1100 0.0216446 1.07064 7.39447 5.984
1400 1200 0.0213868 1.05613 7.35481 5.96218
1400 1300 0.0186358 1.06944 7.39143 5.9813
1400 700 0.0163185 1.09362 7.44277 6.01431
1400 800 0.0202914 1.09048 7.4321 6.00571
1400 900 0.0189529 1.09684 7.45 6.01411
1500 1000 0.0194006 1.08955 7.43022 6.00395
1500 1100 0.0211978 1.08433 7.41822 5.99414
1500 1200 0.0206936 1.07385 7.40087 5.98688
1500 1300 0.0194929 1.05652 7.35571 5.96338
1500 1400 0.0182009 1.07324 7.39919 5.98641
1500 700 0.0159322 1.09275 7.43868 6.01163
1500 800 0.0193172 1.09212 7.4377 6.00973
1500 900 0.0187778 1.09101 7.43342 6.00769
1600 1000 0.0188936 1.09001 7.43118 6.00476
1600 1100 0.0183902 1.0958 7.44963 6.01367
1600 1200 0.022974 1.08547 7.41913 5.99553
1600 1300 0.0196009 1.07433 7.40194 5.98532
1600 1400 0.0201875 1.05781 7.35911 5.96492
1600 1500 0.0182097 1.06422 7.37268 5.9736
1600 700 0.015406 1.10011 7.45987 6.01472
1600 800 0.0166102 1.09374 7.44295 6.01358
1600 900 0.018173 1.09754 7.45234 6.01594
1700 1000 0.0196419 1.09301 7.44059 6.01206
1700 1100 0.0180298 1.09762 7.45243 6.01565
1700 1200 0.0171469 1.09479 7.44679 6.01365
1700 1300 0.0217898 1.09094 7.43301 6.00748
1700 1400 0.0200521 1.0802 7.40678 5.99014
1700 1500 0.0175268 1.05702 7.35759 5.96448
1700 1600 0.0171954 1.06053 7.36535 5.96882
1700 700 0.0166819 1.1058 7.47663 6.02362
1700 800 0.0189693 1.10587 7.47718 6.02254
1700 900 0.018242 1.09373 7.44273 6.01387
1800 1000 0.0175874 1.10124 7.46354 6.0169
1800 1100 0.0178541 1.09523 7.44826 6.01368
1800 1200 0.0173312 1.09313 7.44249 6.01227
1800 1300 0.0199911 1.09263 7.43841 6.01069
1800 1400 0.0206427 1.08847 7.42693 6.00041
1800 1500 0.0189069 1.08024 7.41124 5.9924
1800 1600 0.0182625 1.06272 7.36895 5.97105
1800 1700 0.0162019 1.07071 7.39443 5.98355
1800 700 0.0164739 1.10573 7.47643 6.02329
1800 800 0.015749 1.10821 7.48351 6.03031
1800 900 0.0204734 1.10184 7.46581 6.01732
1900 1000 0.0187064 1.09396 7.44431 6.01424
1900 1100 0.0184247 1.10004 7.45961 6.01431
1900 1200 0.0164438 1.0984 7.45466 6.01509
1900 1300 0.016735 1.09219 7.43704 6.00996
1900 1400 0.0182854 1.09243 7.43779 6.01051
1900 1500 0.0186427 1.08785 7.4257 5.99936
1900 1600 0.0167828 1.07845 7.41056 5.99104
1900 1700 0.0164744 1.05543 7.35395 5.96289
1900 1800 0.0171088 1.0668 7.38065 5.97771
1900 700 0.0128396 1.12198 7.5192 6.06295
1900 800 0.0174716 1.10791 7.48254 6.02801
1900 900 0.0148811 1.10004 7.45961 6.01431
2000 1000 0.016559 1.0999 7.45986 6.01484
2000 1100 0.0153153 1.1012 7.46305 6.01644
2000 1200 0.016228 1.10471 7.47297 6.02348
2000 1300 0.0155862 1.11106 7.49024 6.03687
2000 1400 0.0173066 1.09358 7.44234 6.01411
2000 1500 0.016699 1.099 7.45608 6.01394
2000 1600 0.0188423 1.09252 7.43815 6.0104
2000 1700 0.0166636 1.07909 7.41099 5.99198
2000 1800 0.0172136 1.05901 7.36234 5.96657
2000 1900 0.0147825 1.06128 7.36774 5.97053
2000 700 0.0149041 1.12551 7.53246 6.0663
2000 800 0.0144237 1.11701 7.50344 6.0516
2000 900 0.0156853 1.10494 7.47314 6.02246
2100 1000 0.0190327 1.11376 7.50144 6.04666
2100 1100 0.0161316 1.10981 7.48787 6.03416
2100 1200 0.018554 1.10156 7.46443 6.01661
2100 1300 0.0157132 1.10165 7.4646 6.01734
2100 1400 0.0165818 1.09466 7.4464 6.01375
2100 1500 0.014103 1.10005 7.45943 6.01437
2100 1600 0.0167548 1.09005 7.43158 6.00479
2100 1700 0.0147554 1.09077 7.4323 6.00686
2100 1800 0.014516 1.07597 7.40335 5.98848
2100 1900 0.0156033 1.06351 7.37107 5.97348
2100 2000 0.0146695 1.07628 7.40474 5.98921
2100 700 0.0135036 1.11217 7.49415 6.04162
2100 800 0.0120672 1.12317 7.52188 6.06456
2100 900 0.014678 1.12257 7.52136 6.06468
2200 1000 0.0146688 1.11895 7.51024 6.05307
2200 1100 0.0164864 1.11242 7.49579 6.04299
2200 1200 0.0142233 1.11171 7.4919 6.03883
2200 1300 0.0156029 1.10027 7.4605 6.01572
2200 1400 0.0153248 1.09998 7.45957 6.01451
2200 1500 0.0158679 1.10065 7.46214 6.01638
2200 1600 0.0146699 1.0976 7.45237 6.0156
2200 1700 0.0159312 1.09833 7.455 6.01548
2200 1800 0.0146064 1.09042 7.43155 6.00531
2200 1900 0.0139861 1.07839 7.41058 5.99098
2200 2000 0.0169048 1.06206 7.36871 5.97178
2200 2100 0.0147333 1.06215 7.36847 5.97121
2200 700 0.0131063 1.11463 7.50294 6.04938
2200 800 0.0145405 1.12632 7.53568 6.06654
2200 900 0.0142914 1.11833 7.50829 6.05141
2300 1000 0.0133138 1.12216 7.52021 6.06405
2300 1100 0.0128029 1.12169 7.51811 6.06121
2300 1200 0.0136133 1.11338 7.50048 6.04384
2300 1300 0.0161383 1.11067 7.48887 6.03705
2300 1400 0.0140114 1.10894 7.48376 6.03132
2300 1500 0.0144467 1.10384 7.47067 6.02264
2300 1600 0.0156539 1.10688 7.47936 6.02657
2300 1700 0.01535 1.10039 7.4608 6.01619
2300 1800 0.0137918 1.10031 7.46054 6.01558
2300 1900 0.0138728 1.09092 7.43278 6.00754
2300 2000 0.0169404 1.0824 7.41506 5.99086
2300 2100 0.0155711 1.06027 7.36472 5.96817
2300 2200 0.0128227 1.07019 7.39247 5.98266
2300 700 0.012341 1.13368 7.56215 6.08616
2300 800 0.0131666 1.13317 7.55974 6.08661
2300 900 0.01393 1.11946 7.51097 6.05433
2400 1000 0.014767 1.12388 7.52491 6.0641
2400 1100 0.0125756 1.12883 7.54329 6.07585
2400 1200 0.0126649 1.12608 7.53411 6.06702
2400 1300 0.013171 1.1248 7.5283 6.06623
2400 1400 0.0140374 1.11602 7.50241 6.05006
2400 1500 0.0119265 1.11625 7.50222 6.05063
2400 1600 0.0136658 1.10997 7.4882 6.03568
2400 1700 0.0122003 1.10326 7.46872 6.02149
2400 1800 0.0154478 1.10147 7.46464 6.01588
2400 1900 0.013186 1.0958 7.44963 6.01367
2400 2000 0.0144165 1.09131 7.43437 6.00834
2400 2100 0.0141109 1.07954 7.40561 5.99063
2400 2200 0.0151647 1.0584 7.36009 5.96463
2400 2300 0.0138857 1.06068 7.36558 5.96931
2400 700 0.0130538 1.12492 7.52918 6.06591
2400 800 0.0119346 1.12908 7.54313 6.07542
2400 900 0.0125627 1.12356 7.52288 6.06267
2500 1000 0.0132174 1.13027 7.54735 6.0769
2500 1100 0.0114997 1.13264 7.55807 6.08412
2500 1200 0.0130312 1.1268 7.53726 6.07004
2500 1300 0.0118465 1.12089 7.51702 6.05868
2500 1400 0.0111835 1.122 7.51936 6.06297
2500 1500 0.0122009 1.11715 7.50455 6.05133
2500 1600 0.013599 1.11922 7.51166 6.05362
2500 1700 0.0132014 1.10848 7.48407 6.03045
2500 1800 0.0114355 1.10503 7.47368 6.02313
2500 1900 0.0146634 1.10086 7.46263 6.01684
2500 2000 0.0136916 1.0926 7.43845 6.01022
2500 2100 0.0122344 1.09165 7.4342 6.00794
2500 2200 0.0132678 1.08214 7.41352 5.9913
2500 2300 0.0128894 1.06454 7.37382 5.97454
2500 2400 0.0114979 1.07436 7.40192 5.98547
2500 700 0.0114789 1.1319 7.55564 6.08017
2500 800 0.0132351 1.13309 7.55947 6.08626
2500 900 0.0137195 1.13978 7.58863 6.09245
800 700 0.0169142 1.05595 7.35469 5.96227
900 700 0.0202835 1.05146 7.34886 5.95864
900 800 0.0196055 1.05704 7.35745 5.96442
