1000 600 0.0173235 1.07456 7.47707 7.79359
1000 700 0.0221511 1.06685 7.4625 7.76987
1000 800 0.02294 1.05598 7.44761 7.74275
1000 900 0.0217268 1.04968 7.44205 7.73767
1100 1000 0.0182364 1.06223 7.4526 7.75657
1100 600 0.0173441 1.08454 7.50151 7.81188
1100 700 0.0198304 1.08052 7.48747 7.80113
1100 800 0.0224266 1.06941 7.4653 7.77536
1100 900 0.0215204 1.04835 7.44018 7.73738
1200 1000 0.021056 1.05606 7.44741 7.74285
1200 1100 0.0223541 1.05765 7.4469 7.747
1200 600 0.0171908 1.09824 7.52468 7.83149
1200 700 0.0191268 1.09142 7.51223 7.82533
1200 800 0.0212437 1.08029 7.48609 7.80113
1200 900 0.0262311 1.07076 7.46985 7.77939
1300 1000 0.0167276 1.06905 7.46545 7.77484
1300 1100 0.0219545 1.05807 7.44707 7.74992
1300 1200 0.0194527 1.05945 7.44681 7.75353
1300 600 0.0165532 1.09464 7.51934 7.83061
1300 700 0.0171309 1.0938 7.51703 7.83129
1300 800 0.0232573 1.08665 7.50698 7.81616
1300 900 0.0185011 1.09331 7.51511 7.8301
1400 1000 0.0199456 1.08257 7.49649 7.8068
1400 1100 0.0210046 1.07275 7.47445 7.78831
1400 1200 0.0234715 1.06184 7.4541 7.75742
1400 1300 0.0197042 1.06618 7.4618 7.77138
1400 600 0.0141694 1.09473 7.51827 7.82982
1400 700 0.0176132 1.0885 7.50749 7.81593
1400 800 0.017524 1.09713 7.52053 7.83209
1400 900 0.0179398 1.09249 7.51246 7.82821
1500 1000 0.0225672 1.0892 7.50712 7.81983
1500 1100 0.02312 1.08619 7.50714 7.81587
1500 1200 0.0194347 1.08489 7.50134 7.81038
1500 1300 0.0216345 1.06006 7.44902 7.75497
1500 1400 0.0186166 1.06115 7.4505 7.75531
1500 600 0.0154387 1.10005 7.53366 7.83592
1500 700 0.0150349 1.10538 7.55654 7.84978
1500 800 0.0182282 1.09817 7.52448 7.8318
1500 900 0.0218065 1.09634 7.52231 7.83542
1600 1000 0.0189685 1.09595 7.52324 7.83478
1600 1100 0.0195895 1.09309 7.51493 7.82879
1600 1200 0.0198275 1.08475 7.50087 7.81105
1600 1300 0.0206761 1.07188 7.47214 7.78324
1600 1400 0.020311 1.06088 7.4498 7.75565
1600 1500 0.0189075 1.06155 7.45312 7.75736
1600 600 0.0120576 1.1074 7.55877 7.84975
1600 700 0.0165547 1.10306 7.55069 7.84366
1600 800 0.0189749 1.09725 7.52137 7.83341
1600 900 0.0168611 1.10208 7.54183 7.83978
1700 1000 0.0183131 1.10251 7.54587 7.84225
1700 1100 0.0177815 1.09841 7.52479 7.8301
1700 1200 0.0175477 1.09157 7.51168 7.82432
1700 1300 0.01865 1.08396 7.49775 7.80958
1700 1400 0.0185671 1.07239 7.4725 7.78541
1700 1500 0.0199889 1.05778 7.44753 7.74784
1700 1600 0.0142537 1.06806 7.46381 7.77233
1700 600 0.0116192 1.1011 7.53763 7.84016
1700 700 0.0142441 1.10303 7.55061 7.84366
1700 800 0.0198362 1.10198 7.54132 7.83963
1700 900 0.0190613 1.09924 7.53148 7.83369
1800 1000 0.0161418 1.09379 7.51683 7.83144
1800 1100 0.0148294 1.09762 7.52197 7.83069
1800 1200 0.0176039 1.10116 7.53706 7.83973
1800 1300 0.0177316 1.08957 7.50733 7.82051
1800 1400 0.018028 1.08386 7.49837 7.80938
1800 1500 0.0213973 1.07388 7.47475 7.78959
1800 1600 0.0213705 1.06169 7.45321 7.75731
1800 1700 0.0186453 1.06466 7.45706 7.76298
1800 600 0.0145204 1.12355 7.59575 7.89814
1800 700 0.013358 1.1028 7.54811 7.84327
1800 800 0.0153385 1.10112 7.53715 7.83984
1800 900 0.0149337 1.10876 7.56365 7.85596
1900 1000 0.0175514 1.10542 7.55634 7.84912
1900 1100 0.0184247 1.1003 7.53505 7.83811
1900 1200 0.0162797 1.09233 7.51282 7.82748
1900 1300 0.019326 1.09432 7.51958 7.83113
1900 1400 0.0171271 1.0949 7.51811 7.82856
1900 1500 0.0179488 1.08679 7.50749 7.81718
1900 1600 0.0195218 1.08227 7.49391 7.80524
1900 1700 0.0187411 1.05645 7.44769 7.74484
1900 1800 0.0165992 1.06713 7.46243 7.77095
1900 600 0.0155944 1.11794 7.58541 7.88044
1900 700 0.0129173 1.11798 7.58554 7.88011
1900 800 0.0135324 1.11211 7.5723 7.86317
1900 900 0.0162522 1.1111 7.56903 7.86158
2000 1000 0.0178066 1.10759 7.5588 7.84854
2000 1100 0.0184112 1.10523 7.55677 7.8481
2000 1200 0.0147938 1.09221 7.51188 7.82584
2000 1300 0.0179914 1.09436 7.51938 7.83123
2000 1400 0.0147062 1.10305 7.55051 7.8438
2000 1500 0.0148441 1.09454 7.51893 7.83021
2000 1600 0.0164071 1.09765 7.52247 7.83121
2000 1700 0.0191908 1.0794 7.48572 7.8016
2000 1800 0.0165193 1.05818 7.4475 7.74997
2000 1900 0.0156279 1.06585 7.46044 7.76943
2000 600 0.0131082 1.11438 7.5771 7.86667
2000 700 0.0127261 1.11993 7.5853 7.88323
2000 800 0.0159799 1.1154 7.57908 7.87136
2000 900 0.0145634 1.11112 7.56913 7.86154
2100 1000 0.0158363 1.11442 7.57739 7.86701
2100 1100 0.0145891 1.1097 7.56542 7.85817
2100 1200 0.0168234 1.10004 7.53374 7.83604
2100 1300 0.0163207 1.11611 7.57984 7.87393
2100 1400 0.0132658 1.10479 7.55557 7.84828
2100 1500 0.0130957 1.09932 7.53271 7.83479
2100 1600 0.0164921 1.10201 7.54157 7.83949
2100 1700 0.0190757 1.08906 7.50825 7.81971
2100 1800 0.014967 1.08325 7.4979 7.80661
2100 1900 0.0162659 1.05693 7.44977 7.74809
2100 2000 0.0119451 1.06904 7.46529 7.77456
2100 600 0.0110649 1.13306 7.61384 7.91336
2100 700 0.012626 1.13263 7.61238 7.91093
2100 800 0.0161593 1.12306 7.59152 7.8926
2100 900 0.0128318 1.12236 7.59183 7.89039
2200 1000 0.0148942 1.12049 7.58578 7.88282
2200 1100 0.0139154 1.10938 7.5644 7.85709
2200 1200 0.0141829 1.10591 7.55456 7.84898
2200 1300 0.0135867 1.11415 7.57662 7.86642
2200 1400 0.0159411 1.1069 7.55697 7.84899
2200 1500 0.0147025 1.10182 7.54093 7.84
2200 1600 0.0173602 1.09987 7.53304 7.83462
2200 1700 0.0146711 1.09325 7.51456 7.8295
2200 1800 0.0137261 1.09058 7.50606 7.82048
2200 1900 0.016191 1.08297 7.49688 7.80743
2200 2000 0.0156914 1.0602 7.44919 7.75459
2200 2100 0.0122535 1.06262 7.45444 7.76001
2200 600 0.0116275 1.12844 7.60046 7.89999
2200 700 0.0128209 1.12104 7.58778 7.88828
2200 800 0.013249 1.13852 7.62161 7.92034
2200 900 0.0147768 1.11807 7.58487 7.88035
2300 1000 0.0156232 1.12791 7.60022 7.90087
2300 1100 0.0145593 1.12963 7.60412 7.90289
2300 1200 0.013954 1.11772 7.58523 7.8788
2300 1300 0.0145983 1.12266 7.59048 7.88917
2300 1400 0.0151862 1.1089 7.56466 7.85702
2300 1500 0.0128677 1.10788 7.55972 7.84829
2300 1600 0.0134993 1.10237 7.54451 7.84185
2300 1700 0.01537 1.09527 7.5203 7.83062
2300 1800 0.0120341 1.09677 7.52254 7.8347
2300 1900 0.0135165 1.09257 7.51244 7.82798
2300 2000 0.0169165 1.07719 7.48606 7.79934
2300 2100 0.014142 1.05786 7.44683 7.74816
2300 2200 0.011705 1.0763 7.48036 7.7958
2300 600 0.0119448 1.12016 7.58544 7.88342
2300 700 0.0111396 1.12881 7.60251 7.90023
2300 800 0.0107684 1.13721 7.6216 7.91697
2300 900 0.0131368 1.13089 7.60767 7.907
2400 1000 0.010793 1.1384 7.62134 7.9201
2400 1100 0.0123933 1.1341 7.61367 7.91179
2400 1200 0.0114632 1.12686 7.59902 7.89774
2400 1300 0.0140976 1.12022 7.58468 7.88286
2400 1400 0.011069 1.11631 7.5811 7.87614
2400 1500 0.0167791 1.11132 7.5704 7.8618
2400 1600 0.0142756 1.09833 7.52465 7.83066
2400 1700 0.0147923 1.10493 7.55577 7.84905
2400 1800 0.0142588 1.10271 7.54795 7.84264
2400 1900 0.0147368 1.10594 7.55504 7.84957
2400 2000 0.0142126 1.09677 7.52254 7.8347
2400 2100 0.0134834 1.0919 7.51157 7.82479
2400 2200 0.0125582 1.06436 7.45633 7.76265
2400 2300 0.0120189 1.06309 7.45459 7.7587
2400 600 0.00984628 1.12818 7.5999 7.89996
2400 700 0.0122586 1.12759 7.60066 7.90221
2400 800 0.0116655 1.13733 7.62186 7.9172
2400 900 0.0151453 1.12823 7.5999 7.89938
2500 1000 0.0104946 1.14879 7.64171 7.94374
2500 1100 0.0105622 1.13686 7.61961 7.91596
2500 1200 0.0158221 1.12772 7.60058 7.90266
2500 1300 0.0123753 1.12016 7.58544 7.88342
2500 1400 0.0110509 1.12633 7.59863 7.8986
2500 1500 0.0147056 1.1128 7.57198 7.86269
2500 1600 0.0136062 1.10984 7.56602 7.85937
2500 1700 0.0123966 1.11702 7.58629 7.87705
2500 1800 0.0155632 1.10027 7.53503 7.83807
2500 1900 0.0105248 1.10377 7.55326 7.84654
2500 2000 0.0135547 1.09618 7.52347 7.83571
2500 2100 0.0129843 1.0879 7.50596 7.81446
2500 2200 0.012847 1.08427 7.49898 7.80983
2500 2300 0.0128889 1.06157 7.45349 7.75752
2500 2400 0.0123227 1.08437 7.49973 7.81087
2500 600 0.0106869 1.14857 7.6406 7.9428
2500 700 0.0113735 1.13301 7.6143 7.91326
2500 800 0.0133067 1.14821 7.63899 7.94294
2500 900 0.0113691 1.13539 7.62034 7.91729
700 600 0.0151228 1.07527 7.47797 7.79444
800 600 0.0200946 1.04979 7.44222 7.73735
800 700 0.021852 1.04828 7.43999 7.73759
900 600 0.016999 1.07188 7.47214 7.78324
900 700 0.0217196 1.06909 7.46511 7.77469
900 800 0.0197133 1.04909 7.44141 7.73838
