1000 700 0.0167736 1.07586 5.2278 3.78522
1000 800 0.0162072 1.0605 5.20118 3.77319
1000 900 0.0185087 1.06785 5.21332 3.78056
1100 1000 0.0205198 1.08359 5.24158 3.79107
1100 700 0.0153308 1.08989 5.25026 3.79898
1100 800 0.0181068 1.0838 5.24248 3.79127
1100 900 0.0186501 1.06678 5.21144 3.7802
1200 1000 0.0221829 1.07308 5.22343 3.78398
1200 1100 0.0191086 1.06874 5.2144 3.78217
1200 700 0.0159373 1.09363 5.25749 3.80216
1200 800 0.017613 1.09812 5.26313 3.80456
1200 900 0.0190545 1.07658 5.23006 3.78604
1300 1000 0.0201008 1.08549 5.24326 3.79232
1300 1100 0.0202981 1.06055 5.2014 3.77334
1300 1200 0.0186163 1.05644 5.19909 3.77076
1300 700 0.0158382 1.10723 5.28318 3.81353
1300 800 0.0174895 1.09539 5.25851 3.80166
1300 900 0.01832 1.09228 5.25506 3.80126
1400 1000 0.0192625 1.0851 5.24335 3.7916
1400 1100 0.0199207 1.07348 5.22439 3.78426
1400 1200 0.0200243 1.05641 5.19921 3.77064
1400 1300 0.0167058 1.07006 5.21787 3.78314
1400 700 0.0154046 1.09461 5.2575 3.80185
1400 800 0.0190024 1.09165 5.25349 3.80203
1400 900 0.0173914 1.09249 5.25534 3.80109
1500 1000 0.0176617 1.09535 5.25824 3.80172
1500 1100 0.0194527 1.08669 5.24632 3.79336
1500 1200 0.0199642 1.07891 5.23462 3.78709
1500 1300 0.0181964 1.05896 5.19906 3.77185
1500 1400 0.0170893 1.07593 5.22792 3.78531
1500 700 0.0149019 1.09813 5.26308 3.80479
1500 800 0.018042 1.09488 5.25768 3.80197
1500 900 0.0178643 1.09696 5.26259 3.804
1600 1000 0.0182455 1.09088 5.25169 3.80082
1600 1100 0.0168366 1.09511 5.25834 3.80171
1600 1200 0.0214195 1.08565 5.24388 3.79246
1600 1300 0.018599 1.07521 5.22687 3.7839
1600 1400 0.0185588 1.06032 5.20071 3.77307
1600 1500 0.017275 1.06876 5.2146 3.78191
1600 700 0.0145071 1.10777 5.28395 3.81417
1600 800 0.0150637 1.0938 5.25816 3.80143
1600 900 0.0172525 1.1102 5.28894 3.81519
1700 1000 0.0186403 1.0934 5.25699 3.80182
1700 1100 0.0165647 1.0985 5.26458 3.80531
1700 1200 0.0161312 1.09745 5.26276 3.80408
1700 1300 0.0201469 1.09014 5.25088 3.79924
1700 1400 0.0193301 1.08033 5.23647 3.7876
1700 1500 0.0167828 1.06009 5.20104 3.7732
1700 1600 0.016186 1.06061 5.20135 3.77361
1700 700 0.0159379 1.11371 5.29779 3.8185
1700 800 0.0174011 1.10588 5.27995 3.81326
1700 900 0.01696 1.09593 5.25957 3.80189
1800 1000 0.016865 1.10186 5.27063 3.81
1800 1100 0.0166469 1.09652 5.26167 3.80315
1800 1200 0.0164036 1.09399 5.25792 3.80174
1800 1300 0.0186211 1.09353 5.25747 3.80204
1800 1400 0.0191559 1.09724 5.26286 3.80373
1800 1500 0.0181774 1.08168 5.23729 3.78962
1800 1600 0.0178056 1.06309 5.20438 3.7767
1800 1700 0.0157453 1.07814 5.23297 3.78715
1800 700 0.015656 1.10679 5.2822 3.81333
1800 800 0.0144679 1.11377 5.29779 3.81886
1800 900 0.0194714 1.10443 5.27617 3.81238
1900 1000 0.0176908 1.09695 5.2626 3.80406
1900 1100 0.0174228 1.10819 5.28451 3.8142
1900 1200 0.015257 1.09835 5.26353 3.80481
1900 1300 0.0158281 1.0906 5.25186 3.80024
1900 1400 0.0175564 1.09433 5.25814 3.8013
1900 1500 0.0179947 1.09297 5.25661 3.80098
1900 1600 0.0158623 1.08197 5.23785 3.78994
1900 1700 0.0154653 1.05906 5.19922 3.77208
1900 1800 0.0164824 1.06758 5.21215 3.78063
1900 700 0.0122875 1.13406 5.34789 3.84227
1900 800 0.0162259 1.11501 5.30133 3.81992
1900 900 0.0140565 1.10816 5.28435 3.81462
2000 1000 0.0156455 1.1044 5.27657 3.81236
2000 1100 0.0148729 1.116 5.30441 3.82069
2000 1200 0.01558 1.10655 5.28189 3.81361
2000 1300 0.0143189 1.11183 5.29299 3.81694
2000 1400 0.0164741 1.09538 5.2585 3.80166
2000 1500 0.015874 1.10129 5.26989 3.81022
2000 1600 0.0178337 1.09595 5.25999 3.8021
2000 1700 0.0164796 1.07892 5.23433 3.78709
2000 1800 0.0166756 1.06223 5.20281 3.7765
2000 1900 0.0144069 1.07027 5.21819 3.7831
2000 700 0.0139835 1.13593 5.34999 3.84474
2000 800 0.0137089 1.116 5.30441 3.82069
2000 900 0.0147723 1.11281 5.29559 3.8178
2100 1000 0.0177516 1.11241 5.29545 3.81765
2100 1100 0.0157627 1.1101 5.28898 3.81475
2100 1200 0.0174711 1.10265 5.2713 3.81056
2100 1300 0.0153522 1.10242 5.27027 3.81074
2100 1400 0.0155582 1.09679 5.26224 3.80337
2100 1500 0.0134624 1.10064 5.26861 3.80942
2100 1600 0.0161138 1.09457 5.25772 3.80167
2100 1700 0.0145785 1.09261 5.25578 3.80141
2100 1800 0.0144276 1.07961 5.23538 3.78767
2100 1900 0.0151464 1.07127 5.22025 3.78352
2100 2000 0.014397 1.07694 5.23103 3.78671
2100 700 0.0128556 1.11577 5.30404 3.82103
2100 800 0.0112568 1.13356 5.34598 3.84097
2100 900 0.0138676 1.11994 5.31502 3.82815
2200 1000 0.0139323 1.11683 5.30684 3.82263
2200 1100 0.0160294 1.11569 5.30398 3.82103
2200 1200 0.0136783 1.11388 5.2986 3.81934
2200 1300 0.0150508 1.101 5.26924 3.8097
2200 1400 0.0145957 1.09972 5.26818 3.80699
2200 1500 0.0157794 1.10327 5.27275 3.81105
2200 1600 0.0142205 1.09658 5.26194 3.80323
2200 1700 0.0154676 1.09887 5.265 3.80587
2200 1800 0.0141569 1.09109 5.25219 3.80096
2200 1900 0.0134194 1.07807 5.23257 3.7875
2200 2000 0.0165439 1.06431 5.20642 3.77773
2200 2100 0.0143724 1.06426 5.20637 3.77776
2200 700 0.0128408 1.11668 5.30675 3.82246
2200 800 0.0138177 1.12815 5.33426 3.83572
2200 900 0.0135553 1.11697 5.30753 3.82284
2300 1000 0.0125777 1.12383 5.32339 3.83075
2300 1100 0.0120668 1.12301 5.322 3.82955
2300 1200 0.0132594 1.11356 5.29742 3.81909
2300 1300 0.0156075 1.11643 5.30527 3.82141
2300 1400 0.0134805 1.11187 5.29308 3.81689
2300 1500 0.0137177 1.10424 5.27586 3.81287
2300 1600 0.0151974 1.11127 5.29082 3.81631
2300 1700 0.0147161 1.09963 5.26849 3.80669
2300 1800 0.0133495 1.10103 5.26926 3.80994
2300 1900 0.0135189 1.09208 5.25466 3.80189
2300 2000 0.0168448 1.08314 5.24021 3.7908
2300 2100 0.0150048 1.06215 5.20324 3.77618
2300 2200 0.0123591 1.07476 5.22582 3.78321
2300 700 0.0110516 1.13458 5.34907 3.8433
2300 800 0.0126287 1.13474 5.34964 3.84472
2300 900 0.013385 1.12267 5.32074 3.82899
2400 1000 0.0143101 1.12482 5.32487 3.83098
2400 1100 0.012119 1.13436 5.34909 3.84295
2400 1200 0.012311 1.12678 5.33232 3.83511
2400 1300 0.0123605 1.12611 5.32948 3.83315
2400 1400 0.0134181 1.11856 5.31258 3.82737
2400 1500 0.0112046 1.11441 5.30039 3.81946
2400 1600 0.0132907 1.10895 5.28629 3.81465
2400 1700 0.0120163 1.1037 5.27275 3.81127
2400 1800 0.0148953 1.10173 5.27062 3.81055
2400 1900 0.0129135 1.0958 5.25904 3.80153
2400 2000 0.0138786 1.09152 5.25321 3.80181
2400 2100 0.0137429 1.07974 5.23574 3.78756
2400 2200 0.0149806 1.06345 5.20469 3.77758
2400 2300 0.0137972 1.06467 5.2066 3.77822
2400 700 0.0122358 1.13236 5.34242 3.83974
2400 800 0.0115736 1.13655 5.3526 3.84556
2400 900 0.0120318 1.127 5.3323 3.83528
2500 1000 0.0126724 1.12907 5.33799 3.83606
2500 1100 0.0108663 1.13269 5.34291 3.84033
2500 1200 0.0124933 1.12798 5.334 3.83561
2500 1300 0.0111313 1.12302 5.32205 3.82955
2500 1400 0.0108296 1.12691 5.33201 3.83539
2500 1500 0.0115603 1.11725 5.30911 3.82299
2500 1600 0.0133265 1.11885 5.31204 3.82725
2500 1700 0.0125675 1.1086 5.28532 3.81439
2500 1800 0.0114355 1.10503 5.27917 3.81251
2500 1900 0.0143838 1.10128 5.27002 3.81044
2500 2000 0.0131466 1.09654 5.26168 3.80329
2500 2100 0.0119548 1.09242 5.25532 3.80119
2500 2200 0.0131793 1.0824 5.23839 3.79028
2500 2300 0.0126979 1.06788 5.21344 3.78079
2500 2400 0.0114094 1.07448 5.22492 3.7834
2500 700 0.0110295 1.14002 5.36127 3.84731
2500 800 0.0125127 1.13693 5.35393 3.84667
2500 900 0.0127321 1.14259 5.36837 3.84919
800 700 0.0126866 1.08449 5.24289 3.79136
900 700 0.0175294 1.08641 5.2465 3.79361
900 800 0.0154676 1.05521 5.1974 3.77077
