1000 800 0.0204516 1.05881 4.72764 4.47362
1000 900 0.0195054 1.05673 4.72666 4.47266
1100 1000 0.0211816 1.0546 4.72522 4.47131
1100 800 0.0195371 1.06777 4.73971 4.48576
1100 900 0.02051 1.06433 4.73463 4.48104
1200 1000 0.0203077 1.05499 4.72538 4.47201
1200 1100 0.0204548 1.06292 4.7333 4.48039
1200 800 0.0201676 1.08165 4.75572 4.49665
1200 900 0.0201166 1.06916 4.74118 4.4883
1300 1000 0.0241306 1.06633 4.73852 4.48535
1300 1100 0.0243404 1.05641 4.72694 4.47299
1300 1200 0.0222202 1.05728 4.72633 4.47259
1300 800 0.0201362 1.09757 4.76943 4.50353
1300 900 0.0237024 1.08547 4.75811 4.48926
1400 1000 0.018204 1.0995 4.77314 4.50792
1400 1100 0.0206042 1.06827 4.73987 4.48637
1400 1200 0.0230544 1.05379 4.72491 4.47199
1400 1300 0.0207882 1.06264 4.73341 4.47976
1400 800 0.0172206 1.0924 4.76465 4.49549
1400 900 0.020625 1.09271 4.76017 4.49595
1500 1000 0.0224985 1.08879 4.76119 4.49013
1500 1100 0.0201427 1.07849 4.75216 4.49444
1500 1200 0.0216888 1.07215 4.74174 4.49072
1500 1300 0.0203533 1.05734 4.72671 4.47289
1500 1400 0.0187897 1.06188 4.733 4.47892
1500 800 0.0181368 1.09246 4.7648 4.49552
1500 900 0.0190994 1.09133 4.76427 4.49462
1600 1000 0.01741 1.08962 4.76312 4.49246
1600 1100 0.0212364 1.09197 4.76528 4.49547
1600 1200 0.0219025 1.08121 4.75494 4.49597
1600 1300 0.0197545 1.07782 4.75202 4.49397
1600 1400 0.0207805 1.0553 4.72581 4.47209
1600 1500 0.01897 1.06093 4.73144 4.47787
1600 800 0.0150787 1.1052 4.78161 4.51591
1600 900 0.0192533 1.09608 4.76602 4.50002
1700 1000 0.0196226 1.09977 4.77459 4.50935
1700 1100 0.0205219 1.09042 4.76137 4.49277
1700 1200 0.0194364 1.08888 4.76129 4.49027
1700 1300 0.021446 1.08733 4.76052 4.49022
1700 1400 0.0205515 1.07603 4.74902 4.4926
1700 1500 0.0191281 1.06289 4.73304 4.48005
1700 1600 0.0183273 1.06178 4.73256 4.47843
1700 800 0.0176538 1.1064 4.78377 4.5163
1700 900 0.0175799 1.09544 4.76618 4.4999
1800 1000 0.0176255 1.10047 4.77541 4.50973
1800 1100 0.0201362 1.09764 4.76923 4.50348
1800 1200 0.018101 1.08989 4.76273 4.49281
1800 1300 0.0194713 1.09504 4.76535 4.49927
1800 1400 0.0211271 1.08454 4.75819 4.4905
1800 1500 0.01762 1.07386 4.74507 4.49346
1800 1600 0.0185667 1.0562 4.72585 4.47298
1800 1700 0.0173379 1.0667 4.73937 4.48625
1800 800 0.0186291 1.10354 4.77813 4.514
1800 900 0.0194094 1.09735 4.76944 4.50353
1900 1000 0.0179611 1.10198 4.77642 4.51141
1900 1100 0.0182174 1.09533 4.76606 4.49972
1900 1200 0.0171711 1.10072 4.77673 4.50998
1900 1300 0.017324 1.09686 4.76816 4.50232
1900 1400 0.0186154 1.09074 4.76197 4.49284
1900 1500 0.0195403 1.08672 4.75891 4.49008
1900 1600 0.0183169 1.0753 4.74661 4.49299
1900 1700 0.0215076 1.05691 4.72636 4.47201
1900 1800 0.0151676 1.06979 4.74107 4.48841
1900 800 0.0140243 1.10823 4.78509 4.51855
1900 900 0.0168319 1.09741 4.76949 4.50369
2000 1000 0.0169879 1.10671 4.78435 4.51762
2000 1100 0.0151965 1.10425 4.78077 4.51515
2000 1200 0.0190653 1.10022 4.77495 4.50957
2000 1300 0.0185831 1.09807 4.76941 4.50328
2000 1400 0.0170056 1.0927 4.75994 4.49618
2000 1500 0.0158671 1.09068 4.76185 4.49257
2000 1600 0.0157636 1.08869 4.76063 4.49028
2000 1700 0.0177665 1.07374 4.74473 4.49333
2000 1800 0.0176714 1.06457 4.73418 4.48137
2000 1900 0.015296 1.07278 4.74374 4.49259
2000 800 0.0136071 1.1047 4.78093 4.5153
2000 900 0.017556 1.1058 4.78182 4.51532
2100 1000 0.015921 1.10321 4.77741 4.5134
2100 1100 0.0162953 1.10487 4.78161 4.51517
2100 1200 0.0159282 1.10404 4.78009 4.51498
2100 1300 0.0163833 1.10462 4.78089 4.51537
2100 1400 0.0162089 1.09703 4.76893 4.50286
2100 1500 0.0178121 1.10285 4.77747 4.51373
2100 1600 0.0152836 1.09948 4.77327 4.50805
2100 1700 0.0177532 1.08832 4.76113 4.4908
2100 1800 0.0153224 1.07758 4.75164 4.49425
2100 1900 0.0162501 1.05822 4.72733 4.47314
2100 2000 0.0127653 1.06977 4.74109 4.48834
2100 800 0.0135767 1.12272 4.80616 4.53361
2100 900 0.0144821 1.11146 4.78992 4.52215
2200 1000 0.0149152 1.11239 4.79133 4.52337
2200 1100 0.0143524 1.10775 4.7853 4.51951
2200 1200 0.0161016 1.11117 4.78942 4.52251
2200 1300 0.0178197 1.10594 4.78228 4.51542
2200 1400 0.0157888 1.09907 4.77271 4.50639
2200 1500 0.0145519 1.10385 4.77925 4.51437
2200 1600 0.0156326 1.09943 4.77331 4.50823
2200 1700 0.0167501 1.09596 4.76614 4.50037
2200 1800 0.0171715 1.091 4.76329 4.49295
2200 1900 0.0165522 1.07788 4.75157 4.49374
2200 2000 0.0169101 1.06323 4.73358 4.48066
2200 2100 0.011985 1.06021 4.72931 4.47577
2200 800 0.012261 1.12501 4.80995 4.53714
2200 900 0.0140132 1.12197 4.80439 4.53236
2300 1000 0.0148249 1.12046 4.80186 4.52919
2300 1100 0.0133625 1.13159 4.82285 4.54495
2300 1200 0.0140836 1.11717 4.79865 4.52864
2300 1300 0.0151611 1.10658 4.78458 4.51692
2300 1400 0.0145662 1.10483 4.78109 4.51506
2300 1500 0.0162597 1.10607 4.78234 4.51473
2300 1600 0.0169363 1.10149 4.77584 4.51039
2300 1700 0.014805 1.09336 4.76302 4.49764
2300 1800 0.0145608 1.09481 4.76495 4.49858
2300 1900 0.0166519 1.09149 4.76411 4.49511
2300 2000 0.0169554 1.08147 4.75497 4.49606
2300 2100 0.0180629 1.06862 4.74084 4.48672
2300 2200 0.0147767 1.06656 4.73879 4.48567
2300 800 0.0145185 1.12175 4.80424 4.53222
2300 900 0.0134426 1.11587 4.79539 4.52502
2400 1000 0.0152727 1.13554 4.83202 4.54876
2400 1100 0.0128953 1.11983 4.80124 4.52946
2400 1200 0.0139 1.12069 4.8023 4.52994
2400 1300 0.0141729 1.1274 4.81571 4.54059
2400 1400 0.0132453 1.11205 4.79009 4.52272
2400 1500 0.0135536 1.11328 4.7919 4.52263
2400 1600 0.0132739 1.10162 4.77584 4.51084
2400 1700 0.0139216 1.10188 4.7764 4.51162
2400 1800 0.0148314 1.09988 4.77426 4.50892
2400 1900 0.0141994 1.09291 4.76066 4.49643
2400 2000 0.0137743 1.09604 4.76625 4.50004
2400 2100 0.0143932 1.07927 4.75401 4.49489
2400 2200 0.0130983 1.06345 4.73407 4.48114
2400 2300 0.0134231 1.06824 4.73986 4.48647
2400 800 0.013707 1.12566 4.81147 4.53821
2400 900 0.0119001 1.12615 4.81209 4.5375
2500 1000 0.0130896 1.13212 4.82327 4.5442
2500 1100 0.0128042 1.12846 4.81657 4.54258
2500 1200 0.0107282 1.12699 4.81425 4.53928
2500 1300 0.0138385 1.13161 4.82256 4.54467
2500 1400 0.0138712 1.12428 4.80917 4.53496
2500 1500 0.0129882 1.11538 4.7947 4.52486
2500 1600 0.014928 1.11128 4.78927 4.52239
2500 1700 0.0131139 1.11195 4.7899 4.52278
2500 1800 0.0133863 1.09988 4.77426 4.50892
2500 1900 0.0152124 1.09866 4.77121 4.50552
2500 2000 0.013385 1.10225 4.7765 4.51194
2500 2100 0.0142467 1.09076 4.76206 4.49272
2500 2200 0.0120433 1.08542 4.75797 4.48954
2500 2300 0.0149753 1.064 4.73401 4.48033
2500 2400 0.0144829 1.08165 4.75572 4.49665
2500 800 0.0128202 1.12041 4.80184 4.52915
2500 900 0.0162423 1.12462 4.81041 4.53799
900 800 0.0191494 1.08916 4.76206 4.49112
