1000 800 0.0208125 1.04997 7.44183 7.73691
1000 900 0.0199619 1.05171 7.44532 7.73837
1100 1000 0.0221548 1.05438 7.44471 7.74
1100 800 0.0201926 1.06846 7.46513 7.77422
1100 900 0.020687 1.052 7.44559 7.7392
1200 1000 0.0204988 1.05482 7.4464 7.74113
1200 1100 0.0214634 1.06172 7.45372 7.75777
1200 800 0.0202631 1.07989 7.4859 7.80104
1200 900 0.0203891 1.06713 7.46243 7.77095
1300 1000 0.0244102 1.0664 7.46123 7.7697
1300 1100 0.02462 1.05469 7.44604 7.74124
1300 1200 0.0227581 1.05898 7.44582 7.75216
1300 800 0.0203131 1.09726 7.52163 7.83332
1300 900 0.0237909 1.08497 7.50134 7.81066
1400 1000 0.0185725 1.10206 7.54192 7.83972
1400 1100 0.0207882 1.06705 7.46254 7.77049
1400 1200 0.0231428 1.05289 7.44417 7.73869
1400 1300 0.0213332 1.0569 7.45001 7.74795
1400 800 0.0174047 1.09113 7.50963 7.82521
1400 900 0.020809 1.092 7.51277 7.82568
1500 1000 0.0229479 1.08689 7.50746 7.81737
1500 1100 0.0206881 1.0789 7.48609 7.80389
1500 1200 0.0219683 1.07096 7.47031 7.78011
1500 1300 0.0207214 1.05711 7.44981 7.74833
1500 1400 0.0189737 1.056 7.44783 7.7426
1500 800 0.0182324 1.09335 7.51478 7.82993
1500 900 0.0191949 1.09137 7.5122 7.82651
1600 1000 0.0175056 1.0899 7.50948 7.82193
1600 1100 0.0212364 1.09146 7.51208 7.82552
1600 1200 0.021991 1.08121 7.49038 7.8021
1600 1300 0.0201226 1.07903 7.48574 7.80377
1600 1400 0.0210672 1.05595 7.44762 7.74275
1600 1500 0.0192496 1.05934 7.44689 7.75324
1600 800 0.0152628 1.11025 7.56658 7.8589
1600 900 0.0193492 1.09491 7.51848 7.82883
1700 1000 0.0197995 1.09675 7.52206 7.83361
1700 1100 0.0206104 1.09064 7.50627 7.82124
1700 1200 0.019532 1.08981 7.50864 7.82129
1700 1300 0.0215345 1.08502 7.50198 7.81092
1700 1400 0.0205515 1.07515 7.47836 7.79501
1700 1500 0.0193051 1.06106 7.45031 7.7564
1700 1600 0.0185998 1.06391 7.45518 7.76016
1700 800 0.0179338 1.10791 7.55973 7.84926
1700 900 0.0176755 1.0953 7.52088 7.83099
1800 1000 0.0178095 1.09816 7.52491 7.83186
1800 1100 0.0201362 1.09764 7.52227 7.83092
1800 1200 0.0181965 1.08989 7.50887 7.82183
1800 1300 0.0194713 1.09504 7.51982 7.83047
1800 1400 0.0213111 1.08488 7.50137 7.81073
1800 1500 0.0177085 1.07381 7.47446 7.78916
1800 1600 0.0186552 1.05625 7.44681 7.74275
1800 1700 0.0175223 1.06421 7.45447 7.7603
1800 800 0.0187176 1.10329 7.5518 7.84381
1800 900 0.0194979 1.09714 7.52039 7.8319
1900 1000 0.0183296 1.1026 7.546 7.84292
1900 1100 0.0183058 1.09612 7.52386 7.83554
1900 1200 0.017348 1.10246 7.54581 7.84222
1900 1300 0.017324 1.09686 7.52235 7.83393
1900 1400 0.0187924 1.09299 7.51433 7.82918
1900 1500 0.0195403 1.08672 7.5072 7.81648
1900 1600 0.0183169 1.0747 7.47635 7.79379
1900 1700 0.021596 1.05628 7.44686 7.74326
1900 1800 0.0151676 1.06676 7.46157 7.7694
1900 800 0.0141127 1.10951 7.5656 7.85786
1900 900 0.0169204 1.09808 7.52416 7.83055
2000 1000 0.0171649 1.1066 7.55761 7.85011
2000 1100 0.0152921 1.10395 7.55414 7.84701
2000 1200 0.0191537 1.09999 7.53335 7.83546
2000 1300 0.0185831 1.09807 7.52344 7.83004
2000 1400 0.0172781 1.09213 7.51152 7.82544
2000 1500 0.0159626 1.09109 7.50925 7.82416
2000 1600 0.0157636 1.08869 7.50877 7.81914
2000 1700 0.017855 1.07341 7.47366 7.78851
2000 1800 0.0178483 1.06668 7.46118 7.77018
2000 1900 0.015296 1.06958 7.46725 7.77575
2000 800 0.0136956 1.1073 7.55966 7.85012
2000 900 0.0176445 1.10687 7.55657 7.84904
2100 1000 0.016289 1.10652 7.55595 7.84924
2100 1100 0.0162953 1.10487 7.55601 7.84951
2100 1200 0.0159282 1.10297 7.55039 7.84338
2100 1300 0.0163833 1.10462 7.557 7.84883
2100 1400 0.0163045 1.09686 7.52235 7.83393
2100 1500 0.017989 1.10318 7.55147 7.84392
2100 1600 0.0154676 1.0989 7.52765 7.83178
2100 1700 0.0178417 1.08869 7.50877 7.81914
2100 1800 0.0155139 1.0772 7.48601 7.79949
2100 1900 0.0163457 1.05737 7.44823 7.74823
2100 2000 0.0129493 1.06653 7.46152 7.7706
2100 800 0.0136651 1.12542 7.59848 7.90068
2100 900 0.0144821 1.11146 7.57194 7.86243
2200 1000 0.0150108 1.11018 7.56662 7.85817
2200 1100 0.0144409 1.10831 7.56188 7.85238
2200 1200 0.0165652 1.11229 7.57162 7.86267
2200 1300 0.0178197 1.10594 7.55504 7.84957
2200 1400 0.0157888 1.09907 7.53106 7.83319
2200 1500 0.0145519 1.1026 7.546 7.84292
2200 1600 0.0156326 1.09943 7.53346 7.83558
2200 1700 0.0167501 1.09579 7.52269 7.83456
2200 1800 0.01726 1.08996 7.50925 7.82161
2200 1900 0.0167367 1.0787 7.48558 7.80309
2200 2000 0.0169985 1.06499 7.45824 7.7648
2200 2100 0.0120805 1.05846 7.4472 7.75069
2200 800 0.012261 1.12249 7.59151 7.88928
2200 900 0.0140132 1.12197 7.59069 7.88973
2300 1000 0.0150094 1.12042 7.5864 7.88366
2300 1100 0.0133625 1.12967 7.60377 7.90339
2300 1200 0.0142676 1.11856 7.58475 7.88087
2300 1300 0.0152567 1.1071 7.55813 7.84961
2300 1400 0.0147431 1.10421 7.55415 7.84875
2300 1500 0.0163482 1.10661 7.55796 7.85069
2300 1600 0.0169363 1.10149 7.53974 7.83987
2300 1700 0.014805 1.09336 7.515 7.83005
2300 1800 0.0145608 1.09481 7.51727 7.82966
2300 1900 0.0167403 1.09138 7.51221 7.82655
2300 2000 0.0170438 1.08131 7.49089 7.80204
2300 2100 0.0181514 1.06851 7.46549 7.7746
2300 2200 0.0147767 1.06656 7.46128 7.76963
2300 800 0.0147025 1.12104 7.58778 7.88828
2300 900 0.0135311 1.11565 7.57943 7.87229
2400 1000 0.0152727 1.13488 7.6175 7.91484
2400 1100 0.0128953 1.11983 7.58566 7.88359
2400 1200 0.0140769 1.12159 7.5898 7.89044
2400 1300 0.0142614 1.12816 7.60016 7.90014
2400 1400 0.0135324 1.11285 7.57213 7.86232
2400 1500 0.013738 1.11189 7.57225 7.86288
2400 1600 0.0132739 1.10162 7.54106 7.84078
2400 1700 0.0139216 1.10188 7.54087 7.83902
2400 1800 0.0148314 1.09988 7.53319 7.83473
2400 1900 0.0142879 1.09277 7.51344 7.82866
2400 2000 0.0137743 1.09604 7.52375 7.83514
2400 2100 0.0143932 1.07927 7.48527 7.80231
2400 2200 0.0131868 1.0635 7.4538 7.75897
2400 2300 0.0136885 1.06756 7.46383 7.77237
2400 800 0.0137955 1.12822 7.60042 7.90045
2400 900 0.0119001 1.12615 7.59742 7.89727
2500 1000 0.0130896 1.13012 7.60567 7.90493
2500 1100 0.0128042 1.12737 7.59957 7.90098
2500 1200 0.0108238 1.12756 7.60033 7.9024
2500 1300 0.0138385 1.13161 7.60766 7.90401
2500 1400 0.0138712 1.12428 7.59748 7.89995
2500 1500 0.0129882 1.11508 7.57925 7.87177
2500 1600 0.014928 1.11128 7.56959 7.86119
2500 1700 0.0131139 1.11195 7.57161 7.86225
2500 1800 0.0133863 1.09988 7.53319 7.83473
2500 1900 0.0152124 1.09866 7.52593 7.83103
2500 2000 0.013385 1.102 7.54121 7.83951
2500 2100 0.0144307 1.09016 7.50787 7.82099
2500 2200 0.0120433 1.08542 7.50274 7.81263
2500 2300 0.0151593 1.06405 7.45405 7.75953
2500 2400 0.0144829 1.08165 7.49324 7.80445
2500 800 0.0130856 1.12203 7.59059 7.89002
2500 900 0.0163308 1.12509 7.59817 7.89952
900 800 0.0207919 1.05404 7.44485 7.73961
