1000 500 0.0153787 1.08721 4.75988 4.49026
1000 600 0.02036 1.0886 4.7609 4.4904
1000 700 0.0200825 1.07007 4.74142 4.48968
1000 800 0.0234282 1.05402 4.72462 4.47158
1000 900 0.0227882 1.063 4.73364 4.4806
1100 1000 0.0199217 1.05713 4.72613 4.47183
1100 500 0.0149164 1.09866 4.77121 4.50552
1100 600 0.0187928 1.08909 4.76191 4.49094
1100 700 0.0185981 1.0818 4.75675 4.49728
1100 800 0.0212901 1.06729 4.73948 4.48468
1100 900 0.0211129 1.0519 4.72213 4.46875
1200 1000 0.021976 1.06055 4.73042 4.47725
1200 1100 0.0188773 1.06289 4.73304 4.48005
1200 500 0.0141915 1.09573 4.76635 4.49981
1200 600 0.0166916 1.0969 4.76823 4.5022
1200 700 0.0185105 1.09038 4.76124 4.49257
1200 800 0.0201233 1.08218 4.75748 4.49714
1200 900 0.0206656 1.0773 4.75117 4.49426
1300 1000 0.021162 1.07457 4.74525 4.49258
1300 1100 0.0203161 1.05456 4.72527 4.47146
1300 1200 0.0199766 1.06311 4.7331 4.48047
1300 500 0.0140251 1.10009 4.77435 4.50905
1300 600 0.0170433 1.0987 4.7713 4.50574
1300 700 0.0163952 1.09107 4.76342 4.4934
1300 800 0.019063 1.09988 4.77426 4.50892
1300 900 0.0212015 1.08407 4.75838 4.49135
1400 1000 0.018799 1.08483 4.75805 4.49081
1400 1100 0.0212859 1.07639 4.74944 4.49274
1400 1200 0.0208137 1.06664 4.7392 4.48608
1400 1300 0.0191485 1.06834 4.73985 4.48676
1400 500 0.0136825 1.10107 4.77656 4.51045
1400 600 0.0161209 1.10243 4.77632 4.51212
1400 700 0.0177949 1.09237 4.76485 4.49559
1400 800 0.0186123 1.09978 4.77433 4.50927
1400 900 0.0223731 1.09148 4.76418 4.49522
1500 1000 0.0221568 1.08836 4.7613 4.49097
1500 1100 0.0201547 1.08837 4.76145 4.49115
1500 1200 0.0220955 1.07578 4.74809 4.49255
1500 1300 0.0227388 1.05662 4.72713 4.47307
1500 1400 0.0186928 1.05526 4.72572 4.4719
1500 500 0.0124172 1.10852 4.78534 4.51868
1500 600 0.0156216 1.10843 4.78541 4.51847
1500 700 0.0156703 1.10536 4.78125 4.51542
1500 800 0.019593 1.09249 4.76432 4.49545
1500 900 0.0210602 1.08756 4.75997 4.48995
1600 1000 0.0170229 1.09514 4.76593 4.49948
1600 1100 0.0196348 1.08882 4.7613 4.4902
1600 1200 0.0185569 1.08586 4.75713 4.48906
1600 1300 0.0187162 1.07488 4.74578 4.49232
1600 1400 0.0194015 1.06146 4.7322 4.47742
1600 1500 0.0181258 1.06292 4.7333 4.48039
1600 500 0.0124407 1.1127 4.79135 4.52315
1600 600 0.0145855 1.1019 4.77654 4.51168
1600 700 0.0178874 1.10481 4.78078 4.51483
1600 800 0.0156462 1.0979 4.76923 4.50359
1600 900 0.0177011 1.10761 4.78488 4.51852
1700 1000 0.0176651 1.09372 4.76383 4.4995
1700 1100 0.0187799 1.09171 4.76496 4.49555
1700 1200 0.0185698 1.09565 4.7667 4.50048
1700 1300 0.0195057 1.08863 4.76069 4.49028
1700 1400 0.0168018 1.07584 4.74824 4.49196
1700 1500 0.0190776 1.06024 4.72938 4.47576
1700 1600 0.0163369 1.07075 4.74245 4.49233
1700 500 0.0119504 1.11317 4.79181 4.52245
1700 600 0.0148789 1.1032 4.77751 4.51336
1700 700 0.0156924 1.10354 4.77813 4.514
1700 800 0.0169354 1.09606 4.76631 4.50039
1700 900 0.019873 1.09984 4.77431 4.50926
1800 1000 0.0181164 1.1029 4.77751 4.5143
1800 1100 0.0187539 1.09429 4.76429 4.498
1800 1200 0.0173108 1.09513 4.76581 4.49952
1800 1300 0.0151354 1.08795 4.76035 4.49023
1800 1400 0.017709 1.0979 4.76923 4.50359
1800 1500 0.018818 1.07417 4.74549 4.4929
1800 1600 0.0180527 1.05755 4.72696 4.47358
1800 1700 0.0161016 1.06851 4.74057 4.48716
1800 500 0.0108379 1.12328 4.80758 4.53549
1800 600 0.016095 1.11898 4.79995 4.52862
1800 700 0.0133939 1.1122 4.79094 4.52287
1800 800 0.0158538 1.11943 4.8013 4.529
1800 900 0.016935 1.10311 4.77769 4.51407
1900 1000 0.0156314 1.10073 4.77674 4.50999
1900 1100 0.0181767 1.0982 4.76946 4.50402
1900 1200 0.0172313 1.09661 4.76721 4.50097
1900 1300 0.0175949 1.09565 4.7667 4.50048
1900 1400 0.0189258 1.09864 4.77122 4.50549
1900 1500 0.0182226 1.08939 4.76252 4.49201
1900 1600 0.0170366 1.07441 4.74516 4.49275
1900 1700 0.0177355 1.05818 4.72719 4.47297
1900 1800 0.0161173 1.06452 4.7343 4.48176
1900 500 0.0108866 1.11859 4.79962 4.52851
1900 600 0.0136496 1.12377 4.80806 4.53618
1900 700 0.0142689 1.11487 4.79464 4.52583
1900 800 0.0161175 1.11051 4.78895 4.52143
1900 900 0.0148435 1.10481 4.78078 4.51483
2000 1000 0.0159118 1.10453 4.78125 4.51542
2000 1100 0.0175387 1.10152 4.77594 4.51063
2000 1200 0.0162572 1.09884 4.77148 4.50589
2000 1300 0.0151239 1.0975 4.76942 4.50371
2000 1400 0.0167938 1.0957 4.76645 4.49981
2000 1500 0.016712 1.09305 4.76084 4.49632
2000 1600 0.0161311 1.08887 4.76125 4.49028
2000 1700 0.016695 1.07776 4.75195 4.4941
2000 1800 0.0158105 1.05829 4.7273 4.47329
2000 1900 0.0146014 1.07124 4.74255 4.4914
2000 500 0.01005 1.1165 4.79588 4.52528
2000 600 0.0104765 1.12256 4.80685 4.53425
2000 700 0.0133103 1.12827 4.81634 4.54203
2000 800 0.0129368 1.11414 4.79297 4.52396
2000 900 0.0164803 1.11382 4.79312 4.52371
2100 1000 0.0136142 1.11023 4.78923 4.5213
2100 1100 0.0137632 1.10679 4.78428 4.51832
2100 1200 0.0141556 1.10363 4.77828 4.5135
2100 1300 0.0164262 1.09824 4.7699 4.50439
2100 1400 0.0154649 1.10523 4.78189 4.516
2100 1500 0.015411 1.10024 4.7751 4.50999
2100 1600 0.0146381 1.10024 4.7751 4.50999
2100 1700 0.0166253 1.0934 4.76304 4.49765
2100 1800 0.0174321 1.08086 4.75544 4.496
2100 1900 0.0139132 1.06063 4.73058 4.4767
2100 2000 0.0130502 1.06489 4.73501 4.48172
2100 500 0.0105434 1.1248 4.81018 4.5375
2100 600 0.0108667 1.12561 4.81143 4.53861
2100 700 0.013681 1.12297 4.80737 4.5343
2100 800 0.013973 1.11867 4.79968 4.52853
2100 900 0.0150204 1.1175 4.79894 4.52769
2200 1000 0.0152629 1.11341 4.79234 4.52265
2200 1100 0.0157521 1.11074 4.78953 4.52203
2200 1200 0.0142747 1.11595 4.79558 4.52483
2200 1300 0.0151093 1.11354 4.79274 4.52318
2200 1400 0.0145356 1.1047 4.78093 4.5153
2200 1500 0.0176338 1.10098 4.77653 4.51033
2200 1600 0.0167828 1.10214 4.77653 4.51218
2200 1700 0.0148872 1.09566 4.76662 4.50038
2200 1800 0.0166018 1.09113 4.7633 4.49378
2200 1900 0.0163444 1.07696 4.74996 4.4943
2200 2000 0.0160218 1.06227 4.73372 4.47948
2200 2100 0.0136071 1.06723 4.73921 4.48488
2200 500 0.00994655 1.1273 4.8149 4.54011
2200 600 0.0120243 1.12806 4.81575 4.54183
2200 700 0.0121805 1.12671 4.81368 4.53857
2200 800 0.0129215 1.12694 4.8143 4.5388
2200 900 0.0131656 1.12712 4.81459 4.53934
2300 1000 0.0130153 1.12158 4.80448 4.53193
2300 1100 0.0121765 1.11911 4.80007 4.52901
2300 1200 0.0141225 1.12595 4.81208 4.53812
2300 1300 0.0125591 1.10721 4.78453 4.51764
2300 1400 0.0139508 1.11067 4.78942 4.52172
2300 1500 0.0121853 1.1058 4.78182 4.51532
2300 1600 0.0140189 1.10258 4.77655 4.5125
2300 1700 0.0149024 1.10153 4.77587 4.51068
2300 1800 0.0146559 1.10042 4.77547 4.51016
2300 1900 0.0163011 1.09272 4.75996 4.49594
2300 2000 0.0155498 1.07969 4.75463 4.49513
2300 2100 0.0146376 1.05999 4.72834 4.47435
2300 2200 0.0133377 1.07379 4.74471 4.49329
2300 500 0.0102328 1.12207 4.80487 4.53225
2300 600 0.0124053 1.13521 4.83156 4.54947
2300 700 0.0112564 1.12841 4.81602 4.54245
2300 800 0.0126393 1.13255 4.82406 4.5445
2300 900 0.0121884 1.13048 4.82033 4.54447
2400 1000 0.0143592 1.12905 4.81785 4.5435
2400 1100 0.016056 1.12574 4.81198 4.53868
2400 1200 0.0137757 1.12297 4.80737 4.5343
2400 1300 0.0116988 1.12335 4.80762 4.53491
2400 1400 0.012565 1.11905 4.80003 4.5286
2400 1500 0.0128356 1.10892 4.78554 4.51903
2400 1600 0.013903 1.10805 4.7854 4.5194
2400 1700 0.0137167 1.10395 4.77936 4.51439
2400 1800 0.0155438 1.10175 4.77601 4.51095
2400 1900 0.0119628 1.10065 4.77622 4.51027
2400 2000 0.0125277 1.09105 4.76359 4.49345
2400 2100 0.0140785 1.07825 4.75199 4.49363
2400 2200 0.0139282 1.06346 4.73419 4.48105
2400 2300 0.0127215 1.06597 4.73742 4.4845
2400 500 0.00870835 1.12009 4.80163 4.52852
2400 600 0.0115002 1.12937 4.81857 4.54269
2400 700 0.010645 1.13087 4.82125 4.54475
2400 800 0.0118524 1.11831 4.79862 4.52795
2400 900 0.0109477 1.12404 4.80878 4.53462
2500 1000 0.0112856 1.12729 4.81487 4.54012
2500 1100 0.0138438 1.1273 4.8149 4.54011
2500 1200 0.0138654 1.13531 4.83202 4.54983
2500 1300 0.0136456 1.12147 4.80382 4.5314
2500 1400 0.011037 1.12111 4.80303 4.53081
2500 1500 0.012633 1.11908 4.80029 4.52899
2500 1600 0.0111471 1.10619 4.78301 4.51514
2500 1700 0.0134474 1.11089 4.78902 4.52177
2500 1800 0.0125304 1.10247 4.77634 4.51254
2500 1900 0.0152773 1.10362 4.77826 4.5133
2500 2000 0.01284 1.1059 4.78217 4.51527
2500 2100 0.0128852 1.09556 4.7662 4.49974
2500 2200 0.0139075 1.08171 4.75582 4.49645
2500 2300 0.01367 1.06584 4.73742 4.48426
2500 2400 0.0114471 1.06468 4.73481 4.4815
2500 500 0.0100558 1.12735 4.81538 4.54025
2500 600 0.0115811 1.1305 4.82039 4.54469
2500 700 0.0133321 1.12299 4.80701 4.53436
2500 800 0.0125716 1.13862 4.83696 4.55203
2500 900 0.0146705 1.13428 4.82987 4.54758
600 500 0.0147217 1.13097 4.82176 4.54523
700 500 0.0165645 1.06207 4.73289 4.4791
700 600 0.0178933 1.06481 4.73508 4.48151
800 500 0.0163488 1.07622 4.74956 4.49266
800 600 0.0206833 1.05262 4.72331 4.46938
800 700 0.0191573 1.07007 4.74142 4.48968
900 500 0.0167367 1.08695 4.75946 4.49056
900 600 0.0179576 1.07064 4.74218 4.49231
900 700 0.0198954 1.05834 4.72746 4.47358
900 800 0.02117 1.0625 4.73349 4.47979
