1000 600 0.0141619 1.07085 2.7985 2.9728
1000 700 0.0189797 1.09502 2.79254 2.98564
1000 800 0.0192816 1.07541 2.7955 2.97517
1000 900 0.0178904 1.08791 2.79458 2.98165
1100 1000 0.0153939 1.08714 2.79467 2.9815
1100 600 0.0147955 1.09482 2.79287 2.98599
1100 700 0.0165715 1.10509 2.79189 2.99402
1100 800 0.0195575 1.0768 2.79461 2.97489
1100 900 0.0182689 1.06609 2.79984 2.96984
1200 1000 0.01862 1.06656 2.79953 2.97001
1200 1100 0.0202043 1.05986 2.80029 2.96762
1200 600 0.015385 1.11141 2.7885 2.99586
1200 700 0.016744 1.10082 2.79198 2.9906
1200 800 0.0178372 1.08094 2.79199 2.97531
1200 900 0.0235028 1.07751 2.79389 2.97491
1300 1000 0.0151887 1.07895 2.79402 2.97439
1300 1100 0.0200773 1.06168 2.79928 2.96861
1300 1200 0.017282 1.08684 2.79454 2.98129
1300 600 0.0133483 1.10494 2.79227 2.99418
1300 700 0.0154153 1.10756 2.78963 2.99474
1300 800 0.0203762 1.09887 2.7936 2.98864
1300 900 0.0166121 1.09705 2.79316 2.98789
1400 1000 0.0181012 1.09014 2.79359 2.9816
1400 1100 0.0191542 1.07356 2.79751 2.97418
1400 1200 0.0217347 1.06524 2.79959 2.96934
1400 1300 0.0176364 1.06965 2.79849 2.97148
1400 600 0.0132395 1.09805 2.79352 2.98892
1400 700 0.015331 1.10211 2.79228 2.99159
1400 800 0.0161442 1.09778 2.79386 2.98889
1400 900 0.0158226 1.10146 2.7923 2.99085
1500 1000 0.0207154 1.10594 2.79013 2.9944
1500 1100 0.0211883 1.08573 2.79411 2.98006
1500 1200 0.0175862 1.08419 2.79231 2.97985
1500 1300 0.0208513 1.06836 2.79934 2.97077
1500 1400 0.0172847 1.06001 2.79989 2.96752
1500 600 0.0141658 1.12461 2.79189 3.00573
1500 700 0.0133963 1.10179 2.79195 2.99155
1500 800 0.0148539 1.09864 2.79374 2.9887
1500 900 0.0188279 1.11203 2.78914 2.99623
1600 1000 0.0170423 1.09837 2.79341 2.98904
1600 1100 0.0175893 1.1022 2.79245 2.9917
1600 1200 0.0191434 1.08868 2.79429 2.98148
1600 1300 0.0198156 1.07375 2.79671 2.97414
1600 1400 0.0180727 1.0844 2.79255 2.97976
1600 1500 0.0172364 1.06482 2.80003 2.96983
1600 600 0.0112689 1.12209 2.78993 3.00402
1600 700 0.0151977 1.09901 2.79371 2.98884
1600 800 0.0179754 1.09869 2.79366 2.98877
1600 900 0.0145116 1.12484 2.7917 3.00557
1700 1000 0.0168802 1.10276 2.79223 2.99216
1700 1100 0.0170645 1.10252 2.79263 2.9921
1700 1200 0.0160708 1.0939 2.79253 2.98444
1700 1300 0.0174342 1.08766 2.79472 2.98158
1700 1400 0.0163862 1.07695 2.79459 2.97511
1700 1500 0.0188833 1.06606 2.7998 2.96998
1700 1600 0.0136609 1.07454 2.79623 2.97473
1700 600 0.0110004 1.10466 2.79279 2.99406
1700 700 0.0135277 1.10754 2.78961 2.99472
1700 800 0.0181225 1.10878 2.7893 2.99459
1700 900 0.0179014 1.10549 2.79089 2.99389
1800 1000 0.015472 1.09681 2.79307 2.98721
1800 1100 0.0134369 1.09933 2.79339 2.98937
1800 1200 0.0162699 1.10152 2.79248 2.99103
1800 1300 0.017134 1.09207 2.79196 2.98232
1800 1400 0.0167548 1.08888 2.7938 2.98157
1800 1500 0.0205236 1.07545 2.79546 2.97519
1800 1600 0.0204943 1.07315 2.79763 2.97389
1800 1700 0.0182125 1.08398 2.79213 2.9792
1800 600 0.0126812 1.12785 2.79083 3.00573
1800 700 0.012247 1.10772 2.78976 2.99486
1800 800 0.0140453 1.10922 2.78947 2.99526
1800 900 0.0135651 1.11781 2.78957 3.00157
1900 1000 0.016129 1.11252 2.79013 2.997
1900 1100 0.0170576 1.10323 2.79125 2.99211
1900 1200 0.0160449 1.0969 2.79315 2.98732
1900 1300 0.0181182 1.09307 2.79154 2.9828
1900 1400 0.0156475 1.0973 2.79311 2.98857
1900 1500 0.0169159 1.09565 2.79302 2.98642
1900 1600 0.0183463 1.08165 2.79131 2.97633
1900 1700 0.0176412 1.05653 2.79977 2.96687
1900 1800 0.0152155 1.06819 2.80007 2.97091
1900 600 0.0144943 1.12437 2.79124 3.00563
1900 700 0.0119623 1.12039 2.78935 3.00225
1900 800 0.0120606 1.10949 2.78925 2.99594
1900 900 0.014782 1.11571 2.79145 3.00024
2000 1000 0.0162089 1.10858 2.78943 2.99469
2000 1100 0.0174106 1.10784 2.78969 2.99493
2000 1200 0.0140574 1.09915 2.79368 2.98954
2000 1300 0.0170311 1.09692 2.79299 2.98732
2000 1400 0.0139517 1.10579 2.79058 2.99438
2000 1500 0.0142258 1.09536 2.79268 2.98627
2000 1600 0.0145099 1.11164 2.78855 2.99657
2000 1700 0.0181837 1.07893 2.79407 2.97427
2000 1800 0.0160087 1.05801 2.79973 2.96718
2000 1900 0.0144104 1.06089 2.79976 2.96813
2000 600 0.0113798 1.11684 2.79 3.00109
2000 700 0.0119451 1.12101 2.78987 3.00283
2000 800 0.0144207 1.12619 2.79179 3.00558
2000 900 0.0141436 1.11703 2.7898 3.00047
2100 1000 0.015183 1.12054 2.78932 3.00246
2100 1100 0.0137676 1.1092 2.78937 2.99518
2100 1200 0.0162088 1.10104 2.79187 2.99029
2100 1300 0.0150958 1.11887 2.78973 3.0021
2100 1400 0.0124503 1.10192 2.79146 2.99165
2100 1500 0.0128829 1.10535 2.79129 2.9939
2100 1600 0.0156733 1.09804 2.79356 2.98895
2100 1700 0.0189654 1.08948 2.79327 2.98211
2100 1800 0.0144434 1.08225 2.79124 2.97686
2100 1900 0.0159603 1.05672 2.80033 2.96733
2100 2000 0.0113168 1.07838 2.79371 2.97456
2100 600 0.00991493 1.16117 2.77239 3.03505
2100 700 0.0117814 1.13242 2.79456 3.01423
2100 800 0.0152397 1.12118 2.79054 3.00292
2100 900 0.0115689 1.1312 2.79319 3.01091
2200 1000 0.013864 1.12731 2.792 3.0061
2200 1100 0.0135105 1.11385 2.79048 2.99881
2200 1200 0.0139103 1.10893 2.78923 2.99482
2200 1300 0.0130795 1.12551 2.79139 3.00585
2200 1400 0.0149002 1.10955 2.78914 2.99593
2200 1500 0.0138674 1.10429 2.79256 2.99375
2200 1600 0.016951 1.10675 2.79057 2.99535
2200 1700 0.0144864 1.09838 2.79339 2.98893
2200 1800 0.0129307 1.08903 2.7935 2.98141
2200 1900 0.0160647 1.08595 2.79437 2.9803
2200 2000 0.0146457 1.06042 2.79952 2.96777
2200 2100 0.01185 1.06731 2.79885 2.96994
2200 600 0.0107961 1.13573 2.79331 3.01708
2200 700 0.0123437 1.12333 2.78995 3.00394
2200 800 0.012481 1.14473 2.78685 3.02387
2200 900 0.0139695 1.11536 2.79191 3.00036
2300 1000 0.0138498 1.13809 2.78863 3.01696
2300 1100 0.0136238 1.13016 2.79244 3.01
2300 1200 0.0137415 1.1256 2.79081 3.00565
2300 1300 0.0139323 1.13277 2.79497 3.0147
2300 1400 0.0143022 1.11185 2.78927 2.9965
2300 1500 0.0126558 1.1106 2.78938 2.99703
2300 1600 0.0130028 1.10759 2.78974 2.99491
2300 1700 0.014738 1.09548 2.79267 2.98639
2300 1800 0.0111947 1.09913 2.7937 2.98952
2300 1900 0.0131409 1.09463 2.79276 2.98552
2300 2000 0.0166334 1.07792 2.79378 2.97443
2300 2100 0.0137546 1.05822 2.79999 2.96742
2300 2200 0.0110141 1.10347 2.79159 2.99311
2300 600 0.0109453 1.11596 2.79161 3.00113
2300 700 0.00988957 1.14558 2.78677 3.0243
2300 800 0.0102563 1.13495 2.79304 3.01618
2300 900 0.0118467 1.14241 2.78553 3.02119
2400 1000 0.0106673 1.13799 2.78893 3.01665
2400 1100 0.0119606 1.14533 2.78699 3.02434
2400 1200 0.010687 1.12858 2.79086 3.00703
2400 1300 0.0136397 1.12076 2.78973 3.00288
2400 1400 0.0105867 1.12058 2.7893 3.0025
2400 1500 0.0162742 1.11159 2.78856 2.99644
2400 1600 0.0136872 1.09985 2.79301 2.9893
2400 1700 0.0147245 1.10561 2.79072 2.99433
2400 1800 0.0131182 1.10824 2.78979 2.9951
2400 1900 0.0147008 1.10601 2.79007 2.99421
2400 2000 0.0139143 1.09571 2.79278 2.98611
2400 2100 0.0128859 1.08594 2.79437 2.98033
2400 2200 0.0116131 1.07055 2.79853 2.97282
2400 2300 0.0116016 1.06398 2.80043 2.96954
2400 600 0.00946182 1.13074 2.79285 3.01099
2400 700 0.0114115 1.13135 2.79392 3.01172
2400 800 0.0109332 1.14133 2.78439 3.01943
2400 900 0.014879 1.1277 2.791 3.0058
2500 1000 0.0102075 1.15138 2.78596 3.03117
2500 1100 0.0100448 1.13632 2.79245 3.01606
2500 1200 0.0152633 1.13043 2.79275 3.01063
2500 1300 0.0112647 1.12311 2.78962 3.00364
2500 1400 0.0109117 1.13554 2.79332 3.01756
2500 1500 0.0141892 1.11649 2.79076 3.00148
2500 1600 0.0134765 1.10988 2.78879 2.99626
2500 1700 0.0120693 1.11682 2.78994 3.00104
2500 1800 0.0155377 1.10258 2.79262 2.99203
2500 1900 0.0103616 1.10372 2.7916 2.99317
2500 2000 0.0131585 1.10466 2.79279 2.99406
2500 2100 0.0128636 1.08797 2.79432 2.98126
2500 2200 0.01262 1.08607 2.7944 2.98083
2500 2300 0.0128833 1.06218 2.79966 2.9683
2500 2400 0.0123117 1.08442 2.79269 2.97983
2500 600 0.0100767 1.14651 2.78658 3.0235
2500 700 0.0110842 1.15213 2.78438 3.03158
2500 800 0.0125237 1.14827 2.77911 3.02648
2500 900 0.010966 1.14097 2.78545 3.01893
700 600 0.0101079 1.14892 2.77903 3.02705
800 600 0.0134704 1.08745 2.79515 2.98214
800 700 0.0163026 1.1049 2.7924 2.99409
900 600 0.0124145 1.11576 2.7913 3.00043
900 700 0.0162736 1.07398 2.79726 2.97457
900 800 0.0161487 1.07861 2.79377 2.97427
