1000 600 0.0140067 1.07269 5.22287 3.78426
1000 700 0.0180411 1.09345 5.25709 3.80173
1000 800 0.0185988 1.06434 5.20633 3.77775
1000 900 0.0189467 1.061 5.20162 3.77402
1100 1000 0.0167177 1.06331 5.20448 3.77748
1100 600 0.0151884 1.08578 5.24441 3.79277
1100 700 0.0176709 1.09547 5.25885 3.80156
1100 800 0.0193672 1.07535 5.22705 3.78392
1100 900 0.0182741 1.05506 5.19755 3.77048
1200 1000 0.0187227 1.05853 5.19906 3.77152
1200 1100 0.0184797 1.06182 5.20301 3.77556
1200 600 0.0166172 1.1067 5.28227 3.8134
1200 700 0.0176024 1.09755 5.26306 3.80412
1200 800 0.0183432 1.0821 5.23781 3.78984
1200 900 0.0218794 1.08554 5.2435 3.79231
1300 1000 0.0164852 1.07382 5.2248 3.78417
1300 1100 0.0201176 1.05762 5.19944 3.7711
1300 1200 0.0182154 1.07116 5.22002 3.78324
1300 600 0.0122503 1.10723 5.28318 3.81353
1300 700 0.0168605 1.09924 5.26716 3.806
1300 800 0.0192431 1.0999 5.26818 3.80756
1300 900 0.017279 1.087 5.24625 3.79394
1400 1000 0.0189812 1.09214 5.25443 3.80182
1400 1100 0.0218755 1.07207 5.22142 3.78483
1400 1200 0.0218349 1.06045 5.20087 3.77303
1400 1300 0.0188783 1.0671 5.21167 3.78099
1400 600 0.0124114 1.09689 5.26229 3.80376
1400 700 0.0164425 1.09774 5.26287 3.80451
1400 800 0.0179482 1.09625 5.26082 3.8028
1400 900 0.0172437 1.09593 5.25957 3.80189
1500 1000 0.0198216 1.0997 5.2682 3.8068
1500 1100 0.0222885 1.08623 5.24615 3.79376
1500 1200 0.0181531 1.08297 5.23986 3.79088
1500 1300 0.0230346 1.05894 5.19906 3.77177
1500 1400 0.0176414 1.06685 5.21134 3.78032
1500 600 0.0131616 1.11827 5.31211 3.82669
1500 700 0.0135416 1.10745 5.28386 3.81383
1500 800 0.0153331 1.09794 5.26263 3.80468
1500 900 0.0167487 1.10377 5.27288 3.81134
1600 1000 0.0172945 1.09598 5.26029 3.80181
1600 1100 0.0184341 1.09855 5.26484 3.80518
1600 1200 0.0182761 1.08909 5.24878 3.79697
1600 1300 0.018548 1.07676 5.23042 3.786
1600 1400 0.017928 1.05994 5.20044 3.77282
1600 1500 0.0164647 1.06931 5.21612 3.78291
1600 600 0.0119657 1.11043 5.28995 3.81595
1600 700 0.0151584 1.10152 5.27087 3.81039
1600 800 0.0189697 1.10132 5.27032 3.81023
1600 900 0.0156947 1.1044 5.27657 3.81236
1700 1000 0.016869 1.09494 5.25751 3.80203
1700 1100 0.0168189 1.10046 5.26855 3.80873
1700 1200 0.0186256 1.09531 5.25843 3.8019
1700 1300 0.0183878 1.086 5.24538 3.79301
1700 1400 0.0163934 1.06979 5.2176 3.7834
1700 1500 0.020077 1.06063 5.20121 3.77362
1700 1600 0.0160507 1.07884 5.23441 3.78727
1700 600 0.0122804 1.10291 5.27188 3.81068
1700 700 0.014291 1.10266 5.27126 3.81062
1700 800 0.0168881 1.103 5.27221 3.81102
1700 900 0.0176414 1.09772 5.26298 3.80449
1800 1000 0.0158688 1.09781 5.2625 3.80437
1800 1100 0.0149059 1.10135 5.2704 3.81019
1800 1200 0.0163577 1.1 5.26827 3.80796
1800 1300 0.0175741 1.09369 5.25797 3.80171
1800 1400 0.0173008 1.08784 5.2461 3.79505
1800 1500 0.0204513 1.07593 5.22792 3.78531
1800 1600 0.0192279 1.07049 5.21866 3.78376
1800 1700 0.0191361 1.07574 5.2279 3.78505
1800 600 0.012656 1.12096 5.31833 3.82855
1800 700 0.0142825 1.11378 5.2979 3.8188
1800 800 0.0150363 1.11399 5.29906 3.81976
1800 900 0.0142772 1.10626 5.28052 3.81367
1900 1000 0.0163746 1.10404 5.27486 3.81207
1900 1100 0.0168956 1.1048 5.27761 3.81247
1900 1200 0.0171609 1.09807 5.26295 3.80446
1900 1300 0.0182479 1.09902 5.26577 3.80642
1900 1400 0.0157109 1.10021 5.26786 3.8081
1900 1500 0.0163086 1.09518 5.2585 3.80207
1900 1600 0.0181554 1.0777 5.23236 3.78694
1900 1700 0.0186468 1.05687 5.19972 3.77103
1900 1800 0.0156464 1.06621 5.21101 3.78008
1900 600 0.0125441 1.12811 5.33424 3.83569
1900 700 0.0119265 1.11986 5.31479 3.82829
1900 800 0.0125516 1.11111 5.29013 3.81605
1900 900 0.0143351 1.11254 5.2954 3.81771
2000 1000 0.0154022 1.10749 5.28383 3.81392
2000 1100 0.0163404 1.11077 5.28996 3.81593
2000 1200 0.0152707 1.0954 5.25862 3.8018
2000 1300 0.018991 1.09839 5.26363 3.80492
2000 1400 0.0149249 1.10315 5.27239 3.81123
2000 1500 0.0155228 1.09452 5.25773 3.80182
2000 1600 0.0141636 1.09635 5.26125 3.80315
2000 1700 0.0181554 1.08023 5.23634 3.78745
2000 1800 0.0164125 1.05847 5.19901 3.77163
2000 1900 0.0152093 1.05862 5.19926 3.77181
2000 600 0.0110441 1.12167 5.31966 3.82852
2000 700 0.0111525 1.11142 5.29144 3.81584
2000 800 0.012891 1.12006 5.31551 3.82805
2000 900 0.013527 1.11912 5.31247 3.82778
2100 1000 0.0166979 1.11294 5.29617 3.81802
2100 1100 0.013746 1.10947 5.28627 3.81427
2100 1200 0.0156402 1.10214 5.27053 3.81066
2100 1300 0.0162205 1.10718 5.28311 3.81369
2100 1400 0.0146081 1.09794 5.26263 3.80468
2100 1500 0.0150138 1.10455 5.27658 3.81237
2100 1600 0.0161696 1.09341 5.25694 3.80176
2100 1700 0.017398 1.09103 5.2519 3.80108
2100 1800 0.0150177 1.07889 5.23457 3.78706
2100 1900 0.0151668 1.05747 5.19947 3.7706
2100 2000 0.0128387 1.08895 5.24903 3.79646
2100 600 0.0102615 1.12579 5.32817 3.83264
2100 700 0.0119261 1.11782 5.31083 3.82489
2100 800 0.0136125 1.12497 5.32562 3.83107
2100 900 0.0120752 1.12271 5.3208 3.8286
2200 1000 0.0149103 1.12105 5.31855 3.82879
2200 1100 0.0130634 1.11436 5.30013 3.81966
2200 1200 0.0126166 1.11989 5.31491 3.82818
2200 1300 0.0138132 1.11552 5.30338 3.82117
2200 1400 0.0136742 1.10646 5.28098 3.81427
2200 1500 0.0150593 1.10223 5.27039 3.81065
2200 1600 0.0166646 1.1008 5.26891 3.80983
2200 1700 0.0144069 1.10244 5.2703 3.81079
2200 1800 0.0150125 1.08998 5.2507 3.79901
2200 1900 0.0160715 1.0841 5.2427 3.79137
2200 2000 0.0156246 1.06097 5.20164 3.774
2200 2100 0.0127113 1.06912 5.21558 3.78285
2200 600 0.0105584 1.13027 5.33955 3.83734
2200 700 0.011839 1.12902 5.33787 3.83587
2200 800 0.0128701 1.12166 5.31966 3.82857
2200 900 0.01479 1.11707 5.30821 3.82275
2300 1000 0.013167 1.12864 5.33656 3.83582
2300 1100 0.0127604 1.13114 5.3405 3.83718
2300 1200 0.0129595 1.12053 5.31645 3.82885
2300 1300 0.0138088 1.11631 5.3055 3.82128
2300 1400 0.0134668 1.10998 5.28891 3.81453
2300 1500 0.0128723 1.10625 5.28054 3.81385
2300 1600 0.0128966 1.11027 5.28914 3.81528
2300 1700 0.0158386 1.09878 5.26529 3.80546
2300 1800 0.0128387 1.09979 5.26793 3.80676
2300 1900 0.015062 1.09375 5.258 3.80157
2300 2000 0.0151681 1.08059 5.23643 3.78757
2300 2100 0.0142162 1.06128 5.20127 3.77522
2300 2200 0.0115784 1.06274 5.20394 3.77628
2300 600 0.0103341 1.12784 5.33402 3.8352
2300 700 0.0119744 1.12158 5.31957 3.82884
2300 800 0.0101319 1.12834 5.33483 3.83591
2300 900 0.0125533 1.1267 5.33252 3.83502
2400 1000 0.0118526 1.13574 5.34999 3.84489
2400 1100 0.0127167 1.13738 5.35547 3.84721
2400 1200 0.0112272 1.12801 5.33387 3.83567
2400 1300 0.0139756 1.12027 5.31535 3.82872
2400 1400 0.0119309 1.11926 5.31202 3.82791
2400 1500 0.0157361 1.11376 5.29764 3.81886
2400 1600 0.0141057 1.10293 5.27182 3.8107
2400 1700 0.0141807 1.10626 5.28052 3.81367
2400 1800 0.0131962 1.10086 5.26948 3.8098
2400 1900 0.014571 1.09924 5.26716 3.806
2400 2000 0.0129629 1.09239 5.25516 3.80146
2400 2100 0.0132726 1.08271 5.23956 3.79109
2400 2200 0.0126976 1.06296 5.20384 3.77665
2400 2300 0.0119057 1.05976 5.20027 3.77304
2400 600 0.0103969 1.1261 5.32962 3.83311
2400 700 0.0112422 1.1272 5.33255 3.83513
2400 800 0.0116359 1.13188 5.3425 3.83881
2400 900 0.0135492 1.1296 5.33957 3.83657
2500 1000 0.0116717 1.14337 5.37017 3.85022
2500 1100 0.0102266 1.13424 5.34885 3.84248
2500 1200 0.0129078 1.13144 5.34127 3.83871
2500 1300 0.0119771 1.12498 5.32546 3.83125
2500 1400 0.0124128 1.13382 5.34726 3.8419
2500 1500 0.0134416 1.11672 5.3067 3.82213
2500 1600 0.0138128 1.10845 5.28491 3.81414
2500 1700 0.0126701 1.10705 5.2826 3.81324
2500 1800 0.0135495 1.10065 5.2687 3.80961
2500 1900 0.0114527 1.09786 5.26227 3.80446
2500 2000 0.0127665 1.10123 5.2696 3.81052
2500 2100 0.0137212 1.08646 5.24607 3.7937
2500 2200 0.0144833 1.08937 5.24925 3.79803
2500 2300 0.0127715 1.06371 5.20483 3.77689
2500 2400 0.0129497 1.06777 5.21313 3.78085
2500 600 0.00949583 1.15036 5.38743 3.85893
2500 700 0.0109627 1.15316 5.39862 3.85923
2500 800 0.0136452 1.13357 5.346 3.84109
2500 900 0.0109193 1.13446 5.34912 3.84341
700 600 0.0123799 1.12254 5.32053 3.82873
800 600 0.0136409 1.07566 5.22754 3.78456
800 700 0.0175387 1.079 5.23435 3.78739
900 600 0.0128956 1.09156 5.25354 3.80204
900 700 0.0165853 1.07562 5.22729 3.78444
900 800 0.0174126 1.07595 5.22802 3.78557
