1000 600 0.0164353 1.07409 4.74526 4.49254
1000 700 0.0208921 1.06994 4.74092 4.4889
1000 800 0.0216936 1.05132 4.72225 4.46823
1000 900 0.0211558 1.06151 4.7325 4.4779
1100 1000 0.0179992 1.06583 4.73718 4.48422
1100 600 0.0176701 1.08366 4.75904 4.49184
1100 700 0.019969 1.08487 4.75814 4.49072
1100 800 0.0216728 1.06756 4.73925 4.48513
1100 900 0.0205212 1.05062 4.72263 4.46863
1200 1000 0.0208509 1.05311 4.72408 4.47106
1200 1100 0.0209401 1.06161 4.73247 4.47831
1200 600 0.0184225 1.09342 4.76311 4.49825
1200 700 0.0202752 1.09119 4.76361 4.49398
1200 800 0.0213786 1.07784 4.75209 4.49416
1200 900 0.0248924 1.07277 4.74377 4.49282
1300 1000 0.0176791 1.06698 4.73889 4.48477
1300 1100 0.0218486 1.05702 4.72623 4.47195
1300 1200 0.0194155 1.06331 4.73376 4.48054
1300 600 0.0147394 1.09815 4.76946 4.50345
1300 700 0.0186052 1.09335 4.76278 4.49748
1300 800 0.0217185 1.09333 4.7628 4.49716
1300 900 0.0188396 1.08492 4.75795 4.49058
1400 1000 0.0205356 1.08985 4.76271 4.49269
1400 1100 0.0234224 1.06978 4.74087 4.48851
1400 1200 0.0228443 1.05691 4.72636 4.47201
1400 1300 0.0202408 1.06341 4.73385 4.48095
1400 600 0.0137897 1.093 4.76057 4.49624
1400 700 0.0182482 1.09358 4.76334 4.49862
1400 800 0.0192298 1.09399 4.76415 4.49974
1400 900 0.0185186 1.09032 4.76153 4.49227
1500 1000 0.0216552 1.08937 4.76252 4.49201
1500 1100 0.0235767 1.08654 4.75846 4.48965
1500 1200 0.0197075 1.07985 4.74921 4.49542
1500 1300 0.0239551 1.05779 4.72698 4.47327
1500 1400 0.0183854 1.06834 4.73985 4.48676
1500 600 0.01451 1.10325 4.7775 4.51339
1500 700 0.014816 1.10372 4.77921 4.51404
1500 800 0.0175065 1.09849 4.77002 4.50472
1500 900 0.0189653 1.09687 4.76823 4.50215
1600 1000 0.0194833 1.09328 4.76275 4.497
1600 1100 0.0204517 1.0932 4.76207 4.49643
1600 1200 0.01891 1.08467 4.75785 4.49071
1600 1300 0.0191744 1.07343 4.74504 4.49316
1600 1400 0.0190339 1.05495 4.72544 4.47209
1600 1500 0.0178568 1.06768 4.73972 4.48589
1600 600 0.0130778 1.10362 4.77826 4.5133
1600 700 0.0166912 1.10302 4.77756 4.51413
1600 800 0.0204565 1.09797 4.76919 4.50314
1600 900 0.0174256 1.09796 4.76907 4.50309
1700 1000 0.0181576 1.09628 4.76576 4.49923
1700 1100 0.0178133 1.09465 4.76472 4.49843
1700 1200 0.0197089 1.09301 4.7607 4.49635
1700 1300 0.0194857 1.0849 4.75801 4.4907
1700 1400 0.0179328 1.06979 4.74107 4.48841
1700 1500 0.0204521 1.05896 4.72797 4.47343
1700 1600 0.0162205 1.07416 4.74558 4.49303
1700 600 0.0132678 1.10275 4.7772 4.51371
1700 700 0.0150058 1.10348 4.7779 4.51358
1700 800 0.0184496 1.09999 4.77443 4.50931
1700 900 0.0188207 1.0938 4.76371 4.49935
1800 1000 0.0166942 1.09625 4.76604 4.4995
1800 1100 0.0161658 1.09828 4.76992 4.50478
1800 1200 0.0176555 1.09961 4.7738 4.50848
1800 1300 0.0179501 1.09318 4.7619 4.49643
1800 1400 0.0183987 1.0829 4.7579 4.49114
1800 1500 0.0211068 1.07456 4.74511 4.49254
1800 1600 0.0198756 1.06359 4.73461 4.48097
1800 1700 0.0195112 1.06712 4.73924 4.48496
1800 600 0.0143869 1.1144 4.79412 4.52565
1800 700 0.0158082 1.10778 4.78531 4.51978
1800 800 0.0162218 1.10737 4.78459 4.51795
1800 900 0.0152646 1.10301 4.77725 4.51419
1900 1000 0.0175539 1.10281 4.77708 4.51336
1900 1100 0.0178237 1.09992 4.77422 4.50889
1900 1200 0.0173379 1.0958 4.76633 4.50003
1900 1300 0.0193238 1.0953 4.76586 4.49957
1900 1400 0.0166315 1.09684 4.76798 4.50194
1900 1500 0.0170385 1.08883 4.76118 4.49025
1900 1600 0.0190755 1.07952 4.7548 4.49501
1900 1700 0.0193617 1.05676 4.72654 4.47266
1900 1800 0.0161772 1.0749 4.74538 4.49197
1900 600 0.0138186 1.12745 4.81584 4.54045
1900 700 0.0128254 1.11844 4.79917 4.52776
1900 800 0.0136275 1.10981 4.78833 4.5208
1900 900 0.0156025 1.10839 4.78525 4.51866
2000 1000 0.0162338 1.10521 4.782 4.51617
2000 1100 0.0172327 1.10852 4.78534 4.51868
2000 1200 0.0158157 1.09357 4.76325 4.49856
2000 1300 0.0200964 1.09557 4.7662 4.49979
2000 1400 0.0157503 1.0999 4.7743 4.50921
2000 1500 0.0163332 1.09348 4.76306 4.49808
2000 1600 0.015622 1.09193 4.76542 4.49586
2000 1700 0.0189733 1.08108 4.75477 4.49532
2000 1800 0.0170601 1.05835 4.72758 4.47363
2000 1900 0.0160201 1.06233 4.73387 4.47963
2000 600 0.0122154 1.11792 4.79951 4.52929
2000 700 0.0119629 1.11118 4.7894 4.52241
2000 800 0.0141588 1.11411 4.79283 4.52385
2000 900 0.0142635 1.11296 4.79099 4.52242
2100 1000 0.0173459 1.11051 4.78895 4.52143
2100 1100 0.014571 1.11246 4.79128 4.52297
2100 1200 0.0162665 1.09917 4.77347 4.50739
2100 1300 0.0170239 1.10625 4.78324 4.51517
2100 1400 0.0150575 1.09732 4.76979 4.50387
2100 1500 0.0153818 1.09937 4.77349 4.50817
2100 1600 0.017164 1.09962 4.77369 4.50852
2100 1700 0.017582 1.08873 4.76061 4.48985
2100 1800 0.0156658 1.07757 4.7516 4.49408
2100 1900 0.0151668 1.05748 4.72676 4.47298
2100 2000 0.0132953 1.07052 4.74242 4.49197
2100 600 0.0110794 1.12526 4.8107 4.53728
2100 700 0.0128254 1.11977 4.80125 4.52935
2100 800 0.0143273 1.12143 4.8038 4.53146
2100 900 0.0130028 1.11674 4.79743 4.5265
2200 1000 0.0158163 1.12001 4.8014 4.52909
2200 1100 0.0136968 1.11085 4.78938 4.52169
2200 1200 0.0130661 1.11645 4.7959 4.52579
2200 1300 0.0141813 1.10997 4.7885 4.52101
2200 1400 0.0143227 1.10454 4.78118 4.5152
2200 1500 0.0157082 1.10325 4.7775 4.51339
2200 1600 0.0172985 1.09839 4.77015 4.505
2200 1700 0.0145839 1.09583 4.76641 4.50019
2200 1800 0.0154549 1.08928 4.76175 4.4914
2200 1900 0.0163511 1.08354 4.75911 4.49204
2200 2000 0.0160599 1.06072 4.73086 4.47703
2200 2100 0.0128953 1.06536 4.7357 4.48218
2200 600 0.0112803 1.12483 4.8102 4.53739
2200 700 0.0123101 1.12489 4.8101 4.53724
2200 800 0.0135925 1.11966 4.80098 4.52907
2200 900 0.0156959 1.1179 4.79943 4.52876
2300 1000 0.0143459 1.12752 4.81579 4.54015
2300 1100 0.013497 1.12846 4.81657 4.54258
2300 1200 0.0130479 1.11594 4.79561 4.5252
2300 1300 0.0144281 1.11474 4.79477 4.52636
2300 1400 0.0142985 1.10758 4.78501 4.51856
2300 1500 0.0131452 1.1058 4.78182 4.51532
2300 1600 0.0135372 1.10912 4.78625 4.51981
2300 1700 0.016281 1.098 4.76899 4.50293
2300 1800 0.0133766 1.09786 4.76936 4.50329
2300 1900 0.0152465 1.09334 4.76278 4.49737
2300 2000 0.0156175 1.07722 4.75126 4.49428
2300 2100 0.0147612 1.06568 4.73647 4.48361
2300 2200 0.011777 1.06285 4.73338 4.48032
2300 600 0.0110632 1.12947 4.81852 4.5432
2300 700 0.0129617 1.12253 4.80657 4.5342
2300 800 0.0105955 1.12741 4.81577 4.54049
2300 900 0.0135624 1.12958 4.81902 4.54367
2400 1000 0.0122136 1.13375 4.8276 4.54589
2400 1100 0.0130777 1.13509 4.83149 4.54877
2400 1200 0.0117793 1.12802 4.81591 4.54178
2400 1300 0.0144321 1.11926 4.80007 4.52817
2400 1400 0.0122848 1.11578 4.79536 4.52556
2400 1500 0.0161997 1.11209 4.79025 4.52322
2400 1600 0.0143782 1.09898 4.77238 4.50674
2400 1700 0.0144532 1.10573 4.78144 4.51521
2400 1800 0.0138301 1.09936 4.77335 4.50807
2400 1900 0.0148435 1.09816 4.76956 4.50356
2400 2000 0.0131469 1.09272 4.75996 4.49594
2400 2100 0.0137366 1.08434 4.75791 4.49051
2400 2200 0.0132572 1.06143 4.73235 4.47749
2400 2300 0.0122738 1.05919 4.72874 4.47461
2400 600 0.010956 1.12449 4.80982 4.53707
2400 700 0.0117877 1.12659 4.81324 4.53809
2400 800 0.0124467 1.13475 4.83143 4.54896
2400 900 0.0138217 1.12718 4.81431 4.53937
2500 1000 0.0120398 1.13886 4.83732 4.55126
2500 1100 0.0107645 1.13475 4.83143 4.54896
2500 1200 0.0136443 1.12632 4.81184 4.53728
2500 1300 0.0127946 1.12286 4.80698 4.53424
2500 1400 0.0125013 1.1275 4.81584 4.54021
2500 1500 0.0140012 1.11507 4.79472 4.52555
2500 1600 0.0141667 1.10973 4.78864 4.52113
2500 1700 0.0129426 1.10864 4.78519 4.51879
2500 1800 0.013638 1.09936 4.77335 4.50807
2500 1900 0.0115412 1.09759 4.76931 4.50362
2500 2000 0.013039 1.09836 4.76981 4.50458
2500 2100 0.0139127 1.0863 4.75763 4.48929
2500 2200 0.0148593 1.0851 4.75795 4.48965
2500 2300 0.0127715 1.06244 4.7334 4.47948
2500 2400 0.0129497 1.06777 4.73971 4.48576
2500 600 0.0101222 1.14221 4.84464 4.55702
2500 700 0.0113236 1.13212 4.82327 4.5442
2500 800 0.0142862 1.1338 4.82781 4.54609
2500 900 0.0114643 1.13261 4.82443 4.54499
700 600 0.0145749 1.08976 4.76239 4.49224
800 600 0.0182148 1.06608 4.73767 4.48441
800 700 0.0209551 1.095 4.76531 4.49885
900 600 0.0170065 1.07256 4.74347 4.49258
900 700 0.0204537 1.06739 4.73941 4.48489
900 800 0.0198053 1.06183 4.73286 4.47889
