1000 800 0.0206285 1.05191 7.35181 5.95948
1000 900 0.0198734 1.05644 7.35612 5.96325
1100 1000 0.0216239 1.05428 7.35372 5.95994
1100 800 0.0196326 1.06758 7.3834 5.97908
1100 900 0.02051 1.05705 7.35753 5.96427
1200 1000 0.0203077 1.05499 7.35298 5.9618
1200 1100 0.0209043 1.06232 7.36887 5.97026
1200 800 0.0201676 1.08165 7.41337 5.99141
1200 900 0.0201166 1.06916 7.39118 5.97973
1300 1000 0.0242191 1.06627 7.37932 5.97691
1300 1100 0.0243404 1.05641 7.35596 5.96344
1300 1200 0.0224856 1.05888 7.36094 5.96601
1300 800 0.0201362 1.09757 7.4522 6.01567
1300 900 0.0237024 1.08547 7.41913 5.99553
1400 1000 0.018204 1.0995 7.45753 6.01379
1400 1100 0.0206042 1.06827 7.38568 5.97952
1400 1200 0.0230544 1.05379 7.35322 5.95903
1400 1300 0.0211562 1.05789 7.35901 5.96449
1400 800 0.0172206 1.0924 7.43771 6.01036
1400 900 0.020625 1.09271 7.43857 6.0113
1500 1000 0.0224985 1.08879 7.4283 6.00065
1500 1100 0.0201427 1.07849 7.41037 5.99121
1500 1200 0.0216888 1.07149 7.39432 5.98452
1500 1300 0.0205303 1.05984 7.36333 5.96743
1500 1400 0.0187897 1.05618 7.35492 5.96219
1500 800 0.0181368 1.09246 7.43799 6.01036
1500 900 0.0190994 1.09133 7.43434 6.00827
1600 1000 0.01741 1.08962 7.43024 6.0039
1600 1100 0.0212364 1.09197 7.43706 6.00843
1600 1200 0.0219025 1.08121 7.41195 5.99043
1600 1300 0.0197545 1.07782 7.40944 5.9903
1600 1400 0.0207805 1.0553 7.35425 5.96269
1600 1500 0.019154 1.0641 7.37351 5.9734
1600 800 0.0150787 1.1052 7.47387 6.02289
1600 900 0.0192533 1.09608 7.44869 6.01308
1700 1000 0.0196226 1.09977 7.45937 6.0137
1700 1100 0.0205219 1.09042 7.43155 6.00531
1700 1200 0.0194364 1.08888 7.42829 6.00067
1700 1300 0.0215345 1.08849 7.42721 6.00034
1700 1400 0.0205515 1.07603 7.4031 5.98867
1700 1500 0.0192166 1.06281 7.3695 5.97165
1700 1600 0.0185043 1.06383 7.37235 5.97352
1700 800 0.0176538 1.1064 7.4784 6.02563
1700 900 0.0175799 1.09544 7.44779 6.01386
1800 1000 0.0176255 1.10047 7.4612 6.01554
1800 1100 0.0201362 1.09764 7.45245 6.01553
1800 1200 0.018101 1.08989 7.43049 6.00417
1800 1300 0.0194713 1.09504 7.44736 6.0132
1800 1400 0.0211271 1.08454 7.41944 5.99469
1800 1500 0.01762 1.07386 7.40079 5.98687
1800 1600 0.0185667 1.05507 7.35296 5.96237
1800 1700 0.0174263 1.0643 7.37264 5.97342
1800 800 0.0187176 1.10329 7.46867 6.02229
1800 900 0.0194094 1.09735 7.45165 6.015
1900 1000 0.0179611 1.10198 7.46572 6.01662
1900 1100 0.0182174 1.09533 7.44776 6.01286
1900 1200 0.0171711 1.10072 7.46242 6.01664
1900 1300 0.017324 1.09686 7.45008 6.01435
1900 1400 0.0186154 1.09074 7.43225 6.00655
1900 1500 0.0195403 1.08672 7.42173 5.99769
1900 1600 0.0183169 1.0753 7.40268 5.98909
1900 1700 0.0215076 1.05691 7.35722 5.96415
1900 1800 0.0151676 1.06676 7.38045 5.97829
1900 800 0.0140243 1.10823 7.48374 6.03042
1900 900 0.0168319 1.09741 7.45141 6.01508
2000 1000 0.0169879 1.10671 7.47982 6.02619
2000 1100 0.0151965 1.10425 7.47113 6.0225
2000 1200 0.0191537 1.09999 7.45939 6.01445
2000 1300 0.0185831 1.09807 7.45497 6.0159
2000 1400 0.0170941 1.09258 7.43821 6.01054
2000 1500 0.0158671 1.09068 7.43154 6.00663
2000 1600 0.0157636 1.08869 7.42801 6.00121
2000 1700 0.0177665 1.07374 7.40161 5.9872
2000 1800 0.0177598 1.06447 7.37385 5.97403
2000 1900 0.015296 1.07278 7.39765 5.98577
2000 800 0.0136071 1.1047 7.47319 6.02322
2000 900 0.017556 1.1058 7.47663 6.02362
2100 1000 0.015921 1.10321 7.46898 6.02115
2100 1100 0.0162953 1.10487 7.47322 6.02384
2100 1200 0.0159282 1.10404 7.4707 6.02228
2100 1300 0.0163833 1.10462 7.47287 6.02308
2100 1400 0.0162089 1.09703 7.44972 6.01473
2100 1500 0.0178121 1.10285 7.46893 6.01948
2100 1600 0.0152836 1.09948 7.45748 6.0139
2100 1700 0.0177532 1.08832 7.42669 6.0001
2100 1800 0.0153224 1.07758 7.40782 5.99097
2100 1900 0.0162501 1.05822 7.35926 5.96389
2100 2000 0.0129493 1.06929 7.39074 5.98055
2100 800 0.0135767 1.12272 7.52184 6.06517
2100 900 0.0144821 1.11146 7.49257 6.03874
2200 1000 0.0149152 1.11126 7.49222 6.0387
2200 1100 0.0143524 1.10775 7.48191 6.02857
2200 1200 0.0161016 1.11117 7.49108 6.03792
2200 1300 0.0178197 1.10594 7.47777 6.02245
2200 1400 0.0157888 1.09907 7.45618 6.01433
2200 1500 0.0145519 1.10385 7.4706 6.02275
2200 1600 0.0156326 1.09943 7.45738 6.01312
2200 1700 0.0167501 1.09596 7.44891 6.01338
2200 1800 0.0171715 1.091 7.43334 6.00775
2200 1900 0.0165522 1.07788 7.40918 5.99066
2200 2000 0.0169101 1.06323 7.37073 5.97256
2200 2100 0.0120805 1.05997 7.36397 5.9676
2200 800 0.012261 1.12501 7.52986 6.06627
2200 900 0.0140132 1.12197 7.5191 6.06291
2300 1000 0.0148249 1.12046 7.51511 6.05725
2300 1100 0.0133625 1.13159 7.55322 6.07885
2300 1200 0.0140836 1.11717 7.50463 6.0508
2300 1300 0.0151611 1.10658 7.47923 6.02577
2300 1400 0.0145662 1.10483 7.47297 6.02379
2300 1500 0.0162597 1.10607 7.478 6.02475
2300 1600 0.0169363 1.10149 7.46436 6.01604
2300 1700 0.014805 1.09336 7.44157 6.01251
2300 1800 0.0145608 1.09481 7.44729 6.0134
2300 1900 0.0167403 1.09138 7.43465 6.00837
2300 2000 0.0169554 1.08147 7.41255 5.99036
2300 2100 0.0181514 1.06851 7.38654 5.98055
2300 2200 0.0147767 1.06656 7.38066 5.97834
2300 800 0.0146069 1.12338 7.52255 6.06271
2300 900 0.0135311 1.11565 7.50216 6.04996
2400 1000 0.0152727 1.13488 7.56853 6.08901
2400 1100 0.0128953 1.11983 7.51284 6.05477
2400 1200 0.0139 1.12069 7.51712 6.05748
2400 1300 0.0141729 1.1274 7.53765 6.07083
2400 1400 0.0132453 1.11205 7.49333 6.04054
2400 1500 0.0135536 1.11328 7.49981 6.04326
2400 1600 0.0132739 1.10162 7.46428 6.01721
2400 1700 0.0139216 1.10188 7.46587 6.01698
2400 1800 0.0148314 1.09988 7.45948 6.01489
2400 1900 0.0141994 1.09291 7.4402 6.01214
2400 2000 0.0137743 1.09604 7.44879 6.01305
2400 2100 0.0143932 1.07927 7.41056 5.99099
2400 2200 0.0130983 1.06345 7.37145 5.97355
2400 2300 0.0135115 1.07136 7.39403 5.98437
2400 800 0.013707 1.12566 7.53209 6.0662
2400 900 0.0119001 1.12615 7.53433 6.06743
2500 1000 0.0130896 1.13212 7.55618 6.08069
2500 1100 0.0128042 1.12846 7.5414 6.07385
2500 1200 0.0107282 1.12699 7.53719 6.06961
2500 1300 0.0138385 1.13161 7.55335 6.07881
2500 1400 0.0138712 1.12428 7.52713 6.06418
2500 1500 0.0129882 1.11538 7.50328 6.04868
2500 1600 0.014928 1.11128 7.4922 6.03871
2500 1700 0.0131139 1.11195 7.49427 6.04047
2500 1800 0.0133863 1.09988 7.45948 6.01489
2500 1900 0.0152124 1.09866 7.45519 6.01405
2500 2000 0.013385 1.10225 7.46762 6.01683
2500 2100 0.0142467 1.09076 7.43215 6.00708
2500 2200 0.0120433 1.08542 7.41907 5.9954
2500 2300 0.0150637 1.06393 7.37288 5.97426
2500 2400 0.0144829 1.08165 7.41337 5.99141
2500 800 0.0129087 1.1209 7.51719 6.05899
2500 900 0.0162423 1.12462 7.52841 6.06489
900 800 0.0204234 1.06362 7.37131 5.97317
