1000 600 0.0140067 1.07269 2.79841 2.97363
1000 700 0.0180411 1.09345 2.79214 2.98402
1000 800 0.0185988 1.06768 2.79944 2.97027
1000 900 0.0183273 1.07194 2.79887 2.97284
1100 1000 0.0163638 1.07502 2.79615 2.97524
1100 600 0.0151884 1.08578 2.79376 2.97994
1100 700 0.0176709 1.09547 2.79277 2.98645
1100 800 0.0193672 1.07535 2.79579 2.97539
1100 900 0.0180972 1.05923 2.79983 2.96733
1200 1000 0.0187227 1.05853 2.79973 2.96734
1200 1100 0.0183912 1.06486 2.80018 2.96963
1200 600 0.0166172 1.1067 2.79053 2.99514
1200 700 0.0176024 1.09755 2.79319 2.98816
1200 800 0.0182547 1.08206 2.79087 2.97642
1200 900 0.0218794 1.08554 2.79369 2.9801
1300 1000 0.0164852 1.07382 2.79688 2.97401
1300 1100 0.0201176 1.05762 2.80074 2.96712
1300 1200 0.0180384 1.07499 2.79649 2.97549
1300 600 0.0122503 1.10723 2.79023 2.99478
1300 700 0.0168605 1.09924 2.79336 2.98933
1300 800 0.0192431 1.10241 2.79263 2.99182
1300 900 0.017279 1.087 2.79467 2.98159
1400 1000 0.0189812 1.09214 2.79176 2.98214
1400 1100 0.0217799 1.07226 2.79856 2.97292
1400 1200 0.0217464 1.06034 2.79996 2.96791
1400 1300 0.0184359 1.06781 2.79962 2.97022
1400 600 0.0124114 1.09689 2.79323 2.98736
1400 700 0.0164425 1.09774 2.79386 2.98895
1400 800 0.0179482 1.09625 2.79364 2.98721
1400 900 0.0172437 1.09593 2.79293 2.98661
1500 1000 0.0198216 1.0997 2.79322 2.98985
1500 1100 0.0222885 1.08623 2.79429 2.98083
1500 1200 0.0181531 1.08297 2.79143 2.97838
1500 1300 0.0230346 1.0599 2.80022 2.96777
1500 1400 0.0174644 1.06676 2.7993 2.96995
1500 600 0.0131616 1.11827 2.79004 3.0018
1500 700 0.0135416 1.10745 2.78979 2.99486
1500 800 0.0153331 1.09794 2.79391 2.98882
1500 900 0.0167487 1.10377 2.79161 2.99311
1600 1000 0.0172945 1.09598 2.79308 2.98683
1600 1100 0.0184341 1.10042 2.79233 2.98972
1600 1200 0.0182761 1.08909 2.7934 2.98137
1600 1300 0.018548 1.07676 2.79453 2.97501
1600 1400 0.017567 1.06279 2.79979 2.96875
1600 1500 0.0164647 1.07253 2.7986 2.97355
1600 600 0.0119657 1.11043 2.78861 2.99615
1600 700 0.0151584 1.10152 2.79248 2.99103
1600 800 0.0189697 1.10132 2.7923 2.99087
1600 900 0.0156947 1.1044 2.79288 2.99395
1700 1000 0.016869 1.09494 2.79276 2.98586
1700 1100 0.0168189 1.10046 2.79231 2.98976
1700 1200 0.0186256 1.09531 2.79287 2.98631
1700 1300 0.0183878 1.086 2.79436 2.98039
1700 1400 0.0163934 1.06979 2.79857 2.97164
1700 1500 0.0198116 1.06294 2.79977 2.9691
1700 1600 0.0158666 1.07522 2.79607 2.97573
1700 600 0.0122804 1.10291 2.79211 2.99193
1700 700 0.014291 1.10266 2.79248 2.99206
1700 800 0.0168881 1.10448 2.79338 2.99402
1700 900 0.0176414 1.09772 2.7938 2.98889
1800 1000 0.0158688 1.09781 2.79387 2.98896
1800 1100 0.0149059 1.10135 2.79214 2.99084
1800 1200 0.0163577 1.1 2.79283 2.9894
1800 1300 0.0175741 1.09369 2.79253 2.98433
1800 1400 0.0173008 1.08784 2.79457 2.9816
1800 1500 0.0204513 1.07593 2.7961 2.97543
1800 1600 0.0191395 1.07315 2.79763 2.97389
1800 1700 0.0191361 1.07878 2.79423 2.97486
1800 600 0.012656 1.12096 2.78969 3.00253
1800 700 0.0142825 1.11378 2.79071 2.99896
1800 800 0.0150363 1.11399 2.7906 2.99909
1800 900 0.0142772 1.10626 2.79016 2.9947
1900 1000 0.0163746 1.10404 2.79154 2.99381
1900 1100 0.0168956 1.1048 2.79256 2.99396
1900 1200 0.0171609 1.09807 2.79352 2.98905
1900 1300 0.0182479 1.09902 2.79372 2.98898
1900 1400 0.0157109 1.10021 2.79245 2.98981
1900 1500 0.0163086 1.09518 2.79236 2.98606
1900 1600 0.0181554 1.0777 2.79384 2.97508
1900 1700 0.0185584 1.05768 2.80067 2.96729
1900 1800 0.0153739 1.06928 2.79827 2.97137
1900 600 0.0125441 1.12811 2.79144 3.00658
1900 700 0.0119265 1.11986 2.78971 3.00286
1900 800 0.0125516 1.11111 2.78864 2.99608
1900 900 0.0143351 1.11254 2.79014 2.99712
2000 1000 0.0154022 1.10749 2.78967 2.9948
2000 1100 0.0163404 1.11077 2.78901 2.99668
2000 1200 0.0152707 1.0954 2.7929 2.98652
2000 1300 0.018991 1.09839 2.79332 2.98898
2000 1400 0.0149249 1.10315 2.79157 2.99214
2000 1500 0.0155228 1.09452 2.79314 2.98548
2000 1600 0.0141636 1.09635 2.79366 2.98712
2000 1700 0.0181554 1.08023 2.79282 2.97608
2000 1800 0.0164125 1.05847 2.79986 2.96748
2000 1900 0.0152093 1.05862 2.79968 2.96732
2000 600 0.0110441 1.12167 2.79007 3.00372
2000 700 0.0111525 1.11142 2.78879 2.99626
2000 800 0.012891 1.12006 2.78951 3.00226
2000 900 0.013527 1.11912 2.78973 3.00184
2100 1000 0.0166979 1.11294 2.78982 2.99783
2100 1100 0.013746 1.10947 2.78944 2.99603
2100 1200 0.0156402 1.10214 2.79221 2.99145
2100 1300 0.0162205 1.10718 2.79043 2.99491
2100 1400 0.0146081 1.09794 2.79391 2.98882
2100 1500 0.0150138 1.10455 2.79284 2.99407
2100 1600 0.0161696 1.09341 2.79164 2.98367
2100 1700 0.017398 1.09103 2.79164 2.98064
2100 1800 0.0150177 1.07889 2.79409 2.97442
2100 1900 0.0150783 1.05763 2.8007 2.96708
2100 2000 0.0127503 1.08932 2.79337 2.98207
2100 600 0.0102615 1.12579 2.79116 3.00562
2100 700 0.0119261 1.11782 2.78953 3.00154
2100 800 0.0136125 1.12497 2.79183 3.00588
2100 900 0.0120752 1.12271 2.78915 3.00264
2200 1000 0.0149103 1.12105 2.79039 3.00293
2200 1100 0.0130634 1.11436 2.79091 2.99952
2200 1200 0.0126166 1.11989 2.78976 3.00277
2200 1300 0.0138132 1.11552 2.79221 3.00048
2200 1400 0.0136742 1.10646 2.79015 2.99513
2200 1500 0.0150593 1.10223 2.79241 2.99185
2200 1600 0.0166646 1.1008 2.79209 2.99063
2200 1700 0.0144069 1.10244 2.79252 2.99188
2200 1800 0.0150125 1.08998 2.79403 2.9817
2200 1900 0.0160715 1.0841 2.792 2.97973
2200 2000 0.015529 1.06103 2.79952 2.96823
2200 2100 0.0126229 1.0693 2.79818 2.97137
2200 600 0.0105584 1.13027 2.79252 3.01028
2200 700 0.011839 1.12902 2.791 3.00695
2200 800 0.0127817 1.1241 2.79048 3.00539
2200 900 0.01479 1.11707 2.78975 3.00058
2300 1000 0.013167 1.12864 2.79072 3.00694
2300 1100 0.0127604 1.13114 2.79286 3.01073
2300 1200 0.0129595 1.12053 2.78931 3.00251
2300 1300 0.0138088 1.11631 2.79083 3.00102
2300 1400 0.0133783 1.11016 2.7887 2.99568
2300 1500 0.0128723 1.10625 2.79008 2.99467
2300 1600 0.0128966 1.11027 2.78877 2.99577
2300 1700 0.0158386 1.09878 2.79365 2.98874
2300 1800 0.0128387 1.09979 2.79311 2.98969
2300 1900 0.015062 1.09375 2.79244 2.98447
2300 2000 0.0151681 1.08059 2.79266 2.97517
2300 2100 0.0142162 1.06128 2.79936 2.96833
2300 2200 0.01149 1.06553 2.80003 2.96959
2300 600 0.0103341 1.12784 2.79095 3.0057
2300 700 0.0119744 1.12158 2.79012 3.00352
2300 800 0.0101319 1.12834 2.79102 3.00646
2300 900 0.0124649 1.12775 2.79128 3.00589
2400 1000 0.0118526 1.13574 2.79318 3.01713
2400 1100 0.0127167 1.13968 2.78031 3.01758
2400 1200 0.0112272 1.12801 2.79139 3.00646
2400 1300 0.0139756 1.12027 2.78969 3.00244
2400 1400 0.0119309 1.11926 2.79011 3.0024
2400 1500 0.0157361 1.11376 2.7906 2.9991
2400 1600 0.0141057 1.10293 2.79205 2.99189
2400 1700 0.0141807 1.10626 2.79016 2.9947
2400 1800 0.0131962 1.10086 2.79187 2.99063
2400 1900 0.014571 1.09924 2.79336 2.98933
2400 2000 0.0129629 1.09239 2.79187 2.98227
2400 2100 0.0132726 1.08271 2.79129 2.97786
2400 2200 0.0126976 1.06296 2.79976 2.96916
2400 2300 0.0118172 1.05984 2.8002 2.96737
2400 600 0.0103969 1.1261 2.79153 3.00581
2400 700 0.0110653 1.12841 2.79082 3.00638
2400 800 0.0115474 1.1325 2.79454 3.01441
2400 900 0.0135492 1.1296 2.79185 3.00779
2500 1000 0.0116717 1.14337 2.78664 3.02238
2500 1100 0.0102266 1.13424 2.79289 3.01517
2500 1200 0.0129078 1.13144 2.79379 3.01207
2500 1300 0.0119771 1.12498 2.79183 3.00588
2500 1400 0.0124128 1.13382 2.79342 3.01514
2500 1500 0.0134416 1.11672 2.79051 3.00144
2500 1600 0.0138128 1.10845 2.78943 2.9947
2500 1700 0.0125817 1.10722 2.79028 2.99477
2500 1800 0.0135495 1.10065 2.79199 2.98978
2500 1900 0.0114527 1.09786 2.79396 2.98898
2500 2000 0.0127665 1.10123 2.79212 2.99059
2500 2100 0.0137212 1.08646 2.79393 2.98125
2500 2200 0.0144833 1.08937 2.79312 2.982
2500 2300 0.0127715 1.06371 2.7999 2.96925
2500 2400 0.0129497 1.06777 2.79949 2.97024
2500 600 0.00949583 1.15036 2.78643 3.02899
2500 700 0.0109627 1.15316 2.78399 3.03098
2500 800 0.0136452 1.13357 2.79444 3.01515
2500 900 0.0109193 1.13446 2.79338 3.01589
700 600 0.0114881 1.14588 2.78601 3.02381
800 600 0.0130959 1.09448 2.7935 2.98549
800 700 0.0167425 1.10991 2.78895 2.996
900 600 0.0128001 1.0918 2.79183 2.98156
900 700 0.0164013 1.07616 2.796 2.97519
900 800 0.0169702 1.08146 2.79148 2.97621
