1000 800 0.0173135 1.06292 5.20384 3.77623
1000 900 0.0174126 1.05997 5.20041 3.77306
1100 1000 0.019812 1.05136 5.19448 3.76832
1100 800 0.0172528 1.07638 5.22953 3.78544
1100 900 0.0182411 1.06189 5.20304 3.77579
1200 1000 0.0180022 1.05906 5.19922 3.77208
1200 1100 0.0188052 1.06473 5.20695 3.77799
1200 800 0.0180606 1.08935 5.2494 3.79799
1200 900 0.0178327 1.07483 5.22601 3.78331
1300 1000 0.0224731 1.07451 5.2249 3.78333
1300 1100 0.0223295 1.0666 5.21143 3.78005
1300 1200 0.0205631 1.06806 5.21411 3.78145
1300 800 0.0187441 1.10726 5.28316 3.81358
1300 900 0.0216769 1.09082 5.2517 3.80047
1400 1000 0.0169442 1.10105 5.2692 3.81004
1400 1100 0.0191532 1.07035 5.21839 3.78315
1400 1200 0.0210952 1.05491 5.19712 3.77092
1400 1300 0.0204268 1.05908 5.19915 3.77231
1400 800 0.0155994 1.09679 5.26224 3.80337
1400 900 0.0190489 1.09568 5.25852 3.80173
1500 1000 0.020856 1.09001 5.2508 3.79906
1500 1100 0.018479 1.0827 5.2396 3.79115
1500 1200 0.0205099 1.07298 5.22342 3.78399
1500 1300 0.0190506 1.07076 5.21864 3.78371
1500 1400 0.0175227 1.0695 5.21701 3.78316
1500 800 0.016274 1.09607 5.26026 3.80214
1500 900 0.0179948 1.09599 5.26026 3.80187
1600 1000 0.0164828 1.09211 5.25458 3.80184
1600 1100 0.0197554 1.09671 5.26178 3.80353
1600 1200 0.0203264 1.08162 5.23761 3.78978
1600 1300 0.0186641 1.0827 5.2396 3.79115
1600 1400 0.0198533 1.05859 5.19924 3.77174
1600 1500 0.0186011 1.07522 5.22679 3.78396
1600 800 0.0138773 1.13444 5.34899 3.84341
1600 900 0.0176988 1.09693 5.26247 3.80404
1700 1000 0.0184216 1.10415 5.27551 3.81263
1700 1100 0.0193072 1.09398 5.25791 3.80175
1700 1200 0.0184199 1.09088 5.25169 3.80082
1700 1300 0.02026 1.09743 5.26273 3.80414
1700 1400 0.0193509 1.07687 5.23076 3.78662
1700 1500 0.0179413 1.06549 5.20995 3.7784
1700 1600 0.0177678 1.07702 5.23106 3.78709
1700 800 0.0165638 1.10809 5.28423 3.81464
1700 900 0.0165775 1.09995 5.26836 3.8076
1800 1000 0.0162697 1.09791 5.26246 3.80463
1800 1100 0.0193116 1.09811 5.26307 3.80445
1800 1200 0.0171136 1.0977 5.26297 3.80444
1800 1300 0.0184768 1.09654 5.26168 3.80329
1800 1400 0.0201176 1.08574 5.24421 3.79287
1800 1500 0.0169861 1.07666 5.23032 3.78622
1800 1600 0.0178368 1.05865 5.1994 3.77174
1800 1700 0.0166969 1.07061 5.21826 3.78345
1800 800 0.0178926 1.10921 5.28655 3.81544
1800 900 0.0187755 1.0996 5.2683 3.80664
1900 1000 0.0174232 1.09991 5.26823 3.80762
1900 1100 0.0174954 1.09577 5.25897 3.80158
1900 1200 0.0160661 1.10103 5.26926 3.80994
1900 1300 0.0162473 1.09684 5.26237 3.8036
1900 1400 0.0180771 1.09762 5.2628 3.80436
1900 1500 0.0187078 1.08724 5.24665 3.79397
1900 1600 0.0175803 1.07764 5.23235 3.78694
1900 1700 0.0206759 1.05808 5.19897 3.77098
1900 1800 0.0145267 1.07093 5.21892 3.78395
1900 800 0.0134934 1.10807 5.28426 3.81414
1900 900 0.0160144 1.09983 5.26815 3.8067
2000 1000 0.0164358 1.11031 5.28938 3.81574
2000 1100 0.0142972 1.10357 5.27333 3.81078
2000 1200 0.0186088 1.10149 5.27088 3.81043
2000 1300 0.0176767 1.09936 5.26783 3.80613
2000 1400 0.0162903 1.09381 5.2581 3.80133
2000 1500 0.014659 1.09008 5.25074 3.7994
2000 1600 0.0147471 1.08722 5.24669 3.79387
2000 1700 0.0165739 1.08158 5.23755 3.78957
2000 1800 0.0172958 1.06996 5.21778 3.78335
2000 1900 0.0149276 1.06978 5.21751 3.7834
2000 800 0.0129732 1.11446 5.30067 3.8197
2000 900 0.0161997 1.10926 5.28697 3.81527
2100 1000 0.0150075 1.10223 5.27039 3.81065
2100 1100 0.0155804 1.10758 5.28401 3.81386
2100 1200 0.0150293 1.10369 5.27287 3.81127
2100 1300 0.0153602 1.10587 5.27987 3.81308
2100 1400 0.0161205 1.09679 5.26224 3.80337
2100 1500 0.0169946 1.1061 5.28012 3.81353
2100 1600 0.0146359 1.09942 5.26746 3.80613
2100 1700 0.0172962 1.08914 5.24877 3.79707
2100 1800 0.0146004 1.0825 5.23901 3.79039
2100 1900 0.0156087 1.06122 5.20161 3.77523
2100 2000 0.0125879 1.06476 5.20705 3.77821
2100 800 0.0128618 1.12126 5.31926 3.82905
2100 900 0.0135832 1.11248 5.29539 3.81791
2200 1000 0.0136625 1.11108 5.29023 3.81599
2200 1100 0.0138888 1.11061 5.29038 3.81561
2200 1200 0.0156522 1.11073 5.29024 3.8158
2200 1300 0.0171933 1.10722 5.28289 3.81375
2200 1400 0.0154278 1.09889 5.26523 3.80632
2200 1500 0.0140949 1.10238 5.27049 3.81094
2200 1600 0.0152646 1.09944 5.26722 3.80601
2200 1700 0.0160282 1.09742 5.2627 3.80416
2200 1800 0.016899 1.09107 5.25219 3.80109
2200 1900 0.0161767 1.0795 5.23481 3.78755
2200 2000 0.0166296 1.06567 5.21046 3.7788
2200 2100 0.0116236 1.05973 5.20019 3.77306
2200 800 0.011893 1.13094 5.34045 3.83706
2200 900 0.0134678 1.12582 5.32837 3.83243
2300 1000 0.0139331 1.12029 5.31545 3.82891
2300 1100 0.012626 1.13086 5.34036 3.83728
2300 1200 0.0132873 1.12377 5.32345 3.83078
2300 1300 0.0147931 1.10854 5.28516 3.81432
2300 1400 0.0138438 1.10444 5.27634 3.81257
2300 1500 0.0157218 1.10654 5.28195 3.81365
2300 1600 0.0164652 1.10201 5.27047 3.81014
2300 1700 0.0145395 1.0949 5.25755 3.80183
2300 1800 0.0141852 1.09509 5.25832 3.80174
2300 1900 0.0164749 1.09099 5.2517 3.80063
2300 2000 0.0166899 1.08162 5.23761 3.78978
2300 2100 0.0178714 1.07095 5.21886 3.78399
2300 2200 0.0145926 1.06507 5.20782 3.77882
2300 800 0.0143415 1.13208 5.34258 3.83975
2300 900 0.0133471 1.12201 5.31999 3.82903
2400 1000 0.0145436 1.13451 5.34923 3.84348
2400 1100 0.0127994 1.12466 5.32415 3.83089
2400 1200 0.013171 1.12176 5.31976 3.82854
2400 1300 0.0136421 1.12773 5.33397 3.83524
2400 1400 0.0129657 1.11326 5.29702 3.81871
2400 1500 0.0128387 1.11279 5.29561 3.81788
2400 1600 0.01264 1.10332 5.27259 3.81105
2400 1700 0.0133621 1.10194 5.27047 3.81031
2400 1800 0.0143745 1.09996 5.26819 3.80756
2400 1900 0.0138309 1.09506 5.25801 3.80181
2400 2000 0.0133987 1.09913 5.26616 3.80621
2400 2100 0.0138411 1.08131 5.2372 3.78934
2400 2200 0.0128254 1.06773 5.21302 3.78086
2400 2300 0.0129661 1.0691 5.21565 3.7828
2400 800 0.0134341 1.12942 5.3383 3.83592
2400 900 0.0116134 1.12788 5.33362 3.83513
2500 1000 0.0122791 1.13284 5.34389 3.84064
2500 1100 0.0120602 1.13638 5.35125 3.84501
2500 1200 0.0106398 1.12606 5.32939 3.83319
2500 1300 0.0131909 1.13221 5.34221 3.83939
2500 1400 0.0134076 1.12581 5.32831 3.83239
2500 1500 0.0124291 1.11537 5.30317 3.81997
2500 1600 0.014744 1.11193 5.29321 3.81705
2500 1700 0.012392 1.11585 5.30477 3.82092
2500 1800 0.0128408 1.10041 5.26829 3.80865
2500 1900 0.0150279 1.0992 5.2669 3.80601
2500 2000 0.0130983 1.10178 5.27036 3.81024
2500 2100 0.0137012 1.09004 5.25088 3.79926
2500 2200 0.0118522 1.08567 5.24399 3.79244
2500 2300 0.0146072 1.06389 5.20509 3.77701
2500 2400 0.0141149 1.08282 5.2395 3.79075
2500 800 0.0122681 1.12393 5.32335 3.83082
2500 900 0.0158814 1.12516 5.32626 3.83139
900 800 0.0170491 1.07947 5.23485 3.78773
