1000 600 0.0168033 1.07351 7.47471 7.78893
1000 700 0.0209805 1.06937 7.46521 7.77553
1000 800 0.0223412 1.05469 7.44604 7.74124
1000 900 0.0220476 1.04925 7.44193 7.73777
1100 1000 0.0189937 1.06158 7.45313 7.75736
1100 600 0.0176701 1.08348 7.49763 7.80683
1100 700 0.0205211 1.07943 7.48564 7.80144
1100 800 0.0220483 1.06732 7.4636 7.77174
1100 900 0.021163 1.04964 7.4423 7.73743
1200 1000 0.0211305 1.05422 7.44427 7.74012
1200 1100 0.0210285 1.05479 7.44612 7.741
1200 600 0.0187905 1.09443 7.51947 7.83041
1200 700 0.0204592 1.09082 7.50683 7.82237
1200 800 0.0218356 1.07876 7.48472 7.80339
1200 900 0.0251724 1.07385 7.47428 7.78869
1300 1000 0.0179516 1.06865 7.46422 7.77361
1300 1100 0.022291 1.05552 7.447 7.7423
1300 1200 0.020056 1.05857 7.44773 7.75101
1300 600 0.0152773 1.09587 7.52315 7.83425
1300 700 0.0187822 1.09444 7.51974 7.8307
1300 800 0.0218954 1.08821 7.50633 7.81404
1300 900 0.0195616 1.0877 7.50695 7.81629
1400 1000 0.0206241 1.08713 7.50663 7.81751
1400 1100 0.0236135 1.06992 7.46671 7.77653
1400 1200 0.0233901 1.05602 7.44788 7.74302
1400 1300 0.0208742 1.06289 7.45481 7.75771
1400 600 0.0138853 1.09273 7.51334 7.82825
1400 700 0.0187932 1.09366 7.51654 7.83058
1400 800 0.0196938 1.09323 7.51489 7.82901
1400 900 0.0189755 1.0916 7.512 7.82479
1500 1000 0.0217437 1.08746 7.50703 7.81629
1500 1100 0.0237537 1.08576 7.5051 7.81418
1500 1200 0.0200831 1.08007 7.48567 7.80092
1500 1300 0.0240436 1.05735 7.44852 7.74799
1500 1400 0.0191144 1.06548 7.46032 7.76586
1500 600 0.01451 1.10152 7.53966 7.84008
1500 700 0.0151699 1.10356 7.55174 7.84641
1500 800 0.0179776 1.09802 7.52403 7.83136
1500 900 0.0191569 1.09382 7.51769 7.83132
1600 1000 0.0196673 1.09298 7.51453 7.82925
1600 1100 0.0205472 1.09214 7.51162 7.82549
1600 1200 0.01891 1.08467 7.50109 7.8112
1600 1300 0.0194398 1.07323 7.47314 7.78888
1600 1400 0.0193948 1.05398 7.44527 7.7392
1600 1500 0.0178568 1.06269 7.45445 7.75945
1600 600 0.0130778 1.10362 7.55234 7.84722
1600 700 0.0167868 1.10165 7.54063 7.84055
1600 800 0.0206335 1.09822 7.52449 7.8313
1600 900 0.0176981 1.09726 7.52163 7.83332
1700 1000 0.0184301 1.0971 7.52069 7.83175
1700 1100 0.0180049 1.09552 7.52224 7.8318
1700 1200 0.0197974 1.0925 7.51253 7.82788
1700 1300 0.0195817 1.08475 7.50087 7.81105
1700 1400 0.0181168 1.06984 7.46696 7.77669
1700 1500 0.020983 1.05757 7.44781 7.74717
1700 1600 0.0165815 1.07054 7.46839 7.77803
1700 600 0.0134589 1.10288 7.54924 7.84382
1700 700 0.0150058 1.10182 7.54093 7.84
1700 800 0.0187292 1.09961 7.53376 7.83563
1700 900 0.0189091 1.09329 7.5151 7.82999
1800 1000 0.0166942 1.09547 7.52224 7.83205
1800 1100 0.0163498 1.0967 7.52187 7.83392
1800 1200 0.017744 1.09826 7.52477 7.83168
1800 1300 0.0182155 1.09286 7.5144 7.8294
1800 1400 0.0183987 1.08244 7.49599 7.80639
1800 1500 0.0211953 1.07441 7.47576 7.79172
1800 1600 0.02006 1.06374 7.45437 7.75936
1800 1700 0.0195112 1.06293 7.45509 7.7578
1800 600 0.0147408 1.11537 7.57884 7.87054
1800 700 0.0160948 1.10825 7.56138 7.85187
1800 800 0.0162218 1.106 7.55423 7.84924
1800 900 0.0154557 1.10303 7.55061 7.84366
1900 1000 0.0175539 1.10281 7.54847 7.84362
1900 1100 0.0180077 1.10104 7.53685 7.83948
1900 1200 0.0174263 1.09577 7.52233 7.83449
1900 1300 0.0193238 1.0947 7.51926 7.83018
1900 1400 0.0169854 1.09789 7.52292 7.83035
1900 1500 0.0172225 1.0887 7.50861 7.81912
1900 1600 0.0192599 1.0779 7.48626 7.80103
1900 1700 0.0196342 1.05801 7.44742 7.7492
1900 1800 0.0169133 1.07089 7.46978 7.7797
1900 600 0.0139071 1.12409 7.59679 7.89935
1900 700 0.0129139 1.11968 7.58571 7.88336
1900 800 0.0138115 1.11098 7.56889 7.8623
1900 900 0.015691 1.10802 7.55995 7.84814
2000 1000 0.0164993 1.10522 7.55681 7.84838
2000 1100 0.0173282 1.10843 7.56261 7.85441
2000 1200 0.0158157 1.09357 7.51594 7.83087
2000 1300 0.0201919 1.09544 7.5226 7.83194
2000 1400 0.0159272 1.10054 7.53598 7.84049
2000 1500 0.0163332 1.09293 7.5143 7.82925
2000 1600 0.015799 1.09223 7.51201 7.82652
2000 1700 0.0190688 1.08051 7.4877 7.8016
2000 1800 0.0170601 1.05835 7.44727 7.75065
2000 1900 0.0162997 1.06193 7.45358 7.75662
2000 600 0.012495 1.1175 7.58384 7.87807
2000 700 0.0120514 1.11073 7.56641 7.86023
2000 800 0.0142472 1.11295 7.57326 7.86409
2000 900 0.0144404 1.11302 7.57246 7.86316
2100 1000 0.0173459 1.10982 7.5653 7.85884
2100 1100 0.0146665 1.1086 7.56324 7.85575
2100 1200 0.0162665 1.09872 7.52727 7.83221
2100 1300 0.0171124 1.10665 7.55793 7.85033
2100 1400 0.0152415 1.09786 7.52285 7.8298
2100 1500 0.0153818 1.09937 7.53336 7.8348
2100 1600 0.017164 1.09674 7.52243 7.83392
2100 1700 0.0177731 1.08902 7.50822 7.81936
2100 1800 0.0156658 1.07757 7.48528 7.79974
2100 1900 0.0154393 1.05682 7.44912 7.74693
2100 2000 0.0136491 1.07306 7.47354 7.78825
2100 600 0.0112564 1.12663 7.59867 7.89781
2100 700 0.0128254 1.1197 7.58593 7.88281
2100 800 0.0144158 1.12229 7.59234 7.89131
2100 900 0.0130913 1.11687 7.58462 7.87547
2200 1000 0.0158163 1.12001 7.5847 7.8833
2200 1100 0.0137853 1.10961 7.56531 7.8577
2200 1200 0.0130661 1.11162 7.57194 7.86301
2200 1300 0.0142697 1.10825 7.56138 7.85187
2200 1400 0.0145142 1.10421 7.55415 7.84875
2200 1500 0.0157967 1.10283 7.5489 7.8441
2200 1600 0.0172985 1.09799 7.52346 7.83105
2200 1700 0.0145839 1.09583 7.52314 7.83459
2200 1800 0.0154549 1.08928 7.50721 7.81947
2200 1900 0.0163511 1.08333 7.49739 7.80647
2200 2000 0.0164208 1.06046 7.44931 7.755
2200 2100 0.0131608 1.06497 7.45846 7.76463
2200 600 0.0113759 1.12434 7.59836 7.90069
2200 700 0.0123101 1.12489 7.59879 7.89879
2200 800 0.013681 1.11854 7.5849 7.88057
2200 900 0.0157915 1.11798 7.58554 7.88011
2300 1000 0.0144344 1.12544 7.59799 7.90048
2300 1100 0.0135854 1.13003 7.6056 7.90444
2300 1200 0.0132249 1.11628 7.58019 7.87509
2300 1300 0.0144281 1.11474 7.57813 7.87062
2300 1400 0.0143869 1.10743 7.55953 7.85026
2300 1500 0.0131452 1.1058 7.55486 7.84872
2300 1600 0.0136256 1.10785 7.55987 7.84869
2300 1700 0.016281 1.098 7.52389 7.83129
2300 1800 0.0133766 1.09786 7.52285 7.8298
2300 1900 0.0154305 1.09305 7.51467 7.82878
2300 2000 0.0156175 1.07722 7.48583 7.79951
2300 2100 0.0147612 1.0609 7.44976 7.75514
2300 2200 0.0120425 1.06478 7.45725 7.76282
2300 600 0.0111516 1.12914 7.6022 7.90029
2300 700 0.0133156 1.12198 7.59075 7.89076
2300 800 0.0107724 1.12913 7.60153 7.90002
2300 900 0.0137393 1.12717 7.5992 7.90033
2400 1000 0.0122136 1.13375 7.61185 7.91064
2400 1100 0.0130777 1.13353 7.61309 7.9115
2400 1200 0.0117793 1.12802 7.59959 7.90041
2400 1300 0.0145206 1.11988 7.586 7.88349
2400 1400 0.0122848 1.11578 7.57956 7.87263
2400 1500 0.0161997 1.11209 7.5721 7.86306
2400 1600 0.0146582 1.09948 7.53396 7.83554
2400 1700 0.0144532 1.10573 7.55591 7.84872
2400 1800 0.0140141 1.09997 7.53316 7.83475
2400 1900 0.0148435 1.09816 7.52491 7.83186
2400 2000 0.0131469 1.09272 7.51332 7.82818
2400 2100 0.0138251 1.08573 7.50485 7.81429
2400 2200 0.0133456 1.06248 7.45324 7.75898
2400 2300 0.0123622 1.05912 7.4467 7.75351
2400 600 0.010956 1.12401 7.59698 7.90059
2400 700 0.0120531 1.12629 7.59907 7.89876
2400 800 0.0125352 1.13416 7.61375 7.91138
2400 900 0.0139102 1.1284 7.59994 7.89985
2500 1000 0.0120398 1.13886 7.62276 7.92252
2500 1100 0.0107645 1.134 7.61323 7.91105
2500 1200 0.0136443 1.12632 7.59859 7.89858
2500 1300 0.0127946 1.12286 7.59102 7.89097
2500 1400 0.0125897 1.12854 7.60126 7.89919
2500 1500 0.0140012 1.11507 7.57909 7.87156
2500 1600 0.0141667 1.10845 7.56246 7.85393
2500 1700 0.0130311 1.10846 7.56278 7.85397
2500 1800 0.0137335 1.09928 7.5324 7.83432
2500 1900 0.0115412 1.09759 7.52184 7.83068
2500 2000 0.013039 1.09836 7.52455 7.83036
2500 2100 0.0139127 1.08552 7.50432 7.81378
2500 2200 0.0149549 1.08512 7.50171 7.80994
2500 2300 0.01286 1.06392 7.45509 7.76006
2500 2400 0.0130382 1.06763 7.46399 7.7724
2500 600 0.0104832 1.14368 7.63007 7.93662
2500 700 0.0113236 1.13037 7.60655 7.90547
2500 800 0.0142862 1.1338 7.61201 7.91146
2500 900 0.0114643 1.13261 7.6123 7.91068
700 600 0.0169248 1.06885 7.46514 7.77435
800 600 0.0193119 1.05184 7.44572 7.73913
800 700 0.0231886 1.04924 7.4419 7.738
900 600 0.0174705 1.06791 7.46392 7.77222
900 700 0.0217281 1.06242 7.45323 7.75857
900 800 0.0210656 1.05471 7.44605 7.74131
