1000 800 0.0171366 1.07458 2.79661 2.97498
1000 900 0.0172356 1.06018 2.80006 2.96789
1100 1000 0.0193696 1.0516 2.80236 2.96557
1100 800 0.0171572 1.07666 2.79477 2.97482
1100 900 0.0182411 1.06821 2.79995 2.97085
1200 1000 0.0180022 1.05906 2.79982 2.96745
1200 1100 0.0184443 1.06533 2.79981 2.9696
1200 800 0.0180606 1.08935 2.7934 2.98231
1200 900 0.0178327 1.07483 2.79681 2.97548
1300 1000 0.0223847 1.07463 2.79652 2.97502
1300 1100 0.0223295 1.0666 2.79923 2.96987
1300 1200 0.0202977 1.06575 2.79991 2.97002
1300 800 0.0187441 1.10726 2.79021 2.99488
1300 900 0.0216769 1.09082 2.79242 2.98108
1400 1000 0.0169442 1.10105 2.79189 2.99033
1400 1100 0.0191532 1.07035 2.79852 2.97233
1400 1200 0.0210952 1.05491 2.80162 2.96732
1400 1300 0.0201472 1.06492 2.79984 2.96955
1400 800 0.0155994 1.09679 2.79323 2.98721
1400 900 0.0190489 1.09568 2.79297 2.98635
1500 1000 0.020856 1.09001 2.7941 2.98196
1500 1100 0.018479 1.0827 2.79125 2.97786
1500 1200 0.0205099 1.07439 2.79638 2.97447
1500 1300 0.0188736 1.06566 2.79993 2.96973
1500 1400 0.0175227 1.07996 2.7927 2.97605
1500 800 0.016274 1.09607 2.79321 2.9867
1500 900 0.0179948 1.09599 2.79317 2.98683
1600 1000 0.0164828 1.09211 2.79173 2.98197
1600 1100 0.0197554 1.09671 2.79348 2.98742
1600 1200 0.0203264 1.08162 2.79145 2.97661
1600 1300 0.0186641 1.0827 2.79125 2.97786
1600 1400 0.0198533 1.05859 2.79978 2.96739
1600 1500 0.0184171 1.06983 2.79856 2.9716
1600 800 0.0138773 1.13444 2.79329 3.01584
1600 900 0.0176988 1.09693 2.79301 2.9874
1700 1000 0.0184216 1.10415 2.79238 2.9939
1700 1100 0.0193072 1.09398 2.7929 2.98478
1700 1200 0.0184199 1.09088 2.7922 2.98094
1700 1300 0.0201716 1.09546 2.79279 2.98636
1700 1400 0.0193509 1.07687 2.79436 2.97487
1700 1500 0.0178528 1.06802 2.79958 2.97068
1700 1600 0.0175908 1.07402 2.79742 2.97446
1700 800 0.0165638 1.10809 2.78996 2.99513
1700 900 0.0165775 1.09995 2.79272 2.98917
1800 1000 0.0162697 1.09791 2.79368 2.98896
1800 1100 0.0193116 1.09811 2.7936 2.98899
1800 1200 0.0171136 1.0977 2.79345 2.98873
1800 1300 0.0184768 1.09654 2.79343 2.9872
1800 1400 0.0201176 1.08574 2.79408 2.98011
1800 1500 0.0169861 1.07666 2.79477 2.97482
1800 1600 0.0178368 1.06064 2.79977 2.96808
1800 1700 0.0166969 1.07061 2.79832 2.97283
1800 800 0.0178926 1.10921 2.78938 2.99518
1800 900 0.0187755 1.0996 2.79334 2.98995
1900 1000 0.0174232 1.09991 2.79274 2.9891
1900 1100 0.0174954 1.09577 2.79285 2.98645
1900 1200 0.0160661 1.10103 2.79191 2.99029
1900 1300 0.0162473 1.09684 2.79311 2.98727
1900 1400 0.0180771 1.09762 2.7933 2.98831
1900 1500 0.0187078 1.08724 2.79475 2.98176
1900 1600 0.0175803 1.07764 2.79387 2.97504
1900 1700 0.0206759 1.05808 2.79964 2.96701
1900 1800 0.0145267 1.07459 2.79664 2.97487
1900 800 0.0134934 1.10807 2.78979 2.99501
1900 900 0.0160144 1.09983 2.79308 2.9892
2000 1000 0.0164358 1.11031 2.78881 2.99578
2000 1100 0.0142972 1.10357 2.79155 2.99322
2000 1200 0.0185203 1.10173 2.79193 2.99105
2000 1300 0.0176767 1.09936 2.79335 2.98959
2000 1400 0.0162019 1.09394 2.79286 2.98478
2000 1500 0.014659 1.09008 2.79383 2.98166
2000 1600 0.0147471 1.08722 2.7948 2.98168
2000 1700 0.0165739 1.08158 2.79169 2.97673
2000 1800 0.0172073 1.0701 2.79813 2.97158
2000 1900 0.0149276 1.06978 2.79866 2.97167
2000 800 0.0129732 1.11446 2.79127 2.99998
2000 900 0.0161997 1.10926 2.78963 2.99558
2100 1000 0.0150075 1.10223 2.79241 2.99185
2100 1100 0.0155804 1.10758 2.78957 2.99488
2100 1200 0.0150293 1.10369 2.79166 2.99342
2100 1300 0.0153602 1.10587 2.79034 2.99439
2100 1400 0.0161205 1.09679 2.79323 2.98721
2100 1500 0.0169946 1.1061 2.78998 2.99457
2100 1600 0.0146359 1.09942 2.79323 2.98963
2100 1700 0.0172962 1.08914 2.79372 2.98174
2100 1800 0.0146004 1.0825 2.79095 2.97759
2100 1900 0.0156087 1.06122 2.79932 2.96823
2100 2000 0.0124039 1.06515 2.79952 2.96938
2100 800 0.0128618 1.12126 2.79014 3.00265
2100 900 0.0135832 1.11248 2.79009 2.99707
2200 1000 0.0136625 1.11161 2.78864 2.99644
2200 1100 0.0138888 1.11061 2.78937 2.99703
2200 1200 0.0156522 1.11073 2.78896 2.99714
2200 1300 0.0171933 1.10722 2.79028 2.99477
2200 1400 0.0154278 1.09889 2.79361 2.98843
2200 1500 0.0140949 1.10238 2.79273 2.99193
2200 1600 0.0152646 1.09944 2.79315 2.98964
2200 1700 0.0160282 1.09742 2.79325 2.98849
2200 1800 0.016899 1.09107 2.79142 2.98079
2200 1900 0.0161767 1.0795 2.79303 2.97528
2200 2000 0.0166296 1.06567 2.79987 2.96966
2200 2100 0.011528 1.05998 2.79995 2.96764
2200 800 0.011893 1.13094 2.7928 3.01069
2200 900 0.0134678 1.12582 2.79128 3.0058
2300 1000 0.0139331 1.12029 2.78958 3.00256
2300 1100 0.012626 1.13086 2.79282 3.01106
2300 1200 0.0132873 1.12377 2.7907 3.0048
2300 1300 0.0147931 1.10854 2.78959 2.9947
2300 1400 0.0138438 1.10444 2.79317 2.99405
2300 1500 0.0157218 1.10654 2.7901 2.99514
2300 1600 0.0164652 1.10201 2.79184 2.99161
2300 1700 0.0145395 1.0949 2.79283 2.98597
2300 1800 0.0141852 1.09509 2.79268 2.98616
2300 1900 0.0163864 1.09111 2.79129 2.98072
2300 2000 0.0166899 1.08162 2.79145 2.97661
2300 2100 0.0177829 1.07108 2.79837 2.97218
2300 2200 0.0145926 1.06507 2.79966 2.96943
2300 800 0.014253 1.12971 2.79242 3.00831
2300 900 0.0132586 1.1223 2.78907 3.00343
2400 1000 0.0145436 1.13524 2.79352 3.01697
2400 1100 0.0127994 1.12466 2.79186 3.00606
2400 1200 0.013171 1.12176 2.78977 3.00366
2400 1300 0.0136421 1.12773 2.79129 3.00593
2400 1400 0.0129657 1.11326 2.79096 2.99908
2400 1500 0.0128387 1.11279 2.79018 2.99731
2400 1600 0.01264 1.10332 2.79138 2.99237
2400 1700 0.0133621 1.10194 2.79145 2.99152
2400 1800 0.0143745 1.09996 2.79272 2.98917
2400 1900 0.0138309 1.09506 2.79278 2.98626
2400 2000 0.0133987 1.09913 2.7937 2.98952
2400 2100 0.0138411 1.08131 2.79169 2.97598
2400 2200 0.0128254 1.06773 2.79937 2.97023
2400 2300 0.0128777 1.06626 2.79937 2.96943
2400 800 0.0134341 1.12942 2.79152 3.00749
2400 900 0.0116134 1.12788 2.79099 3.00578
2500 1000 0.0122791 1.13284 2.79482 3.01435
2500 1100 0.0120602 1.13638 2.79257 3.01639
2500 1200 0.0106398 1.12606 2.79136 3.00565
2500 1300 0.0131909 1.13221 2.79409 3.01371
2500 1400 0.0134076 1.12581 2.79122 3.00565
2500 1500 0.0124291 1.11537 2.79178 3.00027
2500 1600 0.014744 1.11193 2.78913 2.99633
2500 1700 0.012392 1.11585 2.79133 3.00065
2500 1800 0.0128408 1.10041 2.79234 2.98964
2500 1900 0.0150279 1.0992 2.79346 2.98948
2500 2000 0.0130983 1.10178 2.79197 2.99143
2500 2100 0.0137012 1.09004 2.79384 2.98172
2500 2200 0.0118522 1.08567 2.79387 2.98002
2500 2300 0.0145187 1.06397 2.80029 2.96953
2500 2400 0.0141149 1.08282 2.79127 2.97825
2500 800 0.0121796 1.12348 2.78986 3.00447
2500 900 0.0158814 1.12516 2.79214 3.00542
900 800 0.0163201 1.10664 2.79063 2.9953
