700 600 0.0159735 1.1247 -1 -1
800 600 0.0169943 1.07802 -1 -1
800 700 0.0164005 1.06316 -1 -1
900 600 0.0169756 1.06881 -1 -1
900 700 0.0202583 1.06449 -1 -1
900 800 0.0208411 1.07283 -1 -1
1000 600 0.019262 1.08687 -1 -1
1000 700 0.0180869 1.08191 -1 -1
1000 800 0.0216504 1.06127 -1 -1
1000 900 0.0173181 1.06134 -1 -1
1100 600 0.0144133 1.09039 -1 -1
1100 700 0.0197437 1.08644 -1 -1
1100 800 0.0204721 1.07085 -1 -1
1100 900 0.0202858 1.05244 -1 -1
1100 1000 0.0228726 1.0687 -1 -1
1200 600 0.0184782 1.09414 -1 -1
1200 700 0.0161973 1.09163 -1 -1
1200 800 0.0183247 1.08031 -1 -1
1200 900 0.0217074 1.07165 -1 -1
1200 1000 0.0188203 1.05603 -1 -1
1200 1100 0.0216076 1.05969 -1 -1
1300 600 0.0139064 1.10116 -1 -1
1300 700 0.0191537 1.09457 -1 -1
1300 800 0.020117 1.08882 -1 -1
1300 900 0.0179342 1.08556 -1 -1
1300 1000 0.0224914 1.07418 -1 -1
1300 1100 0.0217934 1.05733 -1 -1
1300 1200 0.0201567 1.0798 -1 -1
1400 600 0.0154152 1.10435 -1 -1
1400 700 0.0183925 1.1042 -1 -1
1400 800 0.0198422 1.09328 -1 -1
1400 900 0.0210879 1.08808 -1 -1
1400 1000 0.0180894 1.07767 -1 -1
1400 1100 0.0219198 1.07192 -1 -1
1400 1200 0.0218322 1.05885 -1 -1
1400 1300 0.0189963 1.05632 -1 -1
1500 600 0.0142444 1.10543 -1 -1
1500 700 0.0147537 1.09814 -1 -1
1500 800 0.0175394 1.10388 -1 -1
1500 900 0.0181535 1.0945 -1 -1
1500 1000 0.0223665 1.09422 -1 -1
1500 1100 0.022314 1.08477 -1 -1
1500 1200 0.018178 1.07301 -1 -1
1500 1300 0.0235351 1.05685 -1 -1
1500 1400 0.0175883 1.06612 -1 -1
1600 600 0.0111665 1.09489 -1 -1
1600 700 0.0176174 1.10556 -1 -1
1600 800 0.0160209 1.08962 -1 -1
1600 900 0.0166071 1.10078 -1 -1
1600 1000 0.0155856 1.08946 -1 -1
1600 1100 0.0198467 1.09629 -1 -1
1600 1200 0.0192929 1.08742 -1 -1
1600 1300 0.0190919 1.07347 -1 -1
1600 1400 0.0215971 1.06377 -1 -1
1600 1500 0.0167404 1.0707 -1 -1
1700 600 0.0114552 1.10046 -1 -1
1700 700 0.0149289 1.11176 -1 -1
1700 800 0.0184979 1.10214 -1 -1
1700 900 0.0141046 1.10489 -1 -1
1700 1000 0.0174531 1.09951 -1 -1
1700 1100 0.0182686 1.09801 -1 -1
1700 1200 0.0192944 1.09112 -1 -1
1700 1300 0.0205298 1.08961 -1 -1
1700 1400 0.0179161 1.08175 -1 -1
1700 1500 0.0186385 1.05877 -1 -1
1700 1600 0.0145275 1.06252 -1 -1
1800 600 0.0115413 1.1081 -1 -1
1800 700 0.0136862 1.11276 -1 -1
1800 800 0.017408 1.10198 -1 -1
1800 900 0.0147185 1.10482 -1 -1
1800 1000 0.0143844 1.1055 -1 -1
1800 1100 0.0182598 1.09981 -1 -1
1800 1200 0.0189733 1.0927 -1 -1
1800 1300 0.0177203 1.09285 -1 -1
1800 1400 0.0187778 1.09345 -1 -1
1800 1500 0.0147553 1.07129 -1 -1
1800 1600 0.0200189 1.05678 -1 -1
1800 1700 0.0144924 1.06523 -1 -1
1900 600 0.0148354 1.12128 -1 -1
1900 700 0.0118717 1.11958 -1 -1
1900 800 0.0150596 1.11188 -1 -1
1900 900 0.0172965 1.11293 -1 -1
1900 1000 0.0156659 1.09778 -1 -1
1900 1100 0.0160742 1.11019 -1 -1
1900 1200 0.0162233 1.11196 -1 -1
1900 1300 0.0141339 1.09464 -1 -1
1900 1400 0.0194268 1.09467 -1 -1
1900 1500 0.0186291 1.08804 -1 -1
1900 1600 0.0164961 1.07434 -1 -1
1900 1700 0.0160746 1.07139 -1 -1
1900 1800 0.0167077 1.07933 -1 -1
2000 600 0.0117629 1.12443 -1 -1
2000 700 0.0141997 1.1233 -1 -1
2000 800 0.0136697 1.13037 -1 -1
2000 900 0.0146709 1.11209 -1 -1
2000 1000 0.0182182 1.10587 -1 -1
2000 1100 0.0145182 1.0988 -1 -1
2000 1200 0.0120642 1.10182 -1 -1
2000 1300 0.0150831 1.10291 -1 -1
2000 1400 0.0160345 1.10247 -1 -1
2000 1500 0.0149661 1.09696 -1 -1
2000 1600 0.0152404 1.09264 -1 -1
2000 1700 0.0176426 1.07773 -1 -1
2000 1800 0.0186073 1.05704 -1 -1
2000 1900 0.015803 1.07475 -1 -1
2100 600 0.0124713 1.11872 -1 -1
2100 700 0.012137 1.11983 -1 -1
2100 800 0.013561 1.11489 -1 -1
2100 900 0.0144577 1.12148 -1 -1
2100 1000 0.0149303 1.10626 -1 -1
2100 1100 0.0152699 1.11668 -1 -1
2100 1200 0.0142878 1.11178 -1 -1
2100 1300 0.0164315 1.10876 -1 -1
2100 1400 0.0156536 1.10534 -1 -1
2100 1500 0.0167215 1.09411 -1 -1
2100 1600 0.0149051 1.09333 -1 -1
2100 1700 0.015821 1.0925 -1 -1
2100 1800 0.0165297 1.07859 -1 -1
2100 1900 0.0145771 1.06217 -1 -1
2100 2000 0.0144166 1.06937 -1 -1
2200 600 0.00902862 1.12877 -1 -1
2200 700 0.0126474 1.11875 -1 -1
2200 800 0.0122459 1.11525 -1 -1
2200 900 0.013264 1.12357 -1 -1
2200 1000 0.0126284 1.12729 -1 -1
2200 1100 0.0122761 1.10988 -1 -1
2200 1200 0.0148719 1.10351 -1 -1
2200 1300 0.0133138 1.10896 -1 -1
2200 1400 0.013438 1.09677 -1 -1
2200 1500 0.0155368 1.10467 -1 -1
2200 1600 0.0131568 1.09694 -1 -1
2200 1700 0.0145981 1.10725 -1 -1
2200 1800 0.0145049 1.09776 -1 -1
2200 1900 0.0163305 1.08593 -1 -1
2200 2000 0.0165741 1.06455 -1 -1
2200 2100 0.0124484 1.07158 -1 -1
2300 600 0.00932881 1.1245 -1 -1
2300 700 0.0121264 1.12437 -1 -1
2300 800 0.0106795 1.1238 -1 -1
2300 900 0.0152414 1.13544 -1 -1
2300 1000 0.0155354 1.12222 -1 -1
2300 1100 0.0149427 1.11633 -1 -1
2300 1200 0.0139501 1.11965 -1 -1
2300 1300 0.0145523 1.11305 -1 -1
2300 1400 0.0134087 1.11591 -1 -1
2300 1500 0.0136561 1.10622 -1 -1
2300 1600 0.0142578 1.11119 -1 -1
2300 1700 0.0145117 1.09679 -1 -1
2300 1800 0.0150229 1.10239 -1 -1
2300 1900 0.0146691 1.09458 -1 -1
2300 2000 0.0159067 1.08096 -1 -1
2300 2100 0.0156741 1.05835 -1 -1
2300 2200 0.0129616 1.07188 -1 -1
2400 600 0.0112897 1.15496 -1 -1
2400 700 0.0107214 1.1461 -1 -1
2400 800 0.0127958 1.12864 -1 -1
2400 900 0.0111917 1.13212 -1 -1
2400 1000 0.0143763 1.13322 -1 -1
2400 1100 0.0137682 1.12229 -1 -1
2400 1200 0.0115424 1.12414 -1 -1
2400 1300 0.0132206 1.1227 -1 -1
2400 1400 0.0146489 1.11611 -1 -1
2400 1500 0.0141517 1.11558 -1 -1
2400 1600 0.0126434 1.10473 -1 -1
2400 1700 0.0139369 1.1076 -1 -1
2400 1800 0.0148233 1.09924 -1 -1
2400 1900 0.0151424 1.09795 -1 -1
2400 2000 0.0132422 1.10098 -1 -1
2400 2100 0.0133441 1.08266 -1 -1
2400 2200 0.0121261 1.06011 -1 -1
2400 2300 0.0114079 1.06724 -1 -1
2500 600 0.00986107 1.13369 -1 -1
2500 700 0.00964853 1.1321 -1 -1
2500 800 0.0144917 1.12995 -1 -1
2500 900 0.0116269 1.13465 -1 -1
2500 1000 0.0128548 1.12403 -1 -1
2500 1100 0.0100167 1.12754 -1 -1
2500 1200 0.0103003 1.12887 -1 -1
2500 1300 0.010124 1.12316 -1 -1
2500 1400 0.0127531 1.12393 -1 -1
2500 1500 0.014488 1.11297 -1 -1
2500 1600 0.0140499 1.11636 -1 -1
2500 1700 0.0118428 1.10889 -1 -1
2500 1800 0.0122255 1.1061 -1 -1
2500 1900 0.0139493 1.0943 -1 -1
2500 2000 0.0133355 1.09638 -1 -1
2500 2100 0.0128827 1.09516 -1 -1
2500 2200 0.0125644 1.0889 -1 -1
2500 2300 0.0139752 1.06253 -1 -1
2500 2400 0.0130256 1.0892 -1 -1
