1000 600 0.0141619 1.07085 5.2188 3.78352
1000 700 0.0189797 1.09502 5.25781 3.8018
1000 800 0.0192625 1.07289 5.22307 3.78414
1000 900 0.0183201 1.07938 5.23479 3.78782
1100 1000 0.0158165 1.07719 5.2313 3.7874
1100 600 0.0147955 1.09482 5.25715 3.8018
1100 700 0.0165715 1.10509 5.27908 3.81275
1100 800 0.0195575 1.0768 5.23065 3.78624
1100 900 0.0184545 1.05941 5.19963 3.77324
1200 1000 0.01862 1.06656 5.21152 3.78002
1200 1100 0.0202993 1.05722 5.19991 3.77078
1200 600 0.015385 1.11141 5.2915 3.81584
1200 700 0.016744 1.10082 5.26895 3.80999
1200 800 0.0180521 1.08106 5.23698 3.78931
1200 900 0.0235028 1.07751 5.23209 3.78661
1300 1000 0.0151887 1.07895 5.23438 3.78751
1300 1100 0.0200758 1.06168 5.20285 3.77578
1300 1200 0.017379 1.07751 5.23209 3.78661
1300 600 0.0133469 1.10436 5.27641 3.81254
1300 700 0.0154153 1.10756 5.28392 3.81404
1300 800 0.0203734 1.09887 5.265 3.80587
1300 900 0.0166121 1.09705 5.26295 3.8042
1400 1000 0.0181012 1.09014 5.25088 3.79924
1400 1100 0.0193418 1.07314 5.22363 3.78408
1400 1200 0.0217555 1.06527 5.20887 3.77855
1400 1300 0.0180813 1.06896 5.21519 3.7825
1400 600 0.0132381 1.09805 5.26287 3.80446
1400 700 0.015331 1.10211 5.27049 3.81051
1400 800 0.0161442 1.09778 5.26264 3.80447
1400 900 0.0158226 1.10146 5.27083 3.81054
1500 1000 0.0207154 1.10594 5.28033 3.81323
1500 1100 0.0211883 1.08573 5.24422 3.7928
1500 1200 0.0175863 1.08419 5.24299 3.79121
1500 1300 0.0208442 1.06612 5.2106 3.77992
1500 1400 0.0174513 1.06018 5.20065 3.77307
1500 600 0.0141658 1.12461 5.32368 3.83065
1500 700 0.0133963 1.10179 5.27045 3.81035
1500 800 0.0148539 1.09864 5.26509 3.80542
1500 900 0.0188279 1.11203 5.29301 3.81748
1600 1000 0.0170423 1.09837 5.26351 3.80512
1600 1100 0.0175893 1.10168 5.27088 3.81062
1600 1200 0.0191434 1.08868 5.24784 3.79561
1600 1300 0.0198156 1.07375 5.22512 3.78442
1600 1400 0.0186448 1.07712 5.23098 3.78709
1600 1500 0.0172359 1.06125 5.20155 3.77506
1600 600 0.0112689 1.12209 5.31984 3.82935
1600 700 0.0151977 1.09901 5.26565 3.80631
1600 800 0.0179754 1.09869 5.26503 3.80526
1600 900 0.0145116 1.12484 5.32473 3.83098
1700 1000 0.0168802 1.10276 5.27105 3.811
1700 1100 0.0170645 1.10252 5.27082 3.81074
1700 1200 0.0160708 1.0939 5.25818 3.80174
1700 1300 0.0174342 1.08766 5.24678 3.79478
1700 1400 0.0163862 1.07695 5.23098 3.7865
1700 1500 0.0191083 1.06387 5.20515 3.77688
1700 1600 0.0139503 1.08367 5.24166 3.79103
1700 600 0.0110004 1.10466 5.27698 3.8128
1700 700 0.0135277 1.10754 5.28389 3.8141
1700 800 0.0181225 1.10834 5.2848 3.81382
1700 900 0.0179014 1.10549 5.27936 3.81302
1800 1000 0.015472 1.09681 5.26229 3.8036
1800 1100 0.0134369 1.09933 5.26775 3.80588
1800 1200 0.0162699 1.10152 5.27087 3.81039
1800 1300 0.017134 1.09207 5.2548 3.80191
1800 1400 0.0167548 1.08888 5.24868 3.79625
1800 1500 0.0205236 1.07545 5.22682 3.78409
1800 1600 0.0205022 1.07004 5.21791 3.78313
1800 1700 0.0182108 1.08073 5.23689 3.78819
1800 600 0.0126812 1.12785 5.33383 3.83514
1800 700 0.012247 1.10772 5.28414 3.81429
1800 800 0.0140453 1.10922 5.28669 3.81553
1800 900 0.0135651 1.11781 5.31065 3.82479
1900 1000 0.016129 1.11252 5.29549 3.81786
1900 1100 0.0170576 1.10323 5.27268 3.8109
1900 1200 0.0160449 1.0969 5.26227 3.80372
1900 1300 0.0181182 1.09307 5.25722 3.80053
1900 1400 0.0156475 1.0973 5.26286 3.80389
1900 1500 0.0169159 1.09565 5.25863 3.80167
1900 1600 0.0183463 1.08165 5.23741 3.78964
1900 1700 0.0176694 1.05651 5.19914 3.7705
1900 1800 0.0154183 1.07139 5.2204 3.7836
1900 600 0.0144943 1.12437 5.32358 3.83036
1900 700 0.0119623 1.12039 5.31576 3.82899
1900 800 0.0120606 1.10949 5.28648 3.8144
1900 900 0.014782 1.11571 5.30419 3.82094
2000 1000 0.0162089 1.10858 5.28529 3.81432
2000 1100 0.0174106 1.10784 5.2839 3.81404
2000 1200 0.0140574 1.09915 5.26651 3.80636
2000 1300 0.0170311 1.09692 5.26251 3.80402
2000 1400 0.0139517 1.10579 5.27975 3.81324
2000 1500 0.0142258 1.09536 5.25826 3.80169
2000 1600 0.0145099 1.11164 5.29271 3.81662
2000 1700 0.0181837 1.07893 5.23431 3.7873
2000 1800 0.0160087 1.05801 5.19922 3.77104
2000 1900 0.0144076 1.06089 5.20163 3.77367
2000 600 0.0113798 1.11684 5.30689 3.82275
2000 700 0.0119451 1.12101 5.31848 3.82857
2000 800 0.0144207 1.12619 5.33018 3.83305
2000 900 0.0141436 1.11703 5.30792 3.8226
2100 1000 0.015183 1.12054 5.31633 3.82885
2100 1100 0.0137676 1.1092 5.28652 3.81537
2100 1200 0.0162088 1.10104 5.2693 3.80999
2100 1300 0.0150958 1.11887 5.31214 3.82718
2100 1400 0.0124503 1.10192 5.27058 3.81011
2100 1500 0.0128829 1.10535 5.27875 3.81262
2100 1600 0.0156733 1.09804 5.2629 3.80438
2100 1700 0.0189654 1.08948 5.24954 3.79828
2100 1800 0.0144434 1.08225 5.2381 3.79011
2100 1900 0.0159628 1.05663 5.1993 3.77097
2100 2000 0.0113289 1.07832 5.23309 3.78731
2100 600 0.00991493 1.16117 5.4181 3.86966
2100 700 0.0117814 1.13242 5.34239 3.83978
2100 800 0.0152397 1.12118 5.319 3.82883
2100 900 0.0115689 1.1312 5.34095 3.83771
2200 1000 0.013864 1.12731 5.33329 3.83524
2200 1100 0.0135105 1.11385 5.29866 3.81924
2200 1200 0.0139103 1.10893 5.28624 3.81486
2200 1300 0.0130795 1.12551 5.32723 3.8324
2200 1400 0.0149002 1.10955 5.28691 3.81451
2200 1500 0.0138674 1.10429 5.27599 3.81264
2200 1600 0.016951 1.10675 5.28197 3.81311
2200 1700 0.0144864 1.09838 5.2636 3.80493
2200 1800 0.0129307 1.08903 5.24878 3.79656
2200 1900 0.0160647 1.08595 5.24477 3.79319
2200 2000 0.0147876 1.06033 5.2009 3.77323
2200 2100 0.0119576 1.06711 5.21172 3.78099
2200 600 0.0107961 1.13573 5.34999 3.84493
2200 700 0.0123437 1.12333 5.32165 3.82976
2200 800 0.0124981 1.14463 5.37506 3.85303
2200 900 0.0139695 1.11536 5.30324 3.82011
2300 1000 0.0138498 1.13809 5.35768 3.8483
2300 1100 0.0136238 1.13016 5.33925 3.83707
2300 1200 0.0137415 1.1256 5.32735 3.83226
2300 1300 0.0139323 1.13277 5.34356 3.84034
2300 1400 0.0143303 1.11179 5.29241 3.81674
2300 1500 0.0126558 1.1106 5.29038 3.81569
2300 1600 0.0130028 1.10759 5.28415 3.81387
2300 1700 0.014738 1.09548 5.2588 3.80148
2300 1800 0.0111947 1.09913 5.26616 3.80621
2300 1900 0.0131409 1.09463 5.25741 3.80185
2300 2000 0.0166334 1.07792 5.23235 3.78717
2300 2100 0.0137547 1.05822 5.19895 3.7709
2300 2200 0.0111828 1.09089 5.25189 3.80087
2300 600 0.010942 1.11596 5.30457 3.82083
2300 700 0.00988957 1.14558 5.37756 3.8534
2300 800 0.0102563 1.13495 5.35026 3.84505
2300 900 0.0119477 1.13917 5.35994 3.84992
2400 1000 0.0106673 1.13799 5.3575 3.84832
2400 1100 0.0119606 1.14255 5.36802 3.8489
2400 1200 0.010687 1.12858 5.33612 3.83613
2400 1300 0.0136397 1.12076 5.31696 3.8285
2400 1400 0.0105867 1.12058 5.31643 3.82865
2400 1500 0.0162742 1.11159 5.29198 3.81647
2400 1600 0.0136872 1.09985 5.26821 3.80722
2400 1700 0.0147245 1.10561 5.27969 3.81285
2400 1800 0.0131182 1.10824 5.28468 3.81413
2400 1900 0.0147008 1.10601 5.28045 3.8133
2400 2000 0.0139143 1.09571 5.25842 3.80165
2400 2100 0.0128859 1.08594 5.24469 3.7929
2400 2200 0.0116115 1.07055 5.21858 3.78371
2400 2300 0.0116658 1.0639 5.20521 3.77699
2400 600 0.00946112 1.13074 5.3407 3.83727
2400 700 0.0114971 1.13075 5.34056 3.83716
2400 800 0.0109823 1.14093 5.36438 3.84815
2400 900 0.014879 1.1277 5.33381 3.83523
2500 1000 0.0102075 1.15138 5.39077 3.85886
2500 1100 0.0100448 1.13632 5.35117 3.84478
2500 1200 0.0152633 1.13043 5.33989 3.8375
2500 1300 0.0112647 1.12311 5.32158 3.82961
2500 1400 0.0109117 1.13554 5.35034 3.84532
2500 1500 0.0141892 1.11649 5.30542 3.82193
2500 1600 0.0134765 1.10988 5.28861 3.81458
2500 1700 0.0120972 1.11596 5.30457 3.82083
2500 1800 0.0155377 1.10258 5.2709 3.81064
2500 1900 0.0103616 1.10372 5.27293 3.81102
2500 2000 0.0131585 1.10466 5.27698 3.8128
2500 2100 0.0128636 1.08797 5.24643 3.79522
2500 2200 0.01262 1.08607 5.24532 3.79333
2500 2300 0.0128838 1.06218 5.20298 3.7764
2500 2400 0.0123117 1.08442 5.24298 3.79126
2500 600 0.0100767 1.14651 5.37973 3.85513
2500 700 0.0110842 1.15213 5.39463 3.8592
2500 800 0.0125237 1.14827 5.3853 3.85612
2500 900 0.010966 1.14097 5.36423 3.84816
700 600 0.0109049 1.13192 5.34287 3.83912
800 600 0.0141231 1.07261 5.22227 3.78404
800 700 0.0169179 1.07832 5.23309 3.78731
900 600 0.0125976 1.1148 5.30077 3.81975
900 700 0.0166569 1.07281 5.22288 3.78417
900 800 0.0165014 1.07019 5.21837 3.78307
