1000 700 0.0199112 1.06358 4.73456 4.4807
1000 800 0.0186004 1.05064 4.72257 4.46881
1000 900 0.0200831 1.06471 4.7348 4.48092
1100 1000 0.0226405 1.06212 4.7331 4.47916
1100 700 0.0184101 1.08488 4.75807 4.49067
1100 800 0.0203761 1.07525 4.74633 4.49266
1100 900 0.0206461 1.04917 4.72046 4.46733
1200 1000 0.0239139 1.05433 4.72501 4.47192
1200 1100 0.0209064 1.06751 4.73961 4.48524
1200 700 0.0183619 1.08208 4.75711 4.49698
1200 800 0.020169 1.08337 4.75866 4.49216
1200 900 0.0210505 1.07102 4.74207 4.49143
1300 1000 0.0220241 1.06906 4.74161 4.48818
1300 1100 0.0228841 1.05642 4.72689 4.47311
1300 1200 0.0199858 1.05888 4.72781 4.47352
1300 700 0.0170171 1.09279 4.76012 4.49642
1300 800 0.0195079 1.08841 4.76131 4.49097
1300 900 0.0199633 1.08373 4.75883 4.49179
1400 1000 0.0212659 1.08448 4.75836 4.49103
1400 1100 0.0216446 1.07064 4.74218 4.49231
1400 1200 0.0212913 1.05624 4.72589 4.47294
1400 1300 0.0180908 1.06434 4.73452 4.48076
1400 700 0.0163185 1.09362 4.76376 4.4993
1400 800 0.0202914 1.09048 4.76174 4.49308
1400 900 0.0189529 1.09684 4.76798 4.50194
1500 1000 0.0194006 1.08955 4.7628 4.49225
1500 1100 0.0211978 1.08433 4.75789 4.49029
1500 1200 0.0206936 1.07385 4.74534 4.49368
1500 1300 0.0194045 1.05786 4.72672 4.4729
1500 1400 0.0180169 1.07693 4.74973 4.49424
1500 700 0.0159322 1.09275 4.7603 4.4966
1500 800 0.0193172 1.09212 4.76504 4.49591
1500 900 0.0187778 1.09101 4.76329 4.49318
1600 1000 0.0188936 1.09001 4.76224 4.49234
1600 1100 0.0183902 1.0958 4.76633 4.50003
1600 1200 0.022974 1.08547 4.75811 4.48926
1600 1300 0.0196009 1.07433 4.74512 4.4926
1600 1400 0.0200991 1.05939 4.7289 4.47489
1600 1500 0.0181142 1.06709 4.73924 4.48531
1600 700 0.015406 1.10011 4.77454 4.50937
1600 800 0.0166102 1.09374 4.76359 4.49905
1600 900 0.018173 1.09754 4.76958 4.50357
1700 1000 0.0196419 1.09359 4.76353 4.4988
1700 1100 0.0180298 1.09762 4.76904 4.50326
1700 1200 0.0171469 1.09479 4.76474 4.49864
1700 1300 0.0217898 1.09094 4.76347 4.4933
1700 1400 0.0200521 1.0802 4.75446 4.49496
1700 1500 0.0175268 1.05702 4.72623 4.47195
1700 1600 0.0168345 1.06079 4.73143 4.47706
1700 700 0.0166819 1.1058 4.78182 4.51532
1700 800 0.0189693 1.10587 4.7818 4.51523
1700 900 0.018242 1.09438 4.76432 4.4983
1800 1000 0.0175874 1.10124 4.77623 4.51049
1800 1100 0.0178541 1.09523 4.7658 4.4999
1800 1200 0.0172427 1.09311 4.76157 4.49643
1800 1300 0.0199911 1.09263 4.76026 4.49585
1800 1400 0.0206427 1.08847 4.76127 4.49118
1800 1500 0.0189069 1.08024 4.75417 4.49486
1800 1600 0.0182625 1.06272 4.73339 4.48037
1800 1700 0.0161134 1.07111 4.74235 4.49151
1800 700 0.0164739 1.10573 4.78144 4.51521
1800 800 0.015749 1.10821 4.78515 4.51845
1800 900 0.0204734 1.10184 4.77658 4.51169
1900 1000 0.0187064 1.09396 4.76407 4.49978
1900 1100 0.0184247 1.10004 4.77441 4.50911
1900 1200 0.0164438 1.0984 4.77014 4.50511
1900 1300 0.016735 1.09219 4.76519 4.49595
1900 1400 0.0182854 1.09243 4.76492 4.4961
1900 1500 0.0186427 1.08785 4.76048 4.49017
1900 1600 0.0167828 1.07845 4.75199 4.49398
1900 1700 0.0164744 1.05543 4.72548 4.4721
1900 1800 0.0170133 1.06692 4.73911 4.48538
1900 700 0.0128396 1.12198 4.80455 4.53241
1900 800 0.0174716 1.10791 4.7852 4.51984
1900 900 0.0148811 1.10004 4.77441 4.50911
2000 1000 0.016559 1.0999 4.7743 4.50921
2000 1100 0.0153153 1.1012 4.77601 4.5103
2000 1200 0.016228 1.10471 4.78074 4.51522
2000 1300 0.0155862 1.11106 4.78942 4.52247
2000 1400 0.0173066 1.09358 4.76334 4.49862
2000 1500 0.016699 1.099 4.77259 4.5068
2000 1600 0.0188423 1.09252 4.76464 4.49578
2000 1700 0.0166636 1.07909 4.7534 4.49517
2000 1800 0.0171251 1.05905 4.72866 4.47375
2000 1900 0.0146869 1.06256 4.73334 4.47965
2000 700 0.0149041 1.12794 4.81604 4.54109
2000 800 0.0144237 1.11701 4.79779 4.52751
2000 900 0.0156853 1.10494 4.78173 4.5152
2100 1000 0.0190327 1.11376 4.79326 4.52356
2100 1100 0.0161316 1.10981 4.78833 4.5208
2100 1200 0.018554 1.10156 4.77586 4.51096
2100 1300 0.0157132 1.10165 4.77601 4.51101
2100 1400 0.0165818 1.09466 4.7646 4.49827
2100 1500 0.014103 1.10005 4.77429 4.509
2100 1600 0.0167548 1.09005 4.76227 4.49245
2100 1700 0.0147554 1.09077 4.76218 4.49266
2100 1800 0.014516 1.07597 4.74861 4.49234
2100 1900 0.0155149 1.06349 4.73421 4.48092
2100 2000 0.0144041 1.07687 4.7501 4.49406
2100 700 0.0135036 1.11217 4.79081 4.52318
2100 800 0.0120672 1.12317 4.80693 4.53494
2100 900 0.0145895 1.12285 4.8068 4.53422
2200 1000 0.0146688 1.11895 4.79983 4.52864
2200 1100 0.0164864 1.11242 4.79149 4.52354
2200 1200 0.0142233 1.11171 4.78963 4.5225
2200 1300 0.0156029 1.10027 4.77526 4.5101
2200 1400 0.0153248 1.09998 4.77453 4.50945
2200 1500 0.0158679 1.10065 4.77622 4.51027
2200 1600 0.0146699 1.0976 4.76923 4.50342
2200 1700 0.0159312 1.09833 4.76989 4.50469
2200 1800 0.0145179 1.09038 4.76124 4.49257
2200 1900 0.0139861 1.07839 4.75177 4.49381
2200 2000 0.0169048 1.06409 4.73416 4.48069
2200 2100 0.0147333 1.06215 4.73309 4.47906
2200 700 0.0131063 1.11463 4.79425 4.52608
2200 800 0.0145405 1.12632 4.81184 4.53728
2200 900 0.0142914 1.11833 4.79876 4.52819
2300 1000 0.0133138 1.12216 4.8055 4.53309
2300 1100 0.0128029 1.12169 4.8044 4.53175
2300 1200 0.0136133 1.11338 4.79238 4.52312
2300 1300 0.0161383 1.11067 4.78942 4.52172
2300 1400 0.0140114 1.10894 4.78541 4.51931
2300 1500 0.0144467 1.10384 4.77928 4.51448
2300 1600 0.0156539 1.10688 4.78405 4.5173
2300 1700 0.01535 1.10039 4.77545 4.51018
2300 1800 0.0137918 1.10031 4.77536 4.51025
2300 1900 0.0138728 1.09092 4.76327 4.49307
2300 2000 0.0169404 1.0824 4.7575 4.49807
2300 2100 0.0154826 1.06015 4.72936 4.47557
2300 2200 0.0126387 1.06792 4.7398 4.48634
2300 700 0.012341 1.13368 4.82749 4.54599
2300 800 0.0131666 1.13317 4.82522 4.54532
2300 900 0.01393 1.11946 4.8012 4.52919
2400 1000 0.014767 1.12388 4.80851 4.53604
2400 1100 0.0124871 1.1277 4.81592 4.54065
2400 1200 0.0126649 1.12608 4.81203 4.53745
2400 1300 0.013171 1.1248 4.81018 4.5375
2400 1400 0.0140374 1.11602 4.79593 4.52525
2400 1500 0.0119265 1.11625 4.79573 4.52563
2400 1600 0.0136658 1.10997 4.7885 4.52101
2400 1700 0.0122003 1.10326 4.77757 4.5132
2400 1800 0.0154478 1.10147 4.77603 4.51044
2400 1900 0.013186 1.0958 4.76633 4.50003
2400 2000 0.0144165 1.09131 4.76413 4.49426
2400 2100 0.0141109 1.07954 4.75491 4.49513
2400 2200 0.0151647 1.06078 4.73128 4.47687
2400 2300 0.0138857 1.06068 4.73093 4.47713
2400 700 0.0130538 1.12492 4.80986 4.53685
2400 800 0.0118461 1.12944 4.81864 4.54331
2400 900 0.0125627 1.12356 4.80761 4.53526
2500 1000 0.0132174 1.13027 4.82041 4.54445
2500 1100 0.0114997 1.13264 4.8244 4.54477
2500 1200 0.0130312 1.1268 4.81439 4.53888
2500 1300 0.0118465 1.12089 4.8023 4.53019
2500 1400 0.0111835 1.122 4.80466 4.53235
2500 1500 0.0122009 1.11715 4.79844 4.52831
2500 1600 0.013599 1.11922 4.80016 4.52803
2500 1700 0.0132014 1.10848 4.78556 4.51858
2500 1800 0.0114355 1.10503 4.78146 4.51542
2500 1900 0.0146634 1.10086 4.77705 4.51035
2500 2000 0.0136916 1.0926 4.76012 4.4958
2500 2100 0.0122344 1.09165 4.76476 4.49553
2500 2200 0.0132678 1.08214 4.75727 4.49693
2500 2300 0.0128894 1.06454 4.73429 4.48145
2500 2400 0.0114979 1.07436 4.74538 4.49296
2500 700 0.0114789 1.1319 4.82228 4.54377
2500 800 0.0132351 1.13309 4.82489 4.54525
2500 900 0.0137195 1.13978 4.83917 4.55162
800 700 0.0159268 1.09784 4.76948 4.50308
900 700 0.020011 1.055 4.72552 4.47172
900 800 0.0190605 1.0782 4.75198 4.49375
