700 600 0.0179855 1.05652 -1 -1 
800 600 0.0184778 1.06541 -1 -1 
800 700 0.0179714 1.06773 -1 -1 
900 600 0.0178549 1.06498 -1 -1 
900 700 0.0210996 1.06095 -1 -1 
900 800 0.0223267 1.04869 -1 -1 
1000 600 0.0198067 1.08582 -1 -1 
1000 700 0.0186285 1.08158 -1 -1 
1000 800 0.0221922 1.05842 -1 -1 
1000 900 0.0180125 1.04982 -1 -1 
1100 600 0.0146071 1.08913 -1 -1 
1100 700 0.0202898 1.0857 -1 -1 
1100 800 0.020989 1.06949 -1 -1 
1100 900 0.020804 1.05545 -1 -1 
1100 1000 0.0234762 1.05866 -1 -1 
1200 600 0.0188762 1.09266 -1 -1 
1200 700 0.0162186 1.08855 -1 -1 
1200 800 0.01888 1.07976 -1 -1 
1200 900 0.0220369 1.07018 -1 -1 
1200 1000 0.0188413 1.05536 -1 -1 
1200 1100 0.0221412 1.05773 -1 -1 
1300 600 0.014048 1.09975 -1 -1 
1300 700 0.0193726 1.09216 -1 -1 
1300 800 0.0204168 1.08639 -1 -1 
1300 900 0.0181675 1.08422 -1 -1 
1300 1000 0.0228465 1.07584 -1 -1 
1300 1100 0.0221544 1.06038 -1 -1 
1300 1200 0.0201754 1.06683 -1 -1 
1400 600 0.0156457 1.09928 -1 -1 
1400 700 0.018529 1.10197 -1 -1 
1400 800 0.0198571 1.09266 -1 -1 
1400 900 0.0211414 1.08802 -1 -1 
1400 1000 0.0184843 1.07703 -1 -1 
1400 1100 0.0223038 1.07187 -1 -1 
1400 1200 0.022031 1.05687 -1 -1 
1400 1300 0.0191136 1.05537 -1 -1 
1500 600 0.0144862 1.10855 -1 -1 
1500 700 0.0150029 1.0969 -1 -1 
1500 800 0.0176878 1.10356 -1 -1 
1500 900 0.0186492 1.09541 -1 -1 
1500 1000 0.0228751 1.09262 -1 -1 
1500 1100 0.0222988 1.08358 -1 -1 
1500 1200 0.0181781 1.07234 -1 -1 
1500 1300 0.0237758 1.0552 -1 -1 
1500 1400 0.0182597 1.0651 -1 -1 
1600 600 0.0112347 1.10626 -1 -1 
1600 700 0.0177145 1.10478 -1 -1 
1600 800 0.0163999 1.09122 -1 -1 
1600 900 0.0165924 1.09576 -1 -1 
1600 1000 0.0156093 1.0858 -1 -1 
1600 1100 0.0202858 1.09718 -1 -1 
1600 1200 0.0193574 1.08783 -1 -1 
1600 1300 0.0190892 1.07312 -1 -1 
1600 1400 0.021679 1.0666 -1 -1 
1600 1500 0.0174732 1.06383 -1 -1 
1700 600 0.011454 1.1003 -1 -1 
1700 700 0.015405 1.10354 -1 -1 
1700 800 0.0184943 1.10214 -1 -1 
1700 900 0.014118 1.10341 -1 -1 
1700 1000 0.017596 1.10072 -1 -1 
1700 1100 0.0183669 1.09757 -1 -1 
1700 1200 0.0196284 1.09119 -1 -1 
1700 1300 0.0205277 1.08953 -1 -1 
1700 1400 0.0180281 1.07843 -1 -1 
1700 1500 0.0187213 1.05819 -1 -1 
1700 1600 0.014627 1.06543 -1 -1 
1800 600 0.0117522 1.10876 -1 -1 
1800 700 0.0137203 1.11375 -1 -1 
1800 800 0.0177037 1.10121 -1 -1 
1800 900 0.0147182 1.10482 -1 -1 
1800 1000 0.0143829 1.10274 -1 -1 
1800 1100 0.0185108 1.09822 -1 -1 
1800 1200 0.0190015 1.09283 -1 -1 
1800 1300 0.0177654 1.09278 -1 -1 
1800 1400 0.0187884 1.09127 -1 -1 
1800 1500 0.0147437 1.07129 -1 -1 
1800 1600 0.0204129 1.05565 -1 -1 
1800 1700 0.0148706 1.0625 -1 -1 
1900 600 0.0150658 1.11823 -1 -1 
1900 700 0.0118717 1.1172 -1 -1 
1900 800 0.0152561 1.11111 -1 -1 
1900 900 0.0174339 1.11258 -1 -1 
1900 1000 0.0157122 1.09793 -1 -1 
1900 1100 0.016103 1.1107 -1 -1 
1900 1200 0.0163658 1.11168 -1 -1 
1900 1300 0.0141339 1.09426 -1 -1 
1900 1400 0.0195787 1.09336 -1 -1 
1900 1500 0.0186799 1.08824 -1 -1 
1900 1600 0.0166646 1.07387 -1 -1 
1900 1700 0.0167011 1.06243 -1 -1 
1900 1800 0.0168154 1.07451 -1 -1 
2000 600 0.0118501 1.12494 -1 -1 
2000 700 0.0141977 1.1233 -1 -1 
2000 800 0.0138927 1.12376 -1 -1 
2000 900 0.0147194 1.11194 -1 -1 
2000 1000 0.0182434 1.10421 -1 -1 
2000 1100 0.0145459 1.09878 -1 -1 
2000 1200 0.0121282 1.10184 -1 -1 
2000 1300 0.0150831 1.10291 -1 -1 
2000 1400 0.0161717 1.10231 -1 -1 
2000 1500 0.0149661 1.09696 -1 -1 
2000 1600 0.0152404 1.09264 -1 -1 
2000 1700 0.017666 1.07777 -1 -1 
2000 1800 0.0186694 1.0568 -1 -1 
2000 1900 0.0161832 1.08182 -1 -1 
2100 600 0.0126386 1.11773 -1 -1 
2100 700 0.012137 1.11983 -1 -1 
2100 800 0.013561 1.11491 -1 -1 
2100 900 0.0144577 1.12148 -1 -1 
2100 1000 0.0152485 1.109 -1 -1 
2100 1100 0.0152699 1.11668 -1 -1 
2100 1200 0.0143499 1.11166 -1 -1 
2100 1300 0.0165167 1.10873 -1 -1 
2100 1400 0.0159968 1.10682 -1 -1 
2100 1500 0.0167215 1.09411 -1 -1 
2100 1600 0.0149051 1.09333 -1 -1 
2100 1700 0.015821 1.0925 -1 -1 
2100 1800 0.0165294 1.07859 -1 -1 
2100 1900 0.0145753 1.06243 -1 -1 
2100 2000 0.0146243 1.069 -1 -1 
2200 600 0.00946394 1.12786 -1 -1 
2200 700 0.0127113 1.11882 -1 -1 
2200 800 0.0124606 1.11457 -1 -1 
2200 900 0.013264 1.12138 -1 -1 
2200 1000 0.0127218 1.12505 -1 -1 
2200 1100 0.0122761 1.10988 -1 -1 
2200 1200 0.014953 1.10431 -1 -1 
2200 1300 0.0133138 1.10896 -1 -1 
2200 1400 0.013438 1.09657 -1 -1 
2200 1500 0.0157682 1.101 -1 -1 
2200 1600 0.0131568 1.0968 -1 -1 
2200 1700 0.0147669 1.10167 -1 -1 
2200 1800 0.014688 1.09869 -1 -1 
2200 1900 0.0165247 1.0833 -1 -1 
2200 2000 0.0165741 1.06455 -1 -1 
2200 2100 0.0127489 1.06676 -1 -1 
2300 600 0.00954995 1.12344 -1 -1 
2300 700 0.0122254 1.12646 -1 -1 
2300 800 0.0106691 1.1238 -1 -1 
2300 900 0.0158745 1.13177 -1 -1 
2300 1000 0.0156487 1.12128 -1 -1 
2300 1100 0.0149595 1.11627 -1 -1 
2300 1200 0.0139675 1.11956 -1 -1 
2300 1300 0.0145523 1.11295 -1 -1 
2300 1400 0.0134161 1.11589 -1 -1 
2300 1500 0.0136578 1.1062 -1 -1 
2300 1600 0.0142495 1.11119 -1 -1 
2300 1700 0.0145304 1.09275 -1 -1 
2300 1800 0.0150534 1.10236 -1 -1 
2300 1900 0.0146768 1.09456 -1 -1 
2300 2000 0.0159067 1.08014 -1 -1 
2300 2100 0.0156737 1.05835 -1 -1 
2300 2200 0.0130282 1.07192 -1 -1 
2400 600 0.0114399 1.13973 -1 -1 
2400 700 0.0107278 1.14988 -1 -1 
2400 800 0.0129652 1.12804 -1 -1 
2400 900 0.0113921 1.13217 -1 -1 
2400 1000 0.0143975 1.13218 -1 -1 
2400 1100 0.0139767 1.12169 -1 -1 
2400 1200 0.0115424 1.12409 -1 -1 
2400 1300 0.0132428 1.12318 -1 -1 
2400 1400 0.0146489 1.11586 -1 -1 
2400 1500 0.0141442 1.11558 -1 -1 
2400 1600 0.0127812 1.10435 -1 -1 
2400 1700 0.0139369 1.10757 -1 -1 
2400 1800 0.0148233 1.09885 -1 -1 
2400 1900 0.01519 1.09787 -1 -1 
2400 2000 0.0133205 1.10086 -1 -1 
2400 2100 0.0133441 1.08205 -1 -1 
2400 2200 0.0122296 1.06132 -1 -1 
2400 2300 0.011425 1.06728 -1 -1 
2500 600 0.0101685 1.12661 -1 -1 
2500 700 0.00964853 1.13239 -1 -1 
2500 800 0.0146304 1.13007 -1 -1 
2500 900 0.0116269 1.13422 -1 -1 
2500 1000 0.0129589 1.12286 -1 -1 
2500 1100 0.010009 1.12754 -1 -1 
2500 1200 0.0103296 1.12821 -1 -1 
2500 1300 0.0101529 1.12333 -1 -1 
2500 1400 0.0127531 1.12291 -1 -1 
2500 1500 0.0144799 1.11288 -1 -1 
2500 1600 0.0140499 1.11893 -1 -1 
2500 1700 0.0118715 1.10967 -1 -1 
2500 1800 0.0122255 1.1061 -1 -1 
2500 1900 0.0139441 1.0943 -1 -1 
2500 2000 0.0133355 1.09638 -1 -1 
2500 2100 0.0128755 1.09516 -1 -1 
2500 2200 0.012581 1.08928 -1 -1 
2500 2300 0.0139752 1.06253 -1 -1 
2500 2400 0.0130936 1.08884 -1 -1 
