1000 600 0.0167085 1.11586 2.79128 3.00067
1000 700 0.0148283 1.12252 2.7893 3.0025
1000 800 0.0189001 1.07792 2.79378 2.97443
1000 900 0.0151939 1.07847 2.79335 2.97422
1100 1000 0.0206519 1.07386 2.79701 2.97415
1100 600 0.0122012 1.13707 2.79144 3.01736
1100 700 0.0172445 1.09154 2.79171 2.98117
1100 800 0.017941 1.07722 2.79431 2.97495
1100 900 0.0185826 1.06529 2.7998 2.9696
1200 1000 0.016871 1.05587 2.80037 2.96672
1200 1100 0.0197626 1.0666 2.79923 2.96987
1200 600 0.0154437 1.14532 2.78708 3.02443
1200 700 0.014651 1.12145 2.79022 3.00298
1200 800 0.0168242 1.09799 2.79382 2.9891
1200 900 0.018768 1.07677 2.79451 2.97508
1300 1000 0.0205599 1.07928 2.7934 2.97505
1300 1100 0.020207 1.07829 2.79388 2.97459
1300 1200 0.0183059 1.10448 2.79338 2.99402
1300 600 0.013245 1.1124 2.79027 2.99714
1300 700 0.0178568 1.1022 2.79245 2.9917
1300 800 0.0182363 1.10073 2.79176 2.99032
1300 900 0.0160446 1.08854 2.79431 2.98162
1400 1000 0.0177441 1.08024 2.79276 2.97601
1400 1100 0.0202212 1.07807 2.7941 2.97433
1400 1200 0.0206663 1.05984 2.8002 2.96737
1400 1300 0.0184694 1.05869 2.80023 2.96736
1400 600 0.013799 1.1077 2.78988 2.99496
1400 700 0.0170283 1.11075 2.78899 2.99695
1400 800 0.0182465 1.11134 2.7887 2.99591
1400 900 0.0187365 1.09412 2.79353 2.98541
1500 1000 0.0209726 1.10388 2.79132 2.99332
1500 1100 0.020406 1.08968 2.79356 2.98199
1500 1200 0.0162067 1.0737 2.79687 2.97404
1500 1300 0.022405 1.06856 2.79935 2.9711
1500 1400 0.0161178 1.06786 2.79981 2.97027
1500 600 0.0128419 1.11029 2.78879 2.99586
1500 700 0.0133286 1.10374 2.79156 2.99319
1500 800 0.0166105 1.10678 2.7906 2.99511
1500 900 0.0172396 1.09525 2.79249 2.98606
1600 1000 0.0146167 1.0919 2.79162 2.98199
1600 1100 0.0186952 1.10908 2.78917 2.99511
1600 1200 0.0183546 1.08658 2.79381 2.98078
1600 1300 0.0167859 1.08719 2.79478 2.98162
1600 1400 0.020817 1.07866 2.79397 2.97447
1600 1500 0.0158587 1.07528 2.79573 2.97559
1600 600 0.0109419 1.09257 2.79198 2.98228
1600 700 0.0166247 1.1102 2.78871 2.99566
1600 800 0.0150097 1.11037 2.78874 2.99625
1600 900 0.0155459 1.10051 2.79222 2.98976
1700 1000 0.0169267 1.09978 2.79304 2.98971
1700 1100 0.0178031 1.10231 2.79283 2.99206
1700 1200 0.0179689 1.09204 2.79189 2.98208
1700 1300 0.0194468 1.0926 2.79207 2.9821
1700 1400 0.0162282 1.07736 2.79414 2.97494
1700 1500 0.0172429 1.05957 2.80021 2.96746
1700 1600 0.013494 1.07336 2.79716 2.97395
1700 600 0.0105389 1.10432 2.7926 2.99374
1700 700 0.0136888 1.10622 2.79019 2.99474
1700 800 0.0169014 1.11566 2.79143 3.00015
1700 900 0.0121385 1.11049 2.78888 2.99661
1800 1000 0.0135634 1.10639 2.79 2.99481
1800 1100 0.0170944 1.1007 2.79161 2.99028
1800 1200 0.0180422 1.09271 2.792 2.98235
1800 1300 0.0170797 1.0952 2.79242 2.9859
1800 1400 0.0170761 1.0944 2.79344 2.98541
1800 1500 0.0136206 1.06987 2.79851 2.9715
1800 1600 0.0195459 1.0562 2.80014 2.96695
1800 1700 0.0139313 1.06613 2.79979 2.96989
1800 600 0.0107865 1.10935 2.78927 2.99575
1800 700 0.013274 1.11178 2.78934 2.99646
1800 800 0.0165912 1.10595 2.79013 2.99435
1800 900 0.0143313 1.12364 2.79033 3.00481
1900 1000 0.0145629 1.10072 2.79173 2.99031
1900 1100 0.0153013 1.10884 2.78968 2.99496
1900 1200 0.0161178 1.13856 2.78801 3.01696
1900 1300 0.0131272 1.09602 2.79316 2.98663
1900 1400 0.0188383 1.09327 2.79172 2.98319
1900 1500 0.0180383 1.09269 2.79201 2.98199
1900 1600 0.0149293 1.0748 2.79678 2.97511
1900 1700 0.0146904 1.07879 2.79422 2.9749
1900 1800 0.0164596 1.10048 2.79225 2.98975
1900 600 0.0135426 1.12994 2.79243 3.00904
1900 700 0.0111532 1.12412 2.79053 3.00549
1900 800 0.0137964 1.11608 2.79105 3.00067
1900 900 0.0165559 1.12232 2.78905 3.00347
2000 1000 0.0172309 1.11461 2.79082 2.99958
2000 1100 0.0141193 1.09991 2.79274 2.9891
2000 1200 0.011492 1.10801 2.78953 2.99508
2000 1300 0.0146246 1.1049 2.7924 2.99409
2000 1400 0.0155609 1.10254 2.79271 2.99216
2000 1500 0.0141962 1.1052 2.79199 2.99421
2000 1600 0.0149528 1.09261 2.79197 2.98205
2000 1700 0.0169109 1.08442 2.79269 2.97983
2000 1800 0.0183394 1.05829 2.7997 2.96738
2000 1900 0.0151987 1.06882 2.7986 2.97122
2000 600 0.0110176 1.12551 2.79139 3.00585
2000 700 0.0133554 1.12608 2.79134 3.0058
2000 800 0.0120692 1.14798 2.77799 3.02557
2000 900 0.0136142 1.12853 2.7908 3.00702
2100 1000 0.0143007 1.11706 2.7898 3.00051
2100 1100 0.0147863 1.11682 2.78994 3.00104
2100 1200 0.0137176 1.1143 2.79053 2.99941
2100 1300 0.0158727 1.10999 2.7887 2.99574
2100 1400 0.0151825 1.1147 2.79142 2.99965
2100 1500 0.0163121 1.09417 2.79373 2.98544
2100 1600 0.0144888 1.09352 2.79223 2.98405
2100 1700 0.0148916 1.09633 2.79385 2.98731
2100 1800 0.0157443 1.07932 2.79333 2.97503
2100 1900 0.0143381 1.06406 2.80026 2.96941
2100 2000 0.0141173 1.07744 2.794 2.97498
2100 600 0.0119846 1.12179 2.78972 3.00366
2100 700 0.0115733 1.12359 2.79006 3.00475
2100 800 0.0129552 1.11628 2.79084 3.00096
2100 900 0.0140335 1.1223 2.78907 3.00343
2200 1000 0.0123261 1.12271 2.78915 3.00264
2200 1100 0.0119054 1.10984 2.78869 2.99646
2200 1200 0.0145719 1.10441 2.79305 2.99408
2200 1300 0.0127033 1.11309 2.79038 2.99838
2200 1400 0.0134085 1.09962 2.79326 2.9898
2200 1500 0.0152579 1.1057 2.79055 2.99435
2200 1600 0.0127986 1.09673 2.79339 2.98746
2200 1700 0.0138018 1.10002 2.79272 2.98949
2200 1800 0.0138726 1.09697 2.7933 2.98754
2200 1900 0.0160952 1.08492 2.79369 2.97992
2200 2000 0.0164349 1.07646 2.79517 2.97507
2200 2100 0.0116652 1.07641 2.79532 2.97517
2200 600 0.0087591 1.13206 2.79398 3.01378
2200 700 0.01231 1.12158 2.79012 3.00352
2200 800 0.0117488 1.11659 2.79057 3.00147
2200 900 0.0126948 1.12463 2.79182 3.00625
2300 1000 0.014764 1.12221 2.78929 3.00364
2300 1100 0.0144078 1.12156 2.79009 3.00339
2300 1200 0.0134838 1.11921 2.79013 3.00224
2300 1300 0.014394 1.11241 2.79003 2.99699
2300 1400 0.0131994 1.11847 2.79002 3.00199
2300 1500 0.0129718 1.12118 2.79054 3.00292
2300 1600 0.0141244 1.11261 2.79021 2.9971
2300 1700 0.013799 1.09232 2.79201 2.98222
2300 1800 0.0142608 1.11147 2.78862 2.9964
2300 1900 0.0145435 1.0941 2.79357 2.98542
2300 2000 0.0156206 1.0834 2.79161 2.97843
2300 2100 0.0156264 1.05838 2.79979 2.96753
2300 2200 0.011917 1.08515 2.7936 2.98015
2300 600 0.00908619 1.11932 2.79012 3.0026
2300 700 0.0114224 1.13451 2.79346 3.01577
2300 800 0.00993153 1.12575 2.79103 3.00571
2300 900 0.0143231 1.13563 2.79348 3.01709
2400 1000 0.0137787 1.13467 2.7932 3.01609
2400 1100 0.0129138 1.12064 2.78935 3.00251
2400 1200 0.0111945 1.12427 2.79093 3.00552
2400 1300 0.0127274 1.12357 2.7901 3.00471
2400 1400 0.0144224 1.11704 2.78977 3.00035
2400 1500 0.0137573 1.1154 2.79199 3.00044
2400 1600 0.01244 1.10494 2.79227 2.99418
2400 1700 0.0136105 1.10646 2.79015 2.99513
2400 1800 0.0145679 1.09888 2.79347 2.98847
2400 1900 0.0151144 1.098 2.79374 2.9891
2400 2000 0.0132347 1.10099 2.792 2.99048
2400 2100 0.0130894 1.09932 2.7934 2.98945
2400 2200 0.0119591 1.06145 2.79917 2.96855
2400 2300 0.0110525 1.06982 2.79862 2.9716
2400 600 0.0107066 1.15363 2.78338 3.0318
2400 700 0.0105289 1.14722 2.77884 3.02472
2400 800 0.0117878 1.1295 2.79158 3.00749
2400 900 0.0105335 1.13328 2.79479 3.01498
2500 1000 0.0127255 1.12759 2.79144 3.00552
2500 1100 0.00979106 1.12797 2.79104 3.00603
2500 1200 0.00994264 1.1291 2.791 3.00727
2500 1300 0.00966577 1.12461 2.79189 3.00573
2500 1400 0.0127251 1.12564 2.79109 3.0057
2500 1500 0.014359 1.11291 2.78992 2.99779
2500 1600 0.0139956 1.11594 2.79156 3.00104
2500 1700 0.0112803 1.11843 2.79011 3.00195
2500 1800 0.0119916 1.11199 2.78918 2.99634
2500 1900 0.0136876 1.09787 2.79398 2.98897
2500 2000 0.0127093 1.09793 2.79385 2.98902
2500 2100 0.0126471 1.09559 2.79271 2.98654
2500 2200 0.0123172 1.08845 2.79414 2.98144
2500 2300 0.0137734 1.0647 2.80034 2.96967
2500 2400 0.0127091 1.08775 2.79459 2.98184
2500 600 0.00946051 1.13232 2.79425 3.01399
2500 700 0.00915385 1.14003 2.78085 3.01837
2500 800 0.0131366 1.12835 2.79097 3.00652
2500 900 0.0112408 1.13509 2.79323 3.01691
700 600 0.0105854 1.18421 2.7769 3.06369
800 600 0.0117069 1.13303 2.79483 3.01457
800 700 0.0134032 1.12116 2.79059 3.003
900 600 0.0130718 1.08256 2.79083 2.97732
900 700 0.017435 1.09212 2.79173 2.98195
900 800 0.0167635 1.08237 2.79117 2.97753
