1000 500 0.0115483 1.1243 5.3233 3.83043
1000 600 0.0162275 1.10461 5.27701 3.81254
1000 700 0.0169445 1.07781 5.23209 3.78711
1000 800 0.0199017 1.07452 5.22482 3.78333
1000 900 0.0193657 1.07404 5.2245 3.7838
1100 1000 0.0170649 1.06553 5.21048 3.77878
1100 500 0.0122511 1.11754 5.31029 3.82352
1100 600 0.0165093 1.09801 5.26277 3.80426
1100 700 0.0154747 1.08775 5.24657 3.79471
1100 800 0.017431 1.09053 5.25194 3.8002
1100 900 0.018645 1.05963 5.19988 3.77325
1200 1000 0.0200535 1.0647 5.20645 3.77837
1200 1100 0.0174923 1.06595 5.20988 3.77957
1200 500 0.0130059 1.10069 5.2687 3.80965
1200 600 0.0148722 1.09759 5.26282 3.80417
1200 700 0.0155723 1.09146 5.25297 3.80187
1200 800 0.0170344 1.10506 5.27919 3.81225
1200 900 0.0190094 1.08134 5.23702 3.7892
1300 1000 0.019969 1.08059 5.23643 3.78757
1300 1100 0.0183569 1.0663 5.21116 3.77992
1300 1200 0.018968 1.06733 5.21194 3.78071
1300 500 0.0130307 1.11342 5.29738 3.81864
1300 600 0.0149084 1.11338 5.29739 3.81857
1300 700 0.0146572 1.09838 5.2636 3.80493
1300 800 0.0171401 1.09806 5.26282 3.80446
1300 900 0.019161 1.08675 5.24619 3.7935
1400 1000 0.0173335 1.089 5.2489 3.79638
1400 1100 0.0200712 1.0826 5.23912 3.79068
1400 1200 0.0186926 1.06648 5.21103 3.77996
1400 1300 0.0180506 1.08382 5.24215 3.79096
1400 500 0.0124962 1.11236 5.29517 3.81771
1400 600 0.0137494 1.10401 5.27456 3.81188
1400 700 0.015887 1.10499 5.27904 3.81282
1400 800 0.0169632 1.11396 5.29914 3.81963
1400 900 0.0196782 1.09718 5.26306 3.80379
1500 1000 0.0209924 1.08861 5.24775 3.79547
1500 1100 0.0188807 1.09452 5.25773 3.80182
1500 1200 0.0200624 1.09085 5.2518 3.80094
1500 1300 0.0220983 1.06568 5.21038 3.77885
1500 1400 0.0176692 1.06446 5.20658 3.77774
1500 500 0.0111573 1.1135 5.29726 3.81906
1500 600 0.0138022 1.11718 5.30858 3.82286
1500 700 0.0138973 1.11015 5.28899 3.81494
1500 800 0.0173312 1.09484 5.25741 3.80185
1500 900 0.0194103 1.096 5.26035 3.80197
1600 1000 0.0157489 1.0964 5.26174 3.80289
1600 1100 0.0187213 1.09063 5.25169 3.79999
1600 1200 0.0172754 1.0907 5.25148 3.80022
1600 1300 0.0176254 1.08518 5.24358 3.79229
1600 1400 0.0178267 1.06001 5.20042 3.77339
1600 1500 0.0168305 1.06359 5.20499 3.77708
1600 500 0.0109897 1.12708 5.3324 3.83517
1600 600 0.0130303 1.11856 5.31258 3.82737
1600 700 0.0161781 1.11283 5.2958 3.8178
1600 800 0.013975 1.09996 5.26819 3.80756
1600 900 0.0163457 1.10261 5.27106 3.81075
1700 1000 0.0169207 1.10387 5.27425 3.81127
1700 1100 0.017962 1.09499 5.25772 3.80184
1700 1200 0.0175754 1.10057 5.2686 3.80922
1700 1300 0.0182233 1.09353 5.25747 3.80204
1700 1400 0.0154101 1.07998 5.23573 3.78736
1700 1500 0.0181566 1.07535 5.22705 3.78392
1700 1600 0.0154234 1.07274 5.22279 3.7843
1700 500 0.010411 1.13791 5.3575 3.84846
1700 600 0.0133987 1.10512 5.27903 3.81279
1700 700 0.0143295 1.11184 5.29313 3.81695
1700 800 0.0160224 1.09979 5.26793 3.80676
1700 900 0.01812 1.10466 5.27698 3.8128
1800 1000 0.0172839 1.10778 5.28415 3.81428
1800 1100 0.0177453 1.09386 5.2582 3.8015
1800 1200 0.0155644 1.0969 5.26227 3.80372
1800 1300 0.0140379 1.08816 5.24707 3.7953
1800 1400 0.0163319 1.09636 5.26154 3.80323
1800 1500 0.018177 1.07584 5.22774 3.78525
1800 1600 0.0175962 1.06329 5.20455 3.77738
1800 1700 0.0150993 1.06692 5.21143 3.7802
1800 500 0.0103 1.12994 5.33953 3.83636
1800 600 0.0144529 1.12687 5.3319 3.83526
1800 700 0.0121195 1.12134 5.31909 3.82898
1800 800 0.0140414 1.12944 5.33828 3.83581
1800 900 0.015381 1.10657 5.28208 3.81351
1900 1000 0.0150935 1.10887 5.28553 3.81485
1900 1100 0.0172703 1.10476 5.27725 3.81278
1900 1200 0.0167672 1.1006 5.26851 3.80911
1900 1300 0.0162108 1.09471 5.25736 3.80173
1900 1400 0.0181008 1.09856 5.26501 3.80516
1900 1500 0.0171317 1.09091 5.25181 3.80072
1900 1600 0.0163218 1.0772 5.23123 3.78727
1900 1700 0.0170056 1.06081 5.20108 3.7736
1900 1800 0.0154697 1.06907 5.21541 3.78263
1900 500 0.00978957 1.12237 5.32006 3.8292
1900 600 0.0118226 1.11854 5.31235 3.82731
1900 700 0.0128993 1.12255 5.32046 3.82873
1900 800 0.015661 1.11426 5.30004 3.81926
1900 900 0.0137601 1.11178 5.29241 3.81699
2000 1000 0.0150868 1.10409 5.27498 3.81241
2000 1100 0.0162489 1.10232 5.27026 3.81085
2000 1200 0.0155353 1.10092 5.26907 3.80971
2000 1300 0.0144019 1.09383 5.25826 3.80154
2000 1400 0.0157782 1.09645 5.26165 3.803
2000 1500 0.0160644 1.09301 5.25682 3.80075
2000 1600 0.0156604 1.09242 5.25532 3.80119
2000 1700 0.0159656 1.08052 5.23637 3.78722
2000 1800 0.014985 1.06224 5.20287 3.7765
2000 1900 0.0142404 1.0779 5.23233 3.78693
2000 500 0.00969614 1.11712 5.30851 3.82266
2000 600 0.0100342 1.12532 5.32662 3.83173
2000 700 0.012138 1.13068 5.34021 3.83705
2000 800 0.0120158 1.12058 5.31643 3.82865
2000 900 0.0156628 1.11536 5.30324 3.82011
2100 1000 0.0130763 1.11068 5.29008 3.81556
2100 1200 0.0132497 1.10739 5.28375 3.81367
2100 1300 0.0154247 1.09917 5.26663 3.80605
2100 1400 0.015008 1.10411 5.2752 3.81248
2100 1500 0.0146819 1.10011 5.26766 3.80792
2100 1600 0.0139157 1.10136 5.27031 3.81014
2100 1700 0.0158003 1.09787 5.26237 3.80456
2100 1800 0.016593 1.08028 5.23677 3.78781
2100 1900 0.0135447 1.06879 5.21464 3.78197
2100 2000 0.0123212 1.07211 5.2212 3.78473
2100 500 0.00973294 1.13057 5.34053 3.83729
2100 600 0.0100492 1.12342 5.3219 3.82979
2100 700 0.012952 1.13223 5.34223 3.83936
2100 800 0.0130671 1.12023 5.31537 3.82855
2100 900 0.0139296 1.11881 5.31204 3.82735
2200 1000 0.0144454 1.11487 5.30096 3.81949
2200 1100 0.0152 1.10916 5.28647 3.81491
2200 1200 0.0139208 1.11621 5.30493 3.82115
2200 1300 0.0142989 1.1144 5.30027 3.81946
2200 1400 0.0136964 1.10542 5.27933 3.81264
2200 1500 0.0171773 1.10176 5.27052 3.81047
2200 1600 0.0162449 1.10089 5.26932 3.80975
2200 1700 0.0142467 1.09457 5.25772 3.80167
2200 1800 0.0156954 1.09181 5.25392 3.80151
2200 1900 0.0156154 1.0786 5.23372 3.78765
2200 2000 0.0158373 1.06265 5.20363 3.77634
2200 2100 0.0127821 1.06862 5.21436 3.78255
2200 500 0.00850266 1.13825 5.3586 3.84877
2200 600 0.0109414 1.12506 5.32612 3.83117
2200 700 0.0113555 1.13394 5.34735 3.84211
2200 800 0.0120297 1.12694 5.33201 3.83544
2200 900 0.0127157 1.12856 5.33575 3.83627
2300 1000 0.0124769 1.13101 5.34065 3.83709
2300 1100 0.0118155 1.12701 5.33262 3.83533
2300 1200 0.0138429 1.12702 5.33256 3.83523
2300 1300 0.0122725 1.10745 5.28386 3.81383
2300 1400 0.0133987 1.11044 5.28998 3.81599
2300 1500 0.0121782 1.10582 5.27986 3.8132
2300 1600 0.0130983 1.10234 5.27018 3.81092
2300 1700 0.0143569 1.10806 5.28409 3.81407
2300 1800 0.0141038 1.10107 5.26902 3.81023
2300 1900 0.0158366 1.09223 5.25475 3.80135
2300 2000 0.0153729 1.0802 5.23628 3.78759
2300 2100 0.0140926 1.06219 5.20301 3.77633
2300 2200 0.0132351 1.07005 5.21793 3.78315
2300 500 0.00904016 1.12676 5.33268 3.83502
2300 600 0.0117647 1.13531 5.35021 3.84545
2300 700 0.0106088 1.13127 5.3407 3.8384
2300 800 0.0122704 1.13161 5.34115 3.83861
2300 900 0.0116576 1.13223 5.34223 3.83936
2400 1000 0.0134532 1.13123 5.34081 3.83792
2400 1100 0.0150683 1.12533 5.32669 3.83179
2400 1200 0.0129653 1.12402 5.32332 3.83107
2400 1300 0.0112352 1.12365 5.32277 3.83034
2400 1400 0.0118501 1.12566 5.3278 3.83234
2400 1500 0.0125627 1.10997 5.28888 3.81463
2400 1600 0.0132691 1.10977 5.288 3.81454
2400 1700 0.0130757 1.0997 5.2682 3.8068
2400 1800 0.0150943 1.10475 5.27741 3.81268
2400 1900 0.0114103 1.10184 5.27058 3.81017
2400 2000 0.0123508 1.09093 5.25196 3.80093
2400 2100 0.0137985 1.07863 5.23383 3.78758
2400 2200 0.0134712 1.06573 5.20979 3.77884
2400 2300 0.0127215 1.06543 5.20967 3.77843
2400 500 0.00817 1.12578 5.32826 3.83271
2400 600 0.0107711 1.1359 5.35003 3.84473
2400 700 0.010461 1.13373 5.34664 3.84168
2400 800 0.0103943 1.12757 5.33313 3.8349
2400 900 0.0102328 1.12337 5.32162 3.82972
2500 1000 0.0110131 1.13494 5.35014 3.84513
2500 1100 0.0133943 1.12765 5.33352 3.83508
2500 1200 0.0134903 1.14331 5.37004 3.84991
2500 1300 0.012902 1.12393 5.32335 3.83082
2500 1400 0.0105805 1.12292 5.32176 3.82975
2500 1500 0.0121765 1.12395 5.32332 3.83084
2500 1600 0.0111471 1.10619 5.28011 3.81358
2500 1700 0.0130051 1.11344 5.29733 3.81853
2500 1800 0.0121619 1.10718 5.28311 3.81369
2500 1900 0.0150044 1.10344 5.27283 3.81115
2500 2000 0.012656 1.11265 5.29543 3.8178
2500 2100 0.0119788 1.09642 5.2617 3.80331
2500 2200 0.013819 1.08221 5.23803 3.79006
2500 2300 0.013493 1.06754 5.2119 3.78058
2500 2400 0.0110861 1.06514 5.20851 3.77885
2500 500 0.00895084 1.14186 5.36651 3.85029
2500 600 0.0104027 1.12991 5.33945 3.83651
2500 700 0.0125 1.1314 5.34096 3.83862
2500 800 0.0112162 1.13616 5.3509 3.84461
2500 900 0.014037 1.13638 5.35125 3.84501
600 500 0.00880914 1.14098 5.36436 3.84815
700 500 0.0104887 1.09281 5.25641 3.80092
700 600 0.0130707 1.15576 5.40357 3.86067
800 500 0.0116593 1.10085 5.26937 3.80988
800 600 0.0149605 1.08389 5.24228 3.79137
800 700 0.015864 1.09845 5.26408 3.80519
900 500 0.011535 1.11937 5.3121 3.82782
900 600 0.0129483 1.0854 5.24329 3.79228
900 700 0.0151741 1.07529 5.22646 3.78387
900 800 0.0172215 1.08134 5.23702 3.7892
