700 600 0.0144393 1.09027 -1 -1 
800 600 0.0195745 1.05682 -1 -1 
800 700 0.020702 1.06312 -1 -1 
900 600 0.0167697 1.07199 -1 -1 
900 700 0.020778 1.08206 -1 -1 
900 800 0.0195417 1.0511 -1 -1 
1000 600 0.0168372 1.07337 -1 -1 
1000 700 0.0220901 1.06801 -1 -1 
1000 800 0.0221306 1.05763 -1 -1 
1000 900 0.0215783 1.0543 -1 -1 
1100 600 0.0173608 1.08454 -1 -1 
1100 700 0.0190034 1.09109 -1 -1 
1100 800 0.0221926 1.07001 -1 -1 
1100 900 0.0208493 1.0493 -1 -1 
1100 1000 0.0176239 1.05953 -1 -1 
1200 600 0.0167719 1.09542 -1 -1 
1200 700 0.0188467 1.09156 -1 -1 
1200 800 0.0208419 1.07914 -1 -1 
1200 900 0.0261065 1.07133 -1 -1 
1200 1000 0.0208354 1.05557 -1 -1 
1200 1100 0.0223553 1.05809 -1 -1 
1300 600 0.015814 1.09379 -1 -1 
1300 700 0.0171069 1.0939 -1 -1 
1300 800 0.0229944 1.08993 -1 -1 
1300 900 0.0179723 1.09627 -1 -1 
1300 1000 0.0164898 1.06843 -1 -1 
1300 1100 0.0212576 1.069 -1 -1 
1300 1200 0.0189149 1.06079 -1 -1 
1400 600 0.0141491 1.09253 -1 -1 
1400 700 0.0171596 1.08896 -1 -1 
1400 800 0.0171513 1.09967 -1 -1 
1400 900 0.0174643 1.09115 -1 -1 
1400 1000 0.0197691 1.08417 -1 -1 
1400 1100 0.0209959 1.07265 -1 -1 
1400 1200 0.0228094 1.06241 -1 -1 
1400 1300 0.0195234 1.06658 -1 -1 
1500 600 0.0154445 1.10136 -1 -1 
1500 700 0.0148591 1.0998 -1 -1 
1500 800 0.0176341 1.10074 -1 -1 
1500 900 0.02169 1.09933 -1 -1 
1500 1000 0.0223523 1.08986 -1 -1 
1500 1100 0.022892 1.08725 -1 -1 
1500 1200 0.0190171 1.08543 -1 -1 
1500 1300 0.0215777 1.06008 -1 -1 
1500 1400 0.0181632 1.06405 -1 -1 
1600 600 0.0120629 1.1074 -1 -1 
1600 700 0.016486 1.10433 -1 -1 
1600 800 0.0188343 1.09579 -1 -1 
1600 900 0.0164344 1.10766 -1 -1 
1600 1000 0.0189336 1.09556 -1 -1 
1600 1100 0.0194702 1.09407 -1 -1 
1600 1200 0.0198359 1.08475 -1 -1 
1600 1300 0.0203965 1.07227 -1 -1 
1600 1400 0.020311 1.06088 -1 -1 
1600 1500 0.0189108 1.06092 -1 -1 
1700 600 0.01152 1.101 -1 -1 
1700 700 0.0142441 1.1036 -1 -1 
1700 800 0.0195008 1.10247 -1 -1 
1700 900 0.0188992 1.10111 -1 -1 
1700 1000 0.0180882 1.10119 -1 -1 
1700 1100 0.0176041 1.09681 -1 -1 
1700 1200 0.0175131 1.0955 -1 -1 
1700 1300 0.0186117 1.08363 -1 -1 
1700 1400 0.0183506 1.07143 -1 -1 
1700 1500 0.0197031 1.05944 -1 -1 
1700 1600 0.0142062 1.07723 -1 -1 
1800 600 0.0141186 1.12178 -1 -1 
1800 700 0.0132771 1.10355 -1 -1 
1800 800 0.0153385 1.10394 -1 -1 
1800 900 0.0147337 1.10759 -1 -1 
1800 1000 0.0161418 1.09379 -1 -1 
1800 1100 0.0146674 1.10015 -1 -1 
1800 1200 0.0173966 1.10262 -1 -1 
1800 1300 0.0173641 1.09062 -1 -1 
1800 1400 0.0180367 1.08387 -1 -1 
1800 1500 0.0213993 1.07398 -1 -1 
1800 1600 0.0213173 1.06108 -1 -1 
1800 1700 0.0186566 1.06528 -1 -1 
1900 600 0.0155405 1.1219 -1 -1 
1900 700 0.0129173 1.1157 -1 -1 
1900 800 0.0132754 1.10987 -1 -1 
1900 900 0.0162352 1.11276 -1 -1 
1900 1000 0.0175514 1.10542 -1 -1 
1900 1100 0.0182022 1.09907 -1 -1 
1900 1200 0.0160795 1.09238 -1 -1 
1900 1300 0.019326 1.09404 -1 -1 
1900 1400 0.0167196 1.094 -1 -1 
1900 1500 0.0177744 1.08686 -1 -1 
1900 1600 0.019339 1.08486 -1 -1 
1900 1700 0.0186554 1.05596 -1 -1 
1900 1800 0.0164281 1.07372 -1 -1 
2000 600 0.0126641 1.11452 -1 -1 
2000 700 0.0127112 1.12059 -1 -1 
2000 800 0.0157602 1.11605 -1 -1 
2000 900 0.0144418 1.11124 -1 -1 
2000 1000 0.0175838 1.10781 -1 -1 
2000 1100 0.0182895 1.10534 -1 -1 
2000 1200 0.0147938 1.09221 -1 -1 
2000 1300 0.0179618 1.0944 -1 -1 
2000 1400 0.0146254 1.10177 -1 -1 
2000 1500 0.0148509 1.09463 -1 -1 
2000 1600 0.0161778 1.0982 -1 -1 
2000 1700 0.0191479 1.07998 -1 -1 
2000 1800 0.0165193 1.05818 -1 -1 
2000 1900 0.0153342 1.06657 -1 -1 
2100 600 0.0107932 1.13875 -1 -1 
2100 700 0.0126281 1.13037 -1 -1 
2100 800 0.0159913 1.12129 -1 -1 
2100 900 0.0126946 1.12598 -1 -1 
2100 1000 0.0158363 1.11442 -1 -1 
2100 1100 0.0143834 1.11148 -1 -1 
2100 1200 0.0168234 1.09992 -1 -1 
2100 1300 0.0163219 1.11663 -1 -1 
2100 1400 0.0130161 1.1032 -1 -1 
2100 1500 0.0131118 1.09916 -1 -1 
2100 1600 0.0164921 1.10494 -1 -1 
2100 1700 0.0190154 1.08893 -1 -1 
2100 1800 0.0149838 1.08311 -1 -1 
2100 1900 0.0160935 1.05697 -1 -1 
2100 2000 0.0117885 1.06566 -1 -1 
2200 600 0.0116059 1.1286 -1 -1 
2200 700 0.0128209 1.12104 -1 -1 
2200 800 0.0132611 1.13852 -1 -1 
2200 900 0.0146989 1.11766 -1 -1 
2200 1000 0.0148942 1.12049 -1 -1 
2200 1100 0.0139094 1.10951 -1 -1 
2200 1200 0.0141829 1.107 -1 -1 
2200 1300 0.013402 1.11669 -1 -1 
2200 1400 0.0156306 1.10734 -1 -1 
2200 1500 0.0144807 1.10289 -1 -1 
2200 1600 0.0173602 1.10024 -1 -1 
2200 1700 0.0146711 1.09325 -1 -1 
2200 1800 0.0137261 1.09058 -1 -1 
2200 1900 0.016191 1.08274 -1 -1 
2200 2000 0.0154766 1.06011 -1 -1 
2200 2100 0.0119844 1.06932 -1 -1 
2300 600 0.0119061 1.12026 -1 -1 
2300 700 0.0107457 1.13002 -1 -1 
2300 800 0.0106377 1.13317 -1 -1 
2300 900 0.013073 1.1298 -1 -1 
2300 1000 0.0154594 1.13392 -1 -1 
2300 1100 0.0145515 1.12953 -1 -1 
2300 1200 0.0137693 1.11843 -1 -1 
2300 1300 0.0145983 1.12266 -1 -1 
2300 1400 0.0151862 1.1089 -1 -1 
2300 1500 0.0128706 1.10788 -1 -1 
2300 1600 0.013477 1.10267 -1 -1 
2300 1700 0.01537 1.09527 -1 -1 
2300 1800 0.0120341 1.09677 -1 -1 
2300 1900 0.0133944 1.09293 -1 -1 
2300 2000 0.0169165 1.07719 -1 -1 
2300 2100 0.0141464 1.05952 -1 -1 
2300 2200 0.0114958 1.08297 -1 -1 
2400 600 0.00984628 1.12818 -1 -1 
2400 700 0.0122674 1.12746 -1 -1 
2400 800 0.0116655 1.13733 -1 -1 
2400 900 0.0150948 1.12683 -1 -1 
2400 1000 0.010793 1.1384 -1 -1 
2400 1100 0.0123933 1.134 -1 -1 
2400 1200 0.0114628 1.12584 -1 -1 
2400 1300 0.0140896 1.1203 -1 -1 
2400 1400 0.011069 1.11631 -1 -1 
2400 1500 0.0167791 1.11132 -1 -1 
2400 1600 0.0140379 1.09878 -1 -1 
2400 1700 0.0147923 1.10493 -1 -1 
2400 1800 0.0140045 1.10256 -1 -1 
2400 1900 0.0147527 1.10594 -1 -1 
2400 2000 0.0142142 1.09677 -1 -1 
2400 2100 0.0133091 1.09074 -1 -1 
2400 2200 0.0125128 1.06573 -1 -1 
2400 2300 0.0120204 1.06273 -1 -1 
2500 600 0.0104427 1.14649 -1 -1 
2500 700 0.0113735 1.13301 -1 -1 
2500 800 0.0133067 1.14821 -1 -1 
2500 900 0.0113691 1.13539 -1 -1 
2500 1000 0.0104946 1.14879 -1 -1 
2500 1100 0.0105622 1.13686 -1 -1 
2500 1200 0.0158221 1.12772 -1 -1 
2500 1300 0.0123753 1.12 -1 -1 
2500 1400 0.0109688 1.12716 -1 -1 
2500 1500 0.0147056 1.1128 -1 -1 
2500 1600 0.0136141 1.11046 -1 -1 
2500 1700 0.0123966 1.11574 -1 -1 
2500 1800 0.0155415 1.10029 -1 -1 
2500 1900 0.0105284 1.10377 -1 -1 
2500 2000 0.0135632 1.09618 -1 -1 
2500 2100 0.0129851 1.0885 -1 -1 
2500 2200 0.0127591 1.08423 -1 -1 
2500 2300 0.012861 1.06133 -1 -1 
2500 2400 0.0123096 1.08442 -1 -1 
