1000 600 0.0164353 1.07409 7.40188 5.98489
1000 700 0.0208921 1.06994 7.39171 5.98276
1000 800 0.0216936 1.0508 7.34782 5.95716
1000 900 0.0218636 1.05603 7.35498 5.96227
1100 1000 0.0183531 1.05774 7.35876 5.96424
1100 600 0.0176701 1.08366 7.41831 5.9926
1100 700 0.019969 1.08487 7.41912 5.99277
1100 800 0.0216728 1.06756 7.38329 5.97887
1100 900 0.0206981 1.04977 7.34603 5.95589
1200 1000 0.0208509 1.05311 7.35224 5.96186
1200 1100 0.0210285 1.05916 7.36319 5.96636
1200 600 0.0184225 1.09342 7.44129 6.01249
1200 700 0.0202752 1.09119 7.43409 6.00803
1200 800 0.0214671 1.07792 7.40919 5.99072
1200 900 0.0248924 1.07277 7.39767 5.9859
1300 1000 0.0176791 1.06698 7.38141 5.97763
1300 1100 0.0218486 1.05702 7.35759 5.96448
1300 1200 0.0195924 1.0588 7.36076 5.96581
1300 600 0.0147394 1.09611 7.44895 6.01368
1300 700 0.0186052 1.09335 7.44134 6.01255
1300 800 0.0217185 1.09176 7.43639 6.00825
1300 900 0.0188396 1.08492 7.41887 5.99256
1400 1000 0.0205356 1.08985 7.43075 6.00478
1400 1100 0.023518 1.06962 7.39104 5.98197
1400 1200 0.0230212 1.05621 7.35485 5.96226
1400 1300 0.0207787 1.06494 7.37513 5.97555
1400 600 0.0137897 1.093 7.44034 6.01203
1400 700 0.0182482 1.09358 7.44234 6.01411
1400 800 0.0192298 1.09399 7.44435 6.01456
1400 900 0.0185186 1.09032 7.43208 6.00575
1500 1000 0.0216552 1.08937 7.4297 6.0035
1500 1100 0.0235767 1.08654 7.42178 5.99749
1500 1200 0.0197075 1.07985 7.41056 5.99231
1500 1300 0.0239551 1.05737 7.35814 5.9643
1500 1400 0.0185623 1.06839 7.38564 5.9801
1500 600 0.01451 1.10325 7.46879 6.02142
1500 700 0.014816 1.10372 7.46998 6.02321
1500 800 0.0175065 1.09849 7.45487 6.0153
1500 900 0.0189653 1.09687 7.4503 6.01433
1600 1000 0.0194833 1.09328 7.44188 6.01219
1600 1100 0.0204517 1.09263 7.43841 6.01069
1600 1200 0.01891 1.08467 7.41922 5.99349
1600 1300 0.0191744 1.07343 7.40043 5.98705
1600 1400 0.0193948 1.05481 7.3534 5.96055
1600 1500 0.0178568 1.06513 7.37495 5.97535
1600 600 0.0130778 1.10362 7.46963 6.02318
1600 700 0.0166912 1.10302 7.46869 6.02011
1600 800 0.0204565 1.09797 7.45451 6.01607
1600 900 0.0174256 1.09796 7.45448 6.01576
1700 1000 0.0181576 1.09628 7.44967 6.01329
1700 1100 0.0178133 1.09465 7.44644 6.01368
1700 1200 0.0197089 1.09301 7.44059 6.01206
1700 1300 0.0194857 1.0849 7.41876 5.99256
1700 1400 0.0179328 1.06979 7.39122 5.98217
1700 1500 0.0207175 1.05669 7.35665 5.96306
1700 1600 0.016493 1.07745 7.40737 5.99057
1700 600 0.0132678 1.10275 7.46861 6.01836
1700 700 0.0150058 1.10348 7.46942 6.02342
1700 800 0.0184496 1.0995 7.45753 6.01379
1700 900 0.0188207 1.0938 7.44336 6.01346
1800 1000 0.0166942 1.09625 7.44994 6.01343
1800 1100 0.0161658 1.09828 7.45535 6.01597
1800 1200 0.0176555 1.09896 7.4554 6.01431
1800 1300 0.0179501 1.09318 7.44221 6.01215
1800 1400 0.0183987 1.0829 7.41944 5.99267
1800 1500 0.0211953 1.07459 7.40338 5.98613
1800 1600 0.019964 1.06217 7.36831 5.97077
1800 1700 0.0195112 1.06497 7.37522 5.97522
1800 600 0.0143869 1.1144 7.50416 6.04881
1800 700 0.0158082 1.10778 7.48232 6.02831
1800 800 0.0162218 1.10737 7.48122 6.02755
1800 900 0.0152646 1.10301 7.46881 6.02011
1900 1000 0.0175539 1.10281 7.46885 6.01882
1900 1100 0.0178237 1.09992 7.45985 6.01473
1900 1200 0.0173379 1.0958 7.44963 6.01367
1900 1300 0.0193238 1.0953 7.44787 6.0134
1900 1400 0.0166315 1.09684 7.45 6.01411
1900 1500 0.0170385 1.08883 7.42836 5.99999
1900 1600 0.0190755 1.07952 7.40561 5.99083
1900 1700 0.0194502 1.05694 7.35726 5.96427
1900 1800 0.0166337 1.07415 7.40181 5.98511
1900 600 0.0138186 1.12745 7.53819 6.07049
1900 700 0.0128254 1.11844 7.50868 6.05049
1900 800 0.0136275 1.10981 7.48787 6.03416
1900 900 0.0156025 1.10839 7.48429 6.03069
2000 1000 0.0162338 1.10521 7.47411 6.02277
2000 1100 0.0172327 1.10852 7.48359 6.03033
2000 1200 0.0158157 1.09357 7.44222 6.01376
2000 1300 0.0200964 1.09557 7.4487 6.01355
2000 1400 0.0157503 1.0999 7.45986 6.01484
2000 1500 0.0163332 1.09348 7.44126 6.01355
2000 1600 0.015622 1.09193 7.43686 6.00907
2000 1700 0.0189733 1.08108 7.41278 5.99006
2000 1800 0.0170601 1.05835 7.35971 5.9645
2000 1900 0.0160201 1.06233 7.36899 5.97031
2000 600 0.0122154 1.11792 7.50616 6.04986
2000 700 0.0119629 1.11118 7.49094 6.03795
2000 800 0.0141588 1.11411 7.50342 6.04891
2000 900 0.0142635 1.11296 7.49846 6.04297
2100 1000 0.0173459 1.11051 7.48891 6.03665
2100 1100 0.014571 1.11246 7.49619 6.04374
2100 1200 0.0162665 1.09917 7.45687 6.01433
2100 1300 0.0170239 1.10625 7.47875 6.02528
2100 1400 0.0150575 1.09732 7.45126 6.01454
2100 1500 0.0153818 1.09937 7.45702 6.01354
2100 1600 0.017164 1.09962 7.45837 6.01399
2100 1700 0.017582 1.08873 7.42831 6.0009
2100 1800 0.0156658 1.07757 7.40787 5.99096
2100 1900 0.0152553 1.05644 7.35612 5.96325
2100 2000 0.0133837 1.07036 7.39341 5.98317
2100 600 0.0110794 1.12526 7.53099 6.06628
2100 700 0.0128254 1.11977 7.51267 6.05453
2100 800 0.0143273 1.12143 7.51798 6.05998
2100 900 0.0130028 1.11674 7.50392 6.05086
2200 1000 0.0158163 1.12001 7.51335 6.05631
2200 1100 0.0136968 1.11085 7.48929 6.03693
2200 1200 0.0130661 1.11645 7.50212 6.05111
2200 1300 0.0141813 1.10997 7.4882 6.03568
2200 1400 0.0143227 1.10454 7.47296 6.02361
2200 1500 0.0157082 1.10325 7.46879 6.02142
2200 1600 0.0172985 1.09839 7.45465 6.01524
2200 1700 0.0145839 1.09583 7.4491 6.01325
2200 1800 0.0154549 1.08928 7.42956 6.00258
2200 1900 0.0163511 1.08354 7.41813 5.99201
2200 2000 0.0161554 1.05979 7.36329 5.96786
2200 2100 0.0129838 1.06523 7.37503 5.97544
2200 600 0.0112803 1.12483 7.52835 6.06588
2200 700 0.0123101 1.12489 7.52883 6.06551
2200 800 0.013681 1.11854 7.50858 6.05104
2200 900 0.0156959 1.1179 7.50577 6.04961
2300 1000 0.0143459 1.12752 7.53872 6.07198
2300 1100 0.013497 1.12846 7.5414 6.07385
2300 1200 0.0130479 1.11594 7.50132 6.05096
2300 1300 0.0144281 1.11474 7.50324 6.04952
2300 1400 0.0143869 1.10743 7.48135 6.02769
2300 1500 0.0131452 1.1058 7.47663 6.02362
2300 1600 0.0135372 1.10912 7.48433 6.03182
2300 1700 0.016281 1.098 7.45473 6.01593
2300 1800 0.0133766 1.09786 7.45336 6.01591
2300 1900 0.0152465 1.09334 7.4416 6.01241
2300 2000 0.0156175 1.07722 7.40721 5.99087
2300 2100 0.0147612 1.06568 7.37518 5.97659
2300 2200 0.0118655 1.06275 7.36917 5.97104
2300 600 0.0110632 1.12947 7.54353 6.07888
2300 700 0.0129617 1.12253 7.52137 6.06488
2300 800 0.0105955 1.12741 7.53779 6.07071
2300 900 0.0136508 1.12994 7.54525 6.07727
2400 1000 0.0122136 1.13375 7.56198 6.08537
2400 1100 0.0130777 1.13353 7.56179 6.08652
2400 1200 0.0117793 1.12802 7.53902 6.07469
2400 1300 0.0144321 1.11926 7.51119 6.05351
2400 1400 0.0122848 1.11578 7.50144 6.05008
2400 1500 0.0161997 1.11209 7.49343 6.04146
2400 1600 0.0143782 1.09898 7.45582 6.0137
2400 1700 0.0144532 1.10573 7.47643 6.02329
2400 1800 0.0138301 1.09936 7.45694 6.0136
2400 1900 0.0148435 1.09816 7.4545 6.01511
2400 2000 0.0131469 1.09272 7.43855 6.01138
2400 2100 0.0137366 1.08434 7.41836 5.99414
2400 2200 0.0132572 1.06143 7.36825 5.97071
2400 2300 0.0123622 1.05912 7.36312 5.96637
2400 600 0.010956 1.12449 7.52767 6.06392
2400 700 0.0119646 1.12548 7.53228 6.0664
2400 800 0.0125352 1.13416 7.56254 6.08666
2400 900 0.0138217 1.12718 7.53752 6.06973
2500 1000 0.0120398 1.13886 7.58794 6.09216
2500 1100 0.0107645 1.13475 7.56831 6.08841
2500 1200 0.0136443 1.12632 7.53568 6.06654
2500 1300 0.0127946 1.12286 7.52118 6.06499
2500 1400 0.0125013 1.1275 7.53846 6.07152
2500 1500 0.0140012 1.11507 7.50186 6.04886
2500 1600 0.0141667 1.10973 7.48801 6.03373
2500 1700 0.0130311 1.10846 7.48383 6.03064
2500 1800 0.013638 1.09936 7.45694 6.0136
2500 1900 0.0115412 1.09759 7.45235 6.0154
2500 2000 0.013039 1.09836 7.45483 6.01563
2500 2100 0.0139127 1.0863 7.42064 5.99668
2500 2200 0.0148593 1.0851 7.41869 5.99319
2500 2300 0.0127715 1.06244 7.36929 5.97074
2500 2400 0.0129497 1.06777 7.38394 5.98016
2500 600 0.0101222 1.14221 7.59637 6.09705
2500 700 0.0113236 1.13037 7.54736 6.07727
2500 800 0.0142862 1.1338 7.56155 6.08564
2500 900 0.0114643 1.13261 7.5581 6.08429
700 600 0.0160117 1.07923 7.41064 5.99098
800 600 0.0187598 1.05915 7.36355 5.96636
800 700 0.0220238 1.06228 7.36906 5.9705
900 600 0.017102 1.07257 7.39666 5.98631
900 700 0.0207262 1.06694 7.38134 5.97772
900 800 0.0207047 1.05846 7.35997 5.96458
