1000 600 0.0168932 1.11491 5.30087 3.81947
1000 700 0.0148283 1.11061 5.29038 3.81561
1000 800 0.0192198 1.0774 5.23127 3.78698
1000 900 0.0156026 1.07479 5.22574 3.78335
1100 1000 0.0210482 1.06171 5.2031 3.77591
1100 600 0.0122012 1.13599 5.35044 3.84462
1100 700 0.0172445 1.09154 5.25308 3.80181
1100 800 0.017941 1.07722 5.23127 3.78748
1100 900 0.0187321 1.06361 5.20482 3.77712
1200 1000 0.0168641 1.05587 5.19832 3.7708
1200 1100 0.019968 1.06537 5.20923 3.77839
1200 600 0.0154437 1.14532 5.37682 3.85388
1200 700 0.014651 1.11343 5.29754 3.81858
1200 800 0.0168242 1.09799 5.26288 3.80431
1200 900 0.018768 1.07677 5.2306 3.786
1300 1000 0.0205599 1.07928 5.23434 3.78751
1300 1100 0.0203116 1.08192 5.23785 3.78992
1300 1200 0.0183111 1.09549 5.25881 3.8017
1300 600 0.013245 1.1124 5.29536 3.81761
1300 700 0.0178568 1.1022 5.27079 3.81074
1300 800 0.0182363 1.10073 5.26879 3.80992
1300 900 0.0160446 1.08854 5.24763 3.79536
1400 1000 0.0177441 1.08024 5.23635 3.78751
1400 1100 0.0202212 1.07807 5.23257 3.7875
1400 1200 0.0206938 1.05793 5.19936 3.77087
1400 1300 0.0185554 1.0586 5.19923 3.77163
1400 600 0.0138661 1.10761 5.28424 3.81408
1400 700 0.0170283 1.11075 5.29009 3.81597
1400 800 0.0182465 1.11134 5.29106 3.816
1400 900 0.0187365 1.09412 5.25748 3.80184
1500 1000 0.0209726 1.10388 5.27413 3.81139
1500 1100 0.0203976 1.08968 5.24972 3.79858
1500 1200 0.0162067 1.0737 5.2252 3.7843
1500 1300 0.0225731 1.06202 5.20305 3.77641
1500 1400 0.0167257 1.06677 5.21149 3.78011
1500 600 0.0128419 1.11029 5.28928 3.81548
1500 700 0.0133286 1.10374 5.27301 3.81102
1500 800 0.0166105 1.10678 5.28213 3.81333
1500 900 0.0172396 1.09525 5.25863 3.80189
1600 1000 0.0146167 1.0919 5.25499 3.80184
1600 1100 0.0186952 1.10908 5.28633 3.81514
1600 1200 0.0183546 1.08658 5.24613 3.7935
1600 1300 0.0167859 1.087 5.24625 3.79394
1600 1400 0.0208503 1.07794 5.23233 3.78697
1600 1500 0.0160585 1.06771 5.21292 3.78088
1600 600 0.0109419 1.09257 5.25553 3.80104
1600 700 0.0166247 1.1102 5.28894 3.81519
1600 800 0.0150097 1.11037 5.28962 3.81623
1600 900 0.0155459 1.10051 5.26887 3.80903
1700 1000 0.0169267 1.09978 5.26802 3.80674
1700 1100 0.0178509 1.10226 5.27026 3.81102
1700 1200 0.0179689 1.09204 5.25483 3.80172
1700 1300 0.0194468 1.0926 5.25581 3.80133
1700 1400 0.0162915 1.07706 5.23123 3.78702
1700 1500 0.017236 1.05957 5.20002 3.77324
1700 1600 0.0135437 1.07575 5.22775 3.7851
1700 600 0.0105389 1.10432 5.27639 3.8127
1700 700 0.0136888 1.10622 5.28034 3.81374
1700 800 0.0169014 1.11566 5.30397 3.82083
1700 900 0.0121385 1.11049 5.29011 3.81563
1800 1000 0.0135634 1.10639 5.28109 3.81425
1800 1100 0.0170944 1.1007 5.26869 3.80963
1800 1200 0.0180422 1.09271 5.25589 3.80081
1800 1300 0.0170797 1.0952 5.25862 3.80183
1800 1400 0.0170761 1.0944 5.25773 3.80141
1800 1500 0.0136206 1.06987 5.21778 3.78362
1800 1600 0.0195452 1.05602 5.19832 3.77063
1800 1700 0.014223 1.06594 5.20984 3.77962
1800 600 0.0109304 1.10907 5.28633 3.81509
1800 700 0.013274 1.11178 5.29241 3.81699
1800 800 0.0166191 1.10639 5.28109 3.81425
1800 900 0.0143313 1.12364 5.32272 3.83027
1900 1000 0.0145629 1.10072 5.26865 3.80967
1900 1100 0.0153013 1.10884 5.28539 3.81452
1900 1200 0.0161178 1.13856 5.35866 3.84988
1900 1300 0.0131272 1.09524 5.25843 3.80196
1900 1400 0.0188383 1.09327 5.2572 3.8018
1900 1500 0.0180383 1.09269 5.25599 3.80096
1900 1600 0.0149293 1.0748 5.22585 3.7832
1900 1700 0.0146904 1.07879 5.23429 3.78729
1900 1800 0.0164599 1.0903 5.25099 3.80012
1900 600 0.0137134 1.12924 5.33767 3.8356
1900 700 0.0111532 1.12412 5.32349 3.83061
1900 800 0.0137964 1.11608 5.30438 3.82073
1900 900 0.0165559 1.12232 5.3199 3.8295
2000 1000 0.0172309 1.11461 5.30016 3.81949
2000 1100 0.0141193 1.09991 5.26823 3.80762
2000 1200 0.011492 1.10801 5.28421 3.81413
2000 1300 0.0146246 1.1049 5.27743 3.81252
2000 1400 0.0155609 1.10254 5.27066 3.81063
2000 1500 0.0141962 1.1052 5.27871 3.81265
2000 1600 0.0149528 1.09261 5.25578 3.80141
2000 1700 0.0169109 1.08442 5.24298 3.79126
2000 1800 0.0184015 1.05812 5.19898 3.77106
2000 1900 0.0151905 1.06922 5.21603 3.78284
2000 600 0.0110166 1.12551 5.32723 3.8324
2000 700 0.0133534 1.12608 5.32948 3.83348
2000 800 0.0120692 1.14798 5.3848 3.85605
2000 900 0.0136142 1.12853 5.33564 3.83602
2100 1000 0.0143007 1.11706 5.30809 3.82274
2100 1100 0.0147863 1.11682 5.30666 3.82255
2100 1200 0.0137176 1.1143 5.30008 3.8195
2100 1300 0.0158727 1.10999 5.2887 3.81466
2100 1400 0.0151825 1.1147 5.30056 3.82001
2100 1500 0.0163121 1.09417 5.2579 3.80156
2100 1600 0.0144888 1.09352 5.2573 3.80201
2100 1700 0.0148916 1.09633 5.26116 3.803
2100 1800 0.0157443 1.07932 5.23444 3.78788
2100 1900 0.0143381 1.06406 5.20557 3.77742
2100 2000 0.0142967 1.07689 5.23095 3.78662
2100 600 0.0119846 1.12072 5.31669 3.82882
2100 700 0.0115733 1.12359 5.32265 3.83005
2100 800 0.0129552 1.11628 5.30536 3.82115
2100 900 0.0140335 1.1223 5.31985 3.82938
2200 1000 0.0123261 1.12271 5.3208 3.8286
2200 1100 0.0119054 1.10984 5.28833 3.81446
2200 1200 0.0145719 1.10441 5.27647 3.81243
2200 1300 0.0127033 1.11309 5.29626 3.81816
2200 1400 0.0134085 1.09962 5.26845 3.80651
2200 1500 0.0152579 1.1057 5.27791 3.81268
2200 1600 0.0127986 1.09673 5.26167 3.80327
2200 1700 0.0138018 1.10002 5.26804 3.80802
2200 1800 0.0138726 1.09697 5.26269 3.80414
2200 1900 0.0162912 1.08272 5.23954 3.79104
2200 2000 0.0164349 1.07646 5.22968 3.78595
2200 2100 0.0117578 1.07178 5.22072 3.78442
2200 600 0.00891288 1.13067 5.34032 3.83705
2200 700 0.01231 1.12158 5.31957 3.82884
2200 800 0.0117488 1.11659 5.30568 3.82231
2200 900 0.0126948 1.12463 5.32381 3.8308
2300 1000 0.014764 1.12221 5.31987 3.82914
2300 1100 0.0144078 1.12156 5.31964 3.82887
2300 1200 0.0134838 1.11921 5.31249 3.82793
2300 1300 0.014394 1.11241 5.29545 3.81765
2300 1400 0.0131994 1.11847 5.31227 3.82695
2300 1500 0.012966 1.12118 5.319 3.82883
2300 1600 0.0141244 1.11261 5.29535 3.81754
2300 1700 0.013799 1.09232 5.25477 3.80118
2300 1800 0.0142608 1.11147 5.29156 3.81597
2300 1900 0.0145435 1.0941 5.25752 3.80161
2300 2000 0.0156206 1.0834 5.24078 3.79095
2300 2100 0.0156264 1.05838 5.19911 3.77141
2300 2200 0.0119832 1.08614 5.24561 3.79355
2300 600 0.00928173 1.11883 5.31214 3.8275
2300 700 0.0114146 1.13451 5.34923 3.84348
2300 800 0.00993153 1.12575 5.32833 3.83265
2300 900 0.0143172 1.13563 5.35062 3.84519
2400 1000 0.0137787 1.13467 5.34926 3.84406
2400 1100 0.0129138 1.12064 5.31648 3.82888
2400 1200 0.0111945 1.12427 5.32322 3.83068
2400 1300 0.0127274 1.12357 5.32257 3.83012
2400 1400 0.0144224 1.11704 5.30797 3.82271
2400 1500 0.0137573 1.1154 5.30317 3.82023
2400 1600 0.01244 1.10494 5.27771 3.81271
2400 1700 0.0136105 1.10646 5.28098 3.81427
2400 1800 0.0145679 1.09888 5.26507 3.806
2400 1900 0.0151144 1.098 5.26276 3.80433
2400 2000 0.0132347 1.10099 5.26918 3.80972
2400 2100 0.0130894 1.09932 5.26773 3.80591
2400 2200 0.0119591 1.06145 5.2018 3.7754
2400 2300 0.0110457 1.06982 5.2177 3.78359
2400 600 0.0107066 1.15363 5.40005 3.85977
2400 700 0.0105289 1.14722 5.382 3.85534
2400 800 0.0119572 1.12884 5.33735 3.8356
2400 900 0.0105335 1.13328 5.34509 3.84073
2500 1000 0.0128296 1.12717 5.33265 3.83544
2500 1100 0.00979106 1.12797 5.33391 3.83561
2500 1200 0.00994264 1.1291 5.33798 3.83566
2500 1300 0.00966577 1.12461 5.32368 3.83065
2500 1400 0.0127251 1.12423 5.32357 3.83069
2500 1500 0.014359 1.11291 5.29588 3.818
2500 1600 0.0139956 1.11594 5.30448 3.82061
2500 1700 0.0112803 1.11843 5.31212 3.82705
2500 1800 0.0119916 1.11199 5.29318 3.81772
2500 1900 0.0136876 1.09787 5.26237 3.80456
2500 2000 0.0127093 1.09793 5.2626 3.80465
2500 2100 0.0126471 1.09559 5.25846 3.80168
2500 2200 0.0123172 1.08845 5.24747 3.79542
2500 2300 0.0137734 1.0647 5.20645 3.77837
2500 2400 0.0127805 1.08301 5.24005 3.79087
2500 600 0.00956918 1.13156 5.34102 3.83869
2500 700 0.00915385 1.14003 5.36129 3.84755
2500 800 0.0131366 1.12835 5.33482 3.83593
2500 900 0.0112408 1.13509 5.35054 3.84508
700 600 0.0107539 1.147 5.38195 3.85538
800 600 0.011821 1.09991 5.26823 3.80762
800 700 0.0140765 1.13842 5.35861 3.84866
900 600 0.0130702 1.08256 5.23898 3.79065
900 700 0.0174526 1.09204 5.25483 3.80172
900 800 0.0172893 1.08379 5.24241 3.79134
