1000 500 0.0115483 1.1243 2.79085 3.00558
1000 600 0.0161319 1.10472 2.79257 2.99363
1000 700 0.0169445 1.07781 2.79377 2.97498
1000 800 0.0199017 1.0715 2.79879 2.97256
1000 900 0.0189233 1.07507 2.79616 2.97544
1100 1000 0.0170649 1.06829 2.79977 2.97085
1100 500 0.0121626 1.11379 2.79058 2.99886
1100 600 0.0164208 1.09808 2.79353 2.98898
1100 700 0.0154747 1.08775 2.79459 2.98184
1100 800 0.017431 1.09053 2.79267 2.98121
1100 900 0.018461 1.06542 2.79985 2.96968
1200 1000 0.0198765 1.06752 2.79896 2.96989
1200 1100 0.0173153 1.06618 2.79962 2.96965
1200 500 0.0130059 1.10069 2.79176 2.99001
1200 600 0.0148722 1.10001 2.7928 2.98949
1200 700 0.0155723 1.09146 2.79169 2.98116
1200 800 0.0170344 1.10506 2.79203 2.99406
1200 900 0.0190094 1.08134 2.79153 2.9762
1300 1000 0.019969 1.08059 2.79266 2.97517
1300 1100 0.0182685 1.06635 2.79927 2.96949
1300 1200 0.018784 1.07419 2.7974 2.97486
1300 500 0.0130307 1.11342 2.79095 2.99913
1300 600 0.0149084 1.11338 2.79088 2.99899
1300 700 0.0146572 1.09838 2.79339 2.98893
1300 800 0.0171401 1.09806 2.79348 2.98897
1300 900 0.019161 1.08675 2.79433 2.98119
1400 1000 0.0173335 1.089 2.79361 2.98138
1400 1100 0.0200712 1.0826 2.79085 2.97758
1400 1200 0.0186926 1.06648 2.79971 2.96993
1400 1300 0.017771 1.08826 2.7947 2.98183
1400 500 0.0124962 1.11236 2.79014 2.99651
1400 600 0.0137494 1.10401 2.79159 2.9939
1400 700 0.015887 1.10499 2.79242 2.99426
1400 800 0.0169632 1.11396 2.7905 2.99896
1400 900 0.0196782 1.09718 2.79293 2.98853
1500 1000 0.0209924 1.08861 2.7946 2.98168
1500 1100 0.0188807 1.09452 2.79314 2.98548
1500 1200 0.0200624 1.09341 2.79164 2.98367
1500 1300 0.0220023 1.06577 2.79973 2.97004
1500 1400 0.0175737 1.06459 2.80028 2.96972
1500 500 0.0111573 1.1135 2.79084 2.99912
1500 600 0.0138022 1.11718 2.7895 3.00103
1500 700 0.0138973 1.11015 2.78884 2.99569
1500 800 0.0173312 1.09652 2.79348 2.98714
1500 900 0.0193218 1.09565 2.79302 2.98642
1600 1000 0.0157489 1.0964 2.7938 2.98722
1600 1100 0.0187213 1.09179 2.79184 2.98159
1600 1200 0.0172754 1.0907 2.79259 2.98119
1600 1300 0.0176254 1.08518 2.79369 2.98017
1600 1400 0.0177382 1.06053 2.79957 2.9681
1600 1500 0.0168305 1.06633 2.7992 2.96938
1600 500 0.0109897 1.12708 2.79174 3.00598
1600 600 0.0130303 1.11856 2.79007 3.00219
1600 700 0.0161781 1.11283 2.79021 2.99759
1600 800 0.013975 1.09996 2.79272 2.98917
1600 900 0.0163457 1.10261 2.79249 2.99202
1700 1000 0.0168322 1.10403 2.79163 2.99382
1700 1100 0.017962 1.09499 2.79277 2.98579
1700 1200 0.0175754 1.10057 2.79224 2.99009
1700 1300 0.0182233 1.09353 2.79219 2.98392
1700 1400 0.0154101 1.07998 2.79255 2.97595
1700 1500 0.0181566 1.07535 2.79579 2.97539
1700 1600 0.015335 1.07318 2.79764 2.9739
1700 500 0.010411 1.13791 2.78891 3.0168
1700 600 0.0133103 1.10519 2.79199 2.9942
1700 700 0.0143295 1.11184 2.7893 2.99651
1700 800 0.0160224 1.09979 2.79311 2.98969
1700 900 0.01812 1.10466 2.79279 2.99406
1800 1000 0.0172839 1.10778 2.78976 2.9949
1800 1100 0.0177453 1.09386 2.79236 2.98436
1800 1200 0.0155644 1.0969 2.79315 2.98732
1800 1300 0.0140379 1.08816 2.79461 2.98168
1800 1400 0.0163319 1.09636 2.79365 2.98715
1800 1500 0.018177 1.07584 2.79607 2.97535
1800 1600 0.0175962 1.06329 2.79976 2.96936
1800 1700 0.0150108 1.06703 2.79854 2.9692
1800 500 0.0101231 1.12648 2.79148 3.00473
1800 600 0.0144529 1.12687 2.79159 3.00506
1800 700 0.0121195 1.12134 2.78998 3.00243
1800 800 0.0140414 1.12944 2.79146 3.00744
1800 900 0.015381 1.10657 2.79013 2.99528
1900 1000 0.0150935 1.10887 2.78953 2.99488
1900 1100 0.0172703 1.10476 2.79251 2.99376
1900 1200 0.0167672 1.1006 2.79219 2.98973
1900 1300 0.0162108 1.09471 2.79278 2.98562
1900 1400 0.0181008 1.09856 2.79362 2.9886
1900 1500 0.0171317 1.09091 2.79237 2.9807
1900 1600 0.0163218 1.0772 2.79438 2.97484
1900 1700 0.0170056 1.06081 2.7998 2.96813
1900 1800 0.0154697 1.06907 2.79854 2.97139
1900 500 0.00978957 1.12237 2.78902 3.0031
1900 600 0.0118226 1.11854 2.7899 3.00201
1900 700 0.0128993 1.12255 2.78933 3.00232
1900 800 0.015661 1.11426 2.79053 2.99936
1900 900 0.0137601 1.11178 2.78934 2.99646
2000 1000 0.0150868 1.10409 2.79225 2.99409
2000 1100 0.0162489 1.10232 2.79275 2.99199
2000 1200 0.0155353 1.10092 2.79204 2.99075
2000 1300 0.0144019 1.09383 2.79241 2.9844
2000 1400 0.0157782 1.09645 2.79366 2.98728
2000 1500 0.0160644 1.09301 2.79148 2.98269
2000 1600 0.0156604 1.09242 2.79204 2.98259
2000 1700 0.0159656 1.08052 2.79252 2.97542
2000 1800 0.014801 1.06265 2.79925 2.96829
2000 1900 0.014152 1.0747 2.79642 2.9747
2000 500 0.00969614 1.11976 2.78916 3.00253
2000 600 0.0100342 1.12532 2.79179 3.00607
2000 700 0.012138 1.13068 2.79289 3.01104
2000 800 0.0120158 1.12058 2.7893 3.0025
2000 900 0.0156628 1.11536 2.79191 3.00036
2100 1000 0.0130763 1.11068 2.78907 2.99699
2100 1100 0.0133067 1.10718 2.79043 2.99491
2100 1200 0.0132497 1.10739 2.79003 2.99486
2100 1300 0.0154247 1.09917 2.79339 2.98924
2100 1400 0.015008 1.10411 2.79217 2.99411
2100 1500 0.0146819 1.10011 2.79257 2.98944
2100 1600 0.0139157 1.10136 2.79208 2.99095
2100 1700 0.0158003 1.09787 2.79398 2.98897
2100 1800 0.016593 1.08028 2.79285 2.97595
2100 1900 0.0135447 1.06879 2.79847 2.9713
2100 2000 0.0123212 1.07617 2.79599 2.97519
2100 500 0.00973294 1.13057 2.79301 3.01075
2100 600 0.0100492 1.12342 2.79011 3.00431
2100 700 0.012952 1.13223 2.79428 3.01395
2100 800 0.0130671 1.12023 2.78969 3.00243
2100 900 0.0139296 1.12002 2.7896 3.00243
2200 1000 0.0144454 1.11487 2.79152 2.9996
2200 1100 0.0152 1.10916 2.78957 2.99526
2200 1200 0.0139208 1.11621 2.79095 3.00103
2200 1300 0.0142989 1.1144 2.79096 2.99935
2200 1400 0.0136964 1.10542 2.79097 2.99378
2200 1500 0.0171773 1.10176 2.79189 2.9914
2200 1600 0.0162449 1.10089 2.79212 2.99055
2200 1700 0.0142467 1.09457 2.79292 2.98555
2200 1800 0.0156954 1.09181 2.79174 2.98137
2200 1900 0.0156154 1.0786 2.79384 2.97427
2200 2000 0.0157489 1.0625 2.79912 2.96827
2200 2100 0.0126866 1.0688 2.79857 2.97129
2200 500 0.00841419 1.1389 2.78032 3.01808
2200 600 0.0109414 1.12506 2.79185 3.00567
2200 700 0.0113555 1.13394 2.79377 3.01507
2200 800 0.0120297 1.12694 2.7919 3.00565
2200 900 0.0127157 1.12856 2.79089 3.00704
2300 1000 0.0124769 1.13101 2.79296 3.01073
2300 1100 0.0118155 1.12701 2.79186 3.00572
2300 1200 0.0138429 1.12702 2.79199 3.0058
2300 1300 0.0122725 1.10745 2.78979 2.99486
2300 1400 0.0133987 1.11044 2.78869 2.99623
2300 1500 0.0120897 1.10593 2.7901 2.99421
2300 1600 0.0130983 1.10234 2.79267 2.99179
2300 1700 0.0143569 1.10806 2.78977 2.99504
2300 1800 0.0141038 1.10107 2.79195 2.99069
2300 1900 0.0158366 1.09223 2.79186 2.98208
2300 2000 0.0152844 1.08037 2.79292 2.97613
2300 2100 0.0140926 1.06219 2.79963 2.96835
2300 2200 0.0130581 1.07039 2.79855 2.97241
2300 500 0.00904016 1.12676 2.79146 3.00489
2300 600 0.0116763 1.13808 2.78854 3.01665
2300 700 0.0106088 1.13127 2.79333 3.01114
2300 800 0.0122704 1.13161 2.79373 3.01226
2300 900 0.0116576 1.13223 2.79428 3.01395
2400 1000 0.0134532 1.13123 2.7933 3.01087
2400 1100 0.0150683 1.12533 2.7917 3.00607
2400 1200 0.0129653 1.12402 2.79062 3.00505
2400 1300 0.0112352 1.12365 2.79033 3.00481
2400 1400 0.0118501 1.12566 2.79105 3.00567
2400 1500 0.0125627 1.10997 2.78866 2.99574
2400 1600 0.0132691 1.10977 2.78862 2.99629
2400 1700 0.0130757 1.0997 2.79322 2.98985
2400 1800 0.0150943 1.10475 2.79246 2.99374
2400 1900 0.0114103 1.10184 2.79182 2.99168
2400 2000 0.0123508 1.09093 2.79242 2.98066
2400 2100 0.0137985 1.07863 2.79382 2.97429
2400 2200 0.0133827 1.06564 2.80019 2.96987
2400 2300 0.0124561 1.06575 2.79991 2.97002
2400 500 0.00808153 1.12207 2.79 3.00397
2400 600 0.0105942 1.13379 2.7935 3.01508
2400 700 0.010461 1.13373 2.79401 3.0153
2400 800 0.0103943 1.12757 2.79145 3.00569
2400 900 0.0102328 1.12337 2.7901 3.00431
2500 1000 0.0110131 1.13494 2.79292 3.01617
2500 1100 0.0133943 1.12765 2.79135 3.0055
2500 1200 0.0134903 1.14331 2.78655 3.02233
2500 1300 0.012902 1.12393 2.79077 3.00515
2500 1400 0.0105805 1.12292 2.78917 3.00286
2500 1500 0.0121765 1.12395 2.79077 3.00506
2500 1600 0.0111471 1.10619 2.78998 2.99478
2500 1700 0.0130051 1.11344 2.79088 2.99918
2500 1800 0.0121619 1.10718 2.79043 2.99491
2500 1900 0.0150044 1.10344 2.79172 2.99304
2500 2000 0.012656 1.11265 2.79027 2.9973
2500 2100 0.0119788 1.09642 2.79379 2.98726
2500 2200 0.013819 1.08221 2.79119 2.97677
2500 2300 0.013493 1.06754 2.79902 2.96998
2500 2400 0.0110861 1.06514 2.79956 2.96942
2500 500 0.00886236 1.14257 2.78591 3.0212
2500 600 0.0103142 1.1306 2.79306 3.01073
2500 700 0.0125 1.1314 2.79397 3.01209
2500 800 0.0112162 1.13616 2.79284 3.01583
2500 900 0.014037 1.13638 2.79257 3.01639
600 500 0.00781469 1.16721 2.77308 3.0441
700 500 0.0103118 1.12539 2.79186 3.00629
700 600 0.0123417 1.17162 2.77568 3.05109
800 500 0.0115637 1.10151 2.79239 2.99106
800 600 0.0149605 1.08389 2.79239 2.9791
800 700 0.0150531 1.10308 2.79171 2.992
900 500 0.011535 1.11937 2.78976 3.00263
900 600 0.0129483 1.0854 2.79386 2.98007
900 700 0.0150857 1.0801 2.79263 2.97589
900 800 0.0169561 1.09085 2.79228 2.98127
