         400         350     0.00729     1.12045     7.42170     7.88773
         425         350     0.01030     1.07646     7.30226     7.76925
         450         350     0.01150     1.06992     7.29420     7.76030
         450         400     0.00895     1.20406     7.68025     8.17924
         475         350     0.01310     1.05009     7.27325     7.73704
         475         400     0.01125     1.13732     7.48344     7.94774
         500         350     0.01182     1.06568     7.28926     7.75482
         500         400     0.01351     1.07358     7.29864     7.76523
         500         450     0.01148     1.09862     7.34822     7.81632
         525         350     0.01159     1.07564     7.30121     7.76809
         525         400     0.01388     1.06776     7.29165     7.75747
         525         450     0.01326     1.10380     7.36491     7.83254
         550         350     0.01424     1.05788     7.28081     7.74543
         550         400     0.01702     1.08425     7.31251     7.78064
         550         450     0.01799     1.06403     7.28740     7.75276
         550         500     0.01462     1.10762     7.37755     7.84482
         575         350     0.01199     1.06870     7.29275     7.75870
         575         400     0.01361     1.06161     7.28474     7.74980
         575         450     0.02111     1.05812     7.28106     7.74571
         575         500     0.01413     1.08190     7.30935     7.77712
         600         350     0.01326     1.06658     7.29029     7.75596
         600         400     0.01349     1.05851     7.28146     7.74616
         600         450     0.01837     1.06282     7.28607     7.75127
         600         500     0.01880     1.04807     7.27145     7.73503
         600         550     0.01428     1.12486     7.43746     7.90305
         625         350     0.01248     1.05574     7.27865     7.74303
         625         400     0.01509     1.06293     7.28618     7.75139
         625         450     0.02031     1.05088     7.27398     7.73785
         625         500     0.01928     1.05859     7.28155     7.74625
         625         550     0.01694     1.07991     7.30670     7.77419
         650         350     0.01280     1.07695     7.30288     7.76994
         650         400     0.01760     1.06996     7.29424     7.76034
         650         450     0.01796     1.05416     7.27709     7.74130
         650         500     0.01915     1.04974     7.27294     7.73669
         650         550     0.01562     1.08674     7.31594     7.78444
         650         600     0.01648     1.10319     7.36292     7.83061
         675         350     0.01237     1.07524     7.30071     7.76753
         675         400     0.01535     1.08247     7.31010     7.77796
         675         450     0.01910     1.05484     7.27775     7.74204
         675         500     0.02014     1.07093     7.29540     7.76163
         675         550     0.01867     1.05619     7.27910     7.74353
         675         600     0.01681     1.06529     7.28881     7.75432
         700         350     0.01210     1.07466     7.29999     7.76673
         700         400     0.01373     1.07158     7.29619     7.76251
         700         450     0.01573     1.07968     7.30641     7.77386
         700         500     0.02052     1.05525     7.27816     7.74249
         700         550     0.01884     1.04776     7.27117     7.73473
         700         600     0.02175     1.05256     7.27555     7.73959
         700         650     0.01502     1.11436     7.40040     7.86703
         725         350     0.01442     1.08035     7.30729     7.77484
         725         400     0.01526     1.07736     7.30340     7.77051
         725         450     0.01727     1.05875     7.28171     7.74643
         725         500     0.01926     1.06031     7.28335     7.74825
         725         550     0.02289     1.05321     7.27617     7.74028
         725         600     0.01746     1.05787     7.28080     7.74542
         725         650     0.01800     1.06747     7.29131     7.75709
         750         350     0.01433     1.07255     7.29737     7.76382
         750         400     0.01740     1.07474     7.30008     7.76683
         750         450     0.01876     1.07318     7.29815     7.76469
         750         500     0.01569     1.05802     7.28096     7.74559
         750         550     0.02186     1.05724     7.28015     7.74470
         750         600     0.01842     1.05914     7.28212     7.74689
         750         650     0.01956     1.06566     7.28924     7.75479
         750         700     0.01762     1.07938     7.30601     7.77342
         775         350     0.01111     1.08551     7.31424     7.78255
         775         400     0.01671     1.07448     7.29975     7.76647
         775         450     0.01811     1.07800     7.30422     7.77143
         775         500     0.01914     1.07510     7.30053     7.76734
         775         550     0.02170     1.05459     7.27751     7.74177
         775         600     0.02187     1.04993     7.27310     7.73687
         775         650     0.02303     1.04553     7.26926     7.73260
         775         700     0.01630     1.07261     7.29744     7.76390
         800         350     0.01160     1.09060     7.32340     7.79219
         800         400     0.01485     1.09649     7.34150     7.80978
         800         450     0.01703     1.12143     7.42520     7.89113
         800         500     0.01832     1.06851     7.29253     7.75845
         800         550     0.02142     1.06268     7.28591     7.75109
         800         600     0.01875     1.07024     7.29458     7.76072
         800         650     0.02254     1.05347     7.27642     7.74056
         800         700     0.02201     1.05590     7.27881     7.74321
         800         750     0.01436     1.10123     7.35658     7.82444
         825         350     0.01319     1.08789     7.31754     7.78622
         825         400     0.01522     1.08604     7.31496     7.78336
         825         450     0.01736     1.06801     7.29194     7.75780
         825         500     0.01770     1.07143     7.29601     7.76231
         825         550     0.01875     1.06402     7.28738     7.75273
         825         600     0.02212     1.05321     7.27617     7.74028
         825         650     0.02033     1.05416     7.27709     7.74130
         825         700     0.02367     1.05247     7.27547     7.73950
         825         750     0.01811     1.07197     7.29666     7.76304
         850         350     0.01255     1.08141     7.30869     7.77640
         850         400     0.01472     1.08806     7.31777     7.78648
         850         450     0.01838     1.07545     7.30097     7.76782
         850         500     0.01990     1.07419     7.29939     7.76606
         850         550     0.02070     1.07073     7.29517     7.76138
         850         600     0.02119     1.06178     7.28492     7.75000
         850         650     0.02393     1.05504     7.27795     7.74226
         850         700     0.02255     1.04809     7.27146     7.73505
         850         750     0.02290     1.06327     7.28656     7.75181
         850         800     0.01658     1.08384     7.31196     7.78002
         875         350     0.01117     1.09019     7.32216     7.79099
         875         400     0.01481     1.10268     7.36127     7.82900
         875         450     0.01789     1.09004     7.32174     7.79058
         875         500     0.01742     1.07162     7.29624     7.76256
         875         550     0.01832     1.07163     7.29626     7.76258
         875         600     0.02027     1.06079     7.28386     7.74882
         875         650     0.02020     1.05567     7.27857     7.74295
         875         700     0.02210     1.05133     7.27439     7.73831
         875         750     0.01980     1.05212     7.27513     7.73913
         875         800     0.02087     1.07457     7.29987     7.76659
         900         350     0.01167     1.10352     7.36399     7.83164
         900         400     0.01344     1.09425     7.33454     7.80302
         900         450     0.01535     1.08669     7.31586     7.78435
         900         500     0.01746     1.07833     7.30465     7.77191
         900         550     0.02108     1.08777     7.31737     7.78603
         900         600     0.02332     1.07288     7.29777     7.76427
         900         650     0.02361     1.06377     7.28711     7.75243
         900         700     0.02030     1.08069     7.30773     7.77533
         900         750     0.02158     1.04870     7.27200     7.73565
         900         800     0.02282     1.05337     7.27633     7.74045
         900         850     0.01670     1.10866     7.38102     7.84819
         925         350     0.01144     1.09941     7.35073     7.81875
         925         400     0.01382     1.10919     7.38280     7.84992
         925         450     0.01613     1.09733     7.34413     7.81234
         925         500     0.01751     1.08565     7.31442     7.78276
         925         550     0.02087     1.07647     7.30226     7.76925
         925         600     0.02232     1.07052     7.29491     7.76109
         925         650     0.02204     1.06472     7.28818     7.75361
         925         700     0.02345     1.05838     7.28132     7.74600
         925         750     0.01845     1.05654     7.27945     7.74392
         925         800     0.02072     1.05304     7.27600     7.74010
         925         850     0.01689     1.09508     7.33711     7.80552
         950         350     0.01027     1.09524     7.33761     7.80600
         950         400     0.01240     1.09813     7.34665     7.81479
         950         450     0.01597     1.11020     7.38622     7.85325
         950         500     0.01787     1.08953     7.32018     7.78906
         950         550     0.02138     1.08048     7.30746     7.77503
         950         600     0.02053     1.08806     7.31777     7.78647
         950         650     0.02120     1.06864     7.29268     7.75862
         950         700     0.02332     1.06534     7.28888     7.75439
         950         750     0.02083     1.05803     7.28097     7.74561
         950         800     0.02040     1.05420     7.27712     7.74134
         950         850     0.02180     1.05245     7.27545     7.73948
         950         900     0.01418     1.10333     7.36338     7.83105
         975         350     0.00930     1.08392     7.31206     7.78014
         975         400     0.01289     1.08991     7.32134     7.79019
         975         450     0.01793     1.09020     7.32222     7.79104
         975         500     0.01557     1.08773     7.31732     7.78597
         975         550     0.02100     1.07946     7.30612     7.77353
         975         600     0.01842     1.07713     7.30311     7.77019
         975         650     0.02282     1.08076     7.30782     7.77543
         975         700     0.02146     1.06790     7.29181     7.75765
         975         750     0.02203     1.06392     7.28728     7.75261
         975         800     0.02379     1.05216     7.27517     7.73917
         975         850     0.02281     1.04969     7.27289     7.73664
         975         900     0.01772     1.10167     7.35798     7.82580
        1000         350     0.01242     1.09372     7.33290     7.80142
        1000         400     0.01486     1.09507     7.33709     7.80550
        1000         450     0.01592     1.08666     7.31583     7.78432
        1000         500     0.02071     1.08651     7.31562     7.78408
        1000         550     0.02123     1.08316     7.31103     7.77900
        1000         600     0.02081     1.07944     7.30610     7.77352
        1000         650     0.02102     1.07689     7.30279     7.76985
        1000         700     0.01995     1.06792     7.29183     7.75767
        1000         750     0.02335     1.06130     7.28441     7.74943
        1000         800     0.02404     1.05445     7.27737     7.74161
        1000         850     0.02156     1.05344     7.27639     7.74053
        1000         900     0.02240     1.06237     7.28558     7.75072
        1000         950     0.01459     1.11183     7.39172     7.85859
