         400         350     0.00133     1.40542     6.28183     4.38896
         425         350     0.00157     1.34308     6.03109     4.24137
         450         350     0.00275     1.46554     6.52666     4.53307
         450         400     0.00301     1.22994     5.60504     3.99158
         475         350     0.00390     1.19516     5.49279     3.93213
         475         400     0.00361     1.24484     5.65672     4.02167
         500         350     0.00362     1.21317     5.54904     3.96044
         500         400     0.00554     1.21219     5.54596     3.95889
         500         450     0.00537     1.07543     5.22015     3.79460
         525         350     0.00321     1.23477     5.62171     4.00129
         525         400     0.00400     1.45265     6.47397     4.50206
         525         450     0.00662     1.20045     5.50916     3.94037
         550         350     0.00523     1.14047     5.34229     3.85757
         550         400     0.00710     1.16055     5.38893     3.87985
         550         450     0.00914     1.19275     5.48536     3.92839
         550         500     0.00712     1.20402     5.52030     3.94597
         575         350     0.00445     1.31281     5.91103     4.17070
         575         400     0.00544     1.17648     5.43593     3.90351
         575         450     0.01251     1.13533     5.33090     3.85214
         575         500     0.00768     1.18161     5.45137     3.91128
         600         350     0.00487     1.15665     5.37927     3.87518
         600         400     0.00490     1.15303     5.37085     3.87117
         600         450     0.00904     1.17275     5.42480     3.89790
         600         500     0.01049     1.13814     5.33711     3.85510
         600         550     0.00829     1.20347     5.51859     3.94511
         625         350     0.00597     1.20346     5.51856     3.94510
         625         400     0.00752     1.16619     5.40538     3.88813
         625         450     0.01089     1.14556     5.35374     3.86302
         625         500     0.01131     1.12903     5.31720     3.84562
         625         550     0.01048     1.17118     5.42013     3.89555
         650         350     0.00679     1.22119     5.57498     3.97408
         650         400     0.00817     1.18074     5.44874     3.90996
         650         450     0.00938     1.15786     5.38208     3.87651
         650         500     0.01093     1.10650     5.27090     3.82358
         650         550     0.00939     1.19056     5.47863     3.92500
         650         600     0.01152     1.16575     5.40410     3.88749
         675         350     0.00673     1.15090     5.36595     3.86883
         675         400     0.00838     1.12851     5.31607     3.84509
         675         450     0.01062     1.14232     5.34643     3.85954
         675         500     0.01146     1.13833     5.33752     3.85530
         675         550     0.01141     1.14830     5.35999     3.86600
         675         600     0.01132     1.15057     5.36518     3.86847
         700         350     0.00745     1.15362     5.37222     3.87182
         700         400     0.00683     1.11918     5.29641     3.83572
         700         450     0.00941     1.15093     5.36602     3.86887
         700         500     0.01165     1.10764     5.27314     3.82465
         700         550     0.01106     1.09991     5.25828     3.81757
         700         600     0.01537     1.12636     5.31149     3.84291
         700         650     0.01097     1.12782     5.31460     3.84438
         725         350     0.00824     1.17724     5.43819     3.90464
         725         400     0.00933     1.13888     5.33875     3.85588
         725         450     0.01142     1.19290     5.48582     3.92862
         725         500     0.01259     1.15665     5.37925     3.87517
         725         550     0.01400     1.12183     5.30191     3.83834
         725         600     0.01192     1.09400     5.24738     3.81238
         725         650     0.01208     1.14233     5.34647     3.85956
         750         350     0.00914     1.15694     5.37995     3.87550
         750         400     0.01005     1.16406     5.39914     3.88499
         750         450     0.01153     1.13399     5.32796     3.85075
         750         500     0.00916     1.20010     5.50809     3.93983
         750         550     0.01367     1.12891     5.31693     3.84550
         750         600     0.01259     1.16201     5.39316     3.88198
         750         650     0.01309     1.09641     5.25178     3.81447
         750         700     0.01346     1.11519     5.28822     3.83183
         775         350     0.00648     1.15779     5.38193     3.87644
         775         400     0.00972     1.13598     5.33234     3.85283
         775         450     0.01169     1.14276     5.34742     3.86001
         775         500     0.01140     1.16619     5.40538     3.88813
         775         550     0.01552     1.14157     5.34475     3.85874
         775         600     0.01328     1.13372     5.32738     3.85047
         775         650     0.01602     1.07599     5.22086     3.79513
         775         700     0.00987     1.16145     5.39153     3.88116
         800         350     0.00731     1.19820     5.50220     3.93687
         800         400     0.00878     1.13033     5.32001     3.84696
         800         450     0.00913     1.19104     5.48009     3.92574
         800         500     0.01177     1.11248     5.28275     3.82922
         800         550     0.01556     1.11631     5.29049     3.83291
         800         600     0.01298     1.15480     5.37495     3.87312
         800         650     0.01534     1.08673     5.23535     3.80572
         800         700     0.01569     1.10622     5.27036     3.82332
         800         750     0.00961     1.17615     5.43494     3.90301
         825         350     0.00826     1.12430     5.30712     3.84082
         825         400     0.01026     1.19177     5.48233     3.92686
         825         450     0.01231     1.08153     5.22818     3.80048
         825         500     0.01230     1.10608     5.27008     3.82319
         825         550     0.01232     1.11304     5.28386     3.82975
         825         600     0.01549     1.08201     5.22883     3.80095
         825         650     0.01506     1.10513     5.26825     3.82232
         825         700     0.01724     1.08761     5.23660     3.80663
         825         750     0.01336     1.09114     5.24225     3.80994
         850         350     0.00792     1.12720     5.31327     3.84375
         850         400     0.01100     1.11744     5.29281     3.83401
         850         450     0.01160     1.15783     5.38201     3.87648
         850         500     0.01481     1.10324     5.26461     3.82058
         850         550     0.01391     1.13091     5.32126     3.84755
         850         600     0.01403     1.10257     5.26332     3.81997
         850         650     0.01823     1.05993     5.20185     3.78123
         850         700     0.01722     1.10940     5.27660     3.82629
         850         750     0.01736     1.12821     5.31545     3.84479
         850         800     0.01228     1.14078     5.34298     3.85790
         875         350     0.00750     1.18260     5.45437     3.91279
         875         400     0.00916     1.15712     5.38036     3.87569
         875         450     0.01234     1.15441     5.37406     3.87269
         875         500     0.01233     1.12311     5.30460     3.83962
         875         550     0.01340     1.13910     5.33924     3.85612
         875         600     0.01502     1.07928     5.22516     3.79826
         875         650     0.01506     1.08909     5.23871     3.80817
         875         700     0.01574     1.09535     5.24984     3.81355
         875         750     0.01552     1.08202     5.22884     3.80096
         875         800     0.01698     1.10919     5.27618     3.82609
         900         350     0.00830     1.15560     5.37682     3.87401
         900         400     0.01029     1.12511     5.30883     3.84164
         900         450     0.00947     1.14453     5.35143     3.86192
         900         500     0.01166     1.10482     5.26765     3.82203
         900         550     0.01405     1.11141     5.28060     3.82820
         900         600     0.01715     1.11588     5.28962     3.83249
         900         650     0.01535     1.10466     5.26733     3.82188
         900         700     0.01512     1.09463     5.24852     3.81293
         900         750     0.01687     1.08648     5.23500     3.80546
         900         800     0.01756     1.09101     5.24202     3.80983
         900         850     0.01332     1.12464     5.30783     3.84116
         925         350     0.00770     1.13143     5.32239     3.84809
         925         400     0.00840     1.17185     5.42211     3.89655
         925         450     0.01201     1.15216     5.36884     3.87021
         925         500     0.01222     1.11195     5.28168     3.82871
         925         550     0.01567     1.10898     5.27578     3.82590
         925         600     0.01675     1.12066     5.29948     3.83719
         925         650     0.01721     1.12059     5.29933     3.83711
         925         700     0.01669     1.08718     5.23599     3.80618
         925         750     0.01564     1.06530     5.20782     3.78559
         925         800     0.01660     1.07929     5.22517     3.79827
         925         850     0.01385     1.15000     5.36388     3.86785
         950         350     0.00681     1.18926     5.47463     3.92299
         950         400     0.00901     1.11173     5.28123     3.82850
         950         450     0.01061     1.20326     5.51792     3.94478
         950         500     0.01446     1.13541     5.33108     3.85223
         950         550     0.01529     1.09946     5.25745     3.81718
         950         600     0.01564     1.14022     5.34174     3.85731
         950         650     0.01599     1.08864     5.23806     3.80770
         950         700     0.01780     1.08476     5.23260     3.80371
         950         750     0.01624     1.10254     5.26327     3.81995
         950         800     0.01536     1.06784     5.21079     3.78776
         950         850     0.01680     1.08964     5.23962     3.80868
         950         900     0.01128     1.12304     5.30447     3.83956
         975         350     0.00674     1.11380     5.28541     3.83049
         975         400     0.00980     1.12078     5.29972     3.83730
         975         450     0.01220     1.12438     5.30728     3.84090
         975         500     0.01084     1.11315     5.28409     3.82986
         975         550     0.01427     1.14325     5.34853     3.86054
         975         600     0.01300     1.10951     5.27682     3.82640
         975         650     0.01949     1.09658     5.25211     3.81463
         975         700     0.01586     1.09366     5.24678     3.81210
         975         750     0.01647     1.12367     5.30579     3.84019
         975         800     0.01876     1.06615     5.20881     3.78631
         975         850     0.01773     1.08839     5.23771     3.80744
         975         900     0.01346     1.12115     5.30050     3.83767
        1000         350     0.00908     1.16324     5.39675     3.88379
        1000         400     0.01034     1.11099     5.27975     3.82779
        1000         450     0.01208     1.13794     5.33666     3.85489
        1000         500     0.01517     1.12894     5.31700     3.84553
        1000         550     0.01619     1.11137     5.28053     3.82816
        1000         600     0.01729     1.10939     5.27659     3.82629
        1000         650     0.01745     1.09420     5.24776     3.81256
        1000         700     0.01612     1.12684     5.31250     3.84338
        1000         750     0.01735     1.08739     5.23629     3.80640
        1000         800     0.01892     1.06905     5.21223     3.78882
        1000         850     0.01668     1.06830     5.21134     3.78816
        1000         900     0.01789     1.06908     5.21226     3.78884
        1000         950     0.01251     1.12023     5.29858     3.83676
