         400         350     0.00144     1.30843     2.80997     2.98109
         425         350     0.00318     1.11541     2.78819     2.87047
         450         350     0.00257     1.29572     2.80270     2.96945
         450         400     0.00213     1.35243     2.83545     3.02187
         475         350     0.00377     1.12906     2.78552     2.87392
         475         400     0.00363     1.15308     2.78052     2.88039
         500         350     0.00367     1.12116     2.78709     2.87190
         500         400     0.00541     1.16166     2.77906     2.88294
         500         450     0.00291     1.17547     2.77878     2.88785
         525         350     0.00472     1.19110     2.77845     2.89357
         525         400     0.00425     1.11531     2.78821     2.87045
         525         450     0.00388     1.25148     2.78532     2.93082
         550         350     0.00637     1.17398     2.77881     2.88732
         550         400     0.00589     1.14114     2.78305     2.87711
         550         450     0.00718     1.14498     2.78225     2.87815
         550         500     0.00427     1.23349     2.78115     2.91591
         575         350     0.00488     1.21493     2.77794     2.90254
         575         400     0.00513     1.14417     2.78242     2.87793
         575         450     0.00760     1.11458     2.78835     2.87027
         575         500     0.00470     1.26544     2.78859     2.94253
         600         350     0.00451     1.19719     2.77832     2.89584
         600         400     0.00627     1.15215     2.78072     2.88013
         600         450     0.00814     1.14621     2.78199     2.87849
         600         500     0.00813     1.16048     2.77908     2.88252
         600         550     0.00404     1.23132     2.78065     2.91414
         625         350     0.00628     1.12334     2.78666     2.87245
         625         400     0.00539     1.13564     2.78419     2.87564
         625         450     0.00832     1.14570     2.78210     2.87835
         625         500     0.00865     1.11064     2.78909     2.86931
         625         550     0.00541     1.15953     2.77912     2.88220
         650         350     0.00357     1.19699     2.77833     2.89576
         650         400     0.00768     1.13130     2.78507     2.87450
         650         450     0.00762     1.11093     2.78903     2.86938
         650         500     0.00781     1.14761     2.78169     2.87887
         650         550     0.00545     1.11149     2.78893     2.86952
         650         600     0.00490     1.20905     2.77807     2.90030
         675         350     0.00535     1.13003     2.78533     2.87417
         675         400     0.00728     1.11423     2.78841     2.87018
         675         450     0.00696     1.13708     2.78389     2.87602
         675         500     0.00748     1.10542     2.79004     2.86808
         675         550     0.00677     1.11947     2.78741     2.87148
         675         600     0.00601     1.14727     2.78176     2.87878
         700         350     0.00391     1.22436     2.77906     2.90844
         700         400     0.00518     1.11902     2.78750     2.87136
         700         450     0.00688     1.17210     2.77885     2.88664
         700         500     0.00838     1.12349     2.78663     2.87249
         700         550     0.00727     1.14318     2.78263     2.87766
         700         600     0.00929     1.10989     2.78923     2.86914
         700         650     0.00453     1.16196     2.77905     2.88304
         725         350     0.00529     1.14895     2.78141     2.87924
         725         400     0.00619     1.15988     2.77909     2.88232
         725         450     0.00746     1.12838     2.78566     2.87374
         725         500     0.00873     1.11615     2.78805     2.87065
         725         550     0.00897     1.12082     2.78715     2.87181
         725         600     0.00722     1.12007     2.78730     2.87163
         725         650     0.00640     1.14206     2.78286     2.87736
         750         350     0.00578     1.18658     2.77855     2.89190
         750         400     0.00671     1.15765     2.77953     2.88167
         750         450     0.00755     1.17657     2.77876     2.88825
         750         500     0.00696     1.12906     2.78553     2.87392
         750         550     0.00997     1.10195     2.79066     2.86728
         750         600     0.00794     1.09483     2.79190     2.86568
         750         650     0.00816     1.11552     2.78817     2.87050
         750         700     0.00417     1.15629     2.77982     2.88128
         775         350     0.00409     1.15539     2.78002     2.88103
         775         400     0.00635     1.15607     2.77987     2.88122
         775         450     0.00657     1.13601     2.78411     2.87574
         775         500     0.00739     1.13833     2.78364     2.87636
         775         550     0.01001     1.13110     2.78512     2.87445
         775         600     0.01007     1.13446     2.78443     2.87533
         775         650     0.01102     1.12888     2.78556     2.87387
         775         700     0.00559     1.17476     2.77879     2.88760
         800         350     0.00459     1.15958     2.77911     2.88221
         800         400     0.00555     1.14837     2.78153     2.87908
         800         450     0.00761     1.15815     2.77942     2.88181
         800         500     0.00808     1.14313     2.78264     2.87765
         800         550     0.00935     1.12698     2.78594     2.87338
         800         600     0.00858     1.11804     2.78769     2.87112
         800         650     0.00999     1.13263     2.78481     2.87485
         800         700     0.00918     1.11637     2.78801     2.87071
         800         750     0.00428     1.16949     2.77890     2.88571
         825         350     0.00540     1.17274     2.77883     2.88687
         825         400     0.00588     1.17277     2.77883     2.88688
         825         450     0.00803     1.14894     2.78141     2.87924
         825         500     0.00839     1.15030     2.78112     2.87961
         825         550     0.00798     1.14929     2.78133     2.87933
         825         600     0.00970     1.11873     2.78756     2.87129
         825         650     0.00792     1.12016     2.78728     2.87165
         825         700     0.01093     1.11133     2.78896     2.86948
         825         750     0.00654     1.11948     2.78741     2.87148
         850         350     0.00444     1.16518     2.77899     2.88418
         850         400     0.00462     1.15165     2.78083     2.87999
         850         450     0.00749     1.17854     2.77871     2.88897
         850         500     0.00799     1.16582     2.77898     2.88441
         850         550     0.00765     1.13639     2.78404     2.87584
         850         600     0.00955     1.12119     2.78708     2.87191
         850         650     0.01211     1.11703     2.78788     2.87087
         850         700     0.01166     1.10473     2.79017     2.86792
         850         750     0.00929     1.12909     2.78552     2.87392
         850         800     0.00402     1.25720     2.78665     2.93560
         875         350     0.00400     1.21612     2.77791     2.90299
         875         400     0.00593     1.16966     2.77890     2.88577
         875         450     0.00620     1.16350     2.77902     2.88358
         875         500     0.00728     1.16733     2.77894     2.88494
         875         550     0.00790     1.15791     2.77947     2.88174
         875         600     0.00814     1.13291     2.78475     2.87492
         875         650     0.00838     1.12679     2.78598     2.87333
         875         700     0.00914     1.12616     2.78610     2.87317
         875         750     0.00840     1.12327     2.78667     2.87243
         875         800     0.00773     1.11120     2.78898     2.86945
         900         350     0.00376     1.19807     2.77830     2.89617
         900         400     0.00600     1.19857     2.77829     2.89635
         900         450     0.00524     1.19540     2.77836     2.89517
         900         500     0.00752     1.15957     2.77911     2.88221
         900         550     0.00871     1.16437     2.77900     2.88389
         900         600     0.00958     1.15283     2.78057     2.88032
         900         650     0.01150     1.13905     2.78349     2.87655
         900         700     0.00833     1.11654     2.78798     2.87075
         900         750     0.00960     1.12411     2.78651     2.87265
         900         800     0.00967     1.12231     2.78686     2.87219
         900         850     0.00419     1.33647     2.82616     3.00701
         925         350     0.00376     1.15774     2.77951     2.88169
         925         400     0.00568     1.17228     2.77884     2.88671
         925         450     0.00564     1.16464     2.77900     2.88399
         925         500     0.00548     1.16691     2.77895     2.88479
         925         550     0.01006     1.15038     2.78110     2.87964
         925         600     0.00976     1.14597     2.78204     2.87842
         925         650     0.01038     1.13750     2.78381     2.87614
         925         700     0.01066     1.11646     2.78799     2.87073
         925         750     0.00868     1.13225     2.78488     2.87475
         925         800     0.00891     1.11228     2.78878     2.86971
         925         850     0.00692     1.14933     2.78132     2.87935
         950         350     0.00338     1.20222     2.77821     2.89772
         950         400     0.00494     1.21924     2.77790     2.90428
         950         450     0.00636     1.16558     2.77898     2.88432
         950         500     0.00701     1.17308     2.77883     2.88699
         950         550     0.01015     1.17231     2.77884     2.88672
         950         600     0.00845     1.16249     2.77904     2.88323
         950         650     0.00910     1.13998     2.78329     2.87680
         950         700     0.00913     1.13304     2.78472     2.87495
         950         750     0.00831     1.12419     2.78649     2.87267
         950         800     0.00890     1.10965     2.78927     2.86908
         950         850     0.00870     1.12402     2.78653     2.87262
         950         900     0.00451     1.14166     2.78294     2.87725
         975         350     0.00323     1.18467     2.77859     2.89120
         975         400     0.00467     1.20949     2.77806     2.90047
         975         450     0.00812     1.18139     2.77866     2.89000
         975         500     0.00724     1.18356     2.77861     2.89080
         975         550     0.00693     1.19021     2.77847     2.89324
         975         600     0.00756     1.18319     2.77862     2.89066
         975         650     0.00999     1.15852     2.77934     2.88191
         975         700     0.01029     1.13752     2.78380     2.87614
         975         750     0.00879     1.12289     2.78675     2.87234
         975         800     0.01040     1.11418     2.78842     2.87017
         975         850     0.00945     1.13424     2.78448     2.87527
         975         900     0.00549     1.13314     2.78470     2.87498
        1000         350     0.00604     1.15970     2.77910     2.88225
        1000         400     0.00568     1.22047     2.77818     2.90528
        1000         450     0.00647     1.18569     2.77857     2.89158
        1000         500     0.00856     1.18471     2.77859     2.89122
        1000         550     0.00783     1.17581     2.77877     2.88798
        1000         600     0.00929     1.15898     2.77924     2.88204
        1000         650     0.00872     1.16861     2.77892     2.88539
        1000         700     0.00881     1.13922     2.78345     2.87660
        1000         750     0.01002     1.13827     2.78365     2.87634
        1000         800     0.01099     1.13451     2.78442     2.87534
        1000         850     0.00934     1.11846     2.78761     2.87122
        1000         900     0.00952     1.11888     2.78753     2.87133
        1000         950     0.00339     1.19015     2.77847     2.89322
