         750         375     0.00638     1.25240     2.77354     3.16017
         750         400     0.01113     1.09686     2.79079     3.01144
         750         425     0.00820     1.20173     2.76448     3.08710
         750         450     0.00960     1.18035     2.76964     3.05955
         750         475     0.01207     1.09833     2.79046     3.01190
         750         500     0.01153     1.08708     2.79362     3.00873
         750         525     0.01210     1.13277     2.78190     3.02359
         750         550     0.01031     1.09761     2.79062     3.01167
         750         575     0.01065     1.09936     2.79022     3.01222
         750         600     0.01573     1.11061     2.78756     3.01585
         750         625     0.01337     1.14279     2.77919     3.02730
         750         650     0.01489     1.13071     2.78245     3.02284
         750         675     0.01348     1.16506     2.77321     3.04044
         750         700     0.01180     1.17059     2.77193     3.04729
         750         725     0.00732     1.15800     2.77492     3.03314
         800         375     0.00688     1.14236     2.77931     3.02714
         800         400     0.00910     1.14888     2.77750     3.02961
         800         425     0.01060     1.20193     2.76443     3.08736
         800         450     0.01047     1.13829     2.78042     3.02562
         800         475     0.01148     1.13342     2.78173     3.02383
         800         500     0.01382     1.09787     2.79056     3.01175
         800         525     0.01301     1.13937     2.78013     3.02602
         800         550     0.01439     1.10864     2.78804     3.01520
         800         575     0.01350     1.11871     2.78555     3.01860
         800         600     0.01495     1.09442     2.79133     3.01070
         800         625     0.01418     1.10241     2.78952     3.01318
         800         650     0.01571     1.12967     2.78272     3.02247
         800         675     0.01599     1.11928     2.78541     3.01880
         800         700     0.01642     1.14726     2.77795     3.02899
         800         725     0.01383     1.13158     2.78222     3.02316
         800         750     0.01040     1.16778     2.77258     3.04380
         800         775     0.00679     1.17535     2.77082     3.05324
         850         375     0.00750     1.17145     2.77173     3.04835
         850         400     0.01024     1.18782     2.76786     3.06907
         850         425     0.00985     1.18346     2.76890     3.06350
         850         450     0.01246     1.16498     2.77323     3.04035
         850         475     0.01395     1.11410     2.78671     3.01702
         850         500     0.01266     1.10305     2.78937     3.01339
         850         525     0.01176     1.13173     2.78218     3.02321
         850         550     0.01647     1.15540     2.77566     3.03213
         850         575     0.01478     1.09853     2.79041     3.01196
         850         600     0.01407     1.07906     2.79770     3.00718
         850         625     0.01546     1.08372     2.79536     3.00807
         850         650     0.01682     1.08407     2.79519     3.00813
         850         675     0.01346     1.11141     2.78737     3.01612
         850         700     0.01752     1.07366     2.80029     3.00620
         850         725     0.01909     1.09901     2.79030     3.01211
         850         750     0.01727     1.11375     2.78679     3.01691
         850         775     0.01551     1.16281     2.77373     3.03767
         850         800     0.01182     1.17775     2.77025     3.05626
         850         825     0.00810     1.14210     2.77938     3.02704
