         400         350     0.00401     1.12321     7.07718     6.31652
         425         350     0.00518     1.07167     6.97423     6.24035
         450         350     0.00574     1.05387     6.95139     6.21849
         450         400     0.00391     1.16477     7.18861     6.39147
         475         350     0.00580     1.04332     6.94042     6.20798
         475         400     0.00601     1.14155     7.12312     6.34692
         500         350     0.00646     1.07949     6.98578     6.25141
         500         400     0.00608     1.06297     6.96243     6.22906
         500         450     0.00597     1.09348     7.01000     6.27207
         525         350     0.00515     1.12109     7.07208     6.31315
         525         400     0.00628     1.10930     7.04449     6.29489
         525         450     0.00637     1.10257     7.02941     6.28492
         550         350     0.00792     1.05752     6.95565     6.22256
         550         400     0.01005     1.08003     6.98662     6.25222
         550         450     0.00844     1.06138     6.96040     6.22711
         550         500     0.00767     1.09176     7.00644     6.26972
         575         350     0.00544     1.07755     6.98284     6.24860
         575         400     0.00811     1.08273     6.99082     6.25624
         575         450     0.01222     1.05107     6.94828     6.21551
         575         500     0.00821     1.09957     7.02290     6.28061
         600         350     0.00530     1.08683     6.99737     6.26252
         600         400     0.00670     1.05502     6.95271     6.21975
         600         450     0.00851     1.05856     6.95690     6.22377
         600         500     0.00893     1.05038     6.94753     6.21479
         600         550     0.00791     1.12717     7.08686     6.32293
         625         350     0.00715     1.05625     6.95415     6.22113
         625         400     0.00729     1.07743     6.98265     6.24842
         625         450     0.01042     1.04970     6.94681     6.21410
         625         500     0.01039     1.04938     6.94648     6.21378
         625         550     0.00814     1.06933     6.97094     6.23721
         650         350     0.00667     1.09759     7.01864     6.27779
         650         400     0.00874     1.06187     6.96103     6.22771
         650         450     0.00835     1.05425     6.95183     6.21891
         650         500     0.01008     1.04869     6.94575     6.21309
         650         550     0.00859     1.10914     7.04410     6.29464
         650         600     0.00887     1.10202     7.02821     6.28412
         675         350     0.00579     1.07162     6.97416     6.24029
         675         400     0.00739     1.06460     6.96455     6.23109
         675         450     0.00877     1.05525     6.95298     6.22001
         675         500     0.01009     1.06762     6.96859     6.23496
         675         550     0.01006     1.06534     6.96553     6.23203
         675         600     0.00864     1.05582     6.95364     6.22064
         700         350     0.00527     1.07038     6.97240     6.23861
         700         400     0.00689     1.06771     6.96872     6.23508
         700         450     0.00906     1.09983     7.02346     6.28098
         700         500     0.00857     1.06136     6.96038     6.22710
         700         550     0.01040     1.04850     6.94556     6.21290
         700         600     0.01282     1.04806     6.94510     6.21246
         700         650     0.00681     1.09600     7.01528     6.27557
         725         350     0.00679     1.07679     6.98170     6.24751
         725         400     0.00696     1.07783     6.98326     6.24900
         725         450     0.00888     1.05600     6.95385     6.22084
         725         500     0.00802     1.06663     6.96725     6.23367
         725         550     0.01111     1.05031     6.94746     6.21473
         725         600     0.00926     1.05266     6.95004     6.21719
         725         650     0.00967     1.07013     6.97206     6.23828
         750         350     0.00770     1.07106     6.97337     6.23953
         750         400     0.00912     1.07756     6.98285     6.24861
         750         450     0.00876     1.08435     6.99339     6.25870
         750         500     0.00721     1.07297     6.97609     6.24213
         750         550     0.01076     1.05389     6.95142     6.21851
         750         600     0.00812     1.04601     6.94303     6.21048
         750         650     0.00825     1.07124     6.97362     6.23978
         750         700     0.00892     1.09270     7.00838     6.27100
         775         350     0.00492     1.07434     6.97809     6.24405
         775         400     0.00842     1.07228     6.97509     6.24118
         775         450     0.00766     1.08223     6.99003     6.25548
         775         500     0.00930     1.07876     6.98467     6.25035
         775         550     0.00959     1.05790     6.95610     6.22300
         775         600     0.01072     1.04436     6.94141     6.20893
         775         650     0.01297     1.04664     6.94366     6.21108
         775         700     0.00863     1.06051     6.95931     6.22607
         800         350     0.00591     1.08827     6.99973     6.26478
         800         400     0.00775     1.09292     7.00884     6.27131
         800         450     0.00837     1.13037     7.09477     6.32817
         800         500     0.00724     1.06693     6.96766     6.23406
         800         550     0.01091     1.06706     6.96783     6.23422
         800         600     0.01037     1.06786     6.96892     6.23527
         800         650     0.01097     1.06950     6.97118     6.23743
         800         700     0.00909     1.05203     6.94933     6.21652
         800         750     0.00655     1.11959     7.06848     6.31077
         825         350     0.00547     1.08275     6.99085     6.25627
         825         400     0.00731     1.08231     6.99016     6.25561
         825         450     0.00758     1.06586     6.96622     6.23268
         825         500     0.00864     1.07063     6.97276     6.23895
         825         550     0.00991     1.06050     6.95929     6.22605
         825         600     0.01019     1.05286     6.95025     6.21740
         825         650     0.01019     1.06099     6.95991     6.22664
         825         700     0.01212     1.05124     6.94847     6.21569
         825         750     0.00736     1.07576     6.98017     6.24604
         850         350     0.00662     1.09298     7.00895     6.27138
         850         400     0.00792     1.07863     6.98447     6.25016
         850         450     0.00809     1.08210     6.98983     6.25529
         850         500     0.00947     1.07138     6.97381     6.23996
         850         550     0.01069     1.09139     7.00569     6.26922
         850         600     0.01079     1.06184     6.96098     6.22767
         850         650     0.01176     1.06402     6.96379     6.23036
         850         700     0.00916     1.04158     6.93881     6.20644
         850         750     0.01137     1.04890     6.94597     6.21329
         850         800     0.01012     1.10173     7.02758     6.28371
         875         350     0.00539     1.09159     7.00609     6.26949
         875         400     0.00706     1.09945     7.02263     6.28043
         875         450     0.00956     1.08644     6.99674     6.26191
         875         500     0.00827     1.07615     6.98075     6.24660
         875         550     0.00873     1.07252     6.97545     6.24152
         875         600     0.00854     1.06439     6.96427     6.23082
         875         650     0.00881     1.05749     6.95561     6.22253
         875         700     0.01086     1.04510     6.94212     6.20961
         875         750     0.00908     1.05980     6.95843     6.22522
         875         800     0.00898     1.08754     6.99854     6.26363
         900         350     0.00691     1.09790     7.01932     6.27824
         900         400     0.00642     1.09804     7.01961     6.27843
         900         450     0.00686     1.08434     6.99336     6.25868
         900         500     0.00840     1.09809     7.01971     6.27850
         900         550     0.00845     1.09103     7.00495     6.26873
         900         600     0.01154     1.07876     6.98467     6.25035
         900         650     0.01259     1.05583     6.95365     6.22065
         900         700     0.00808     1.07919     6.98533     6.25098
         900         750     0.01171     1.04919     6.94627     6.21358
         900         800     0.01044     1.05885     6.95726     6.22411
         900         850     0.00897     1.13159     7.09781     6.33018
         925         350     0.00569     1.12343     7.07771     6.31688
         925         400     0.00701     1.11258     7.05200     6.29986
         925         450     0.00900     1.09554     7.01430     6.27492
         925         500     0.00896     1.08761     6.99866     6.26375
         925         550     0.00988     1.08519     6.99473     6.25999
         925         600     0.01004     1.06822     6.96941     6.23574
         925         650     0.01150     1.07048     6.97255     6.23875
         925         700     0.01157     1.05200     6.94930     6.21648
         925         750     0.00988     1.05215     6.94947     6.21665
         925         800     0.00886     1.06845     6.96973     6.23605
         925         850     0.00798     1.11290     7.05273     6.30035
         950         350     0.00496     1.10564     7.03621     6.28942
         950         400     0.00579     1.11635     7.06080     6.30569
         950         450     0.00921     1.12712     7.08674     6.32285
         950         500     0.01006     1.10620     7.03748     6.29026
         950         550     0.01053     1.08644     6.99674     6.26191
         950         600     0.01159     1.08832     6.99982     6.26486
         950         650     0.01010     1.06027     6.95901     6.22578
         950         700     0.01161     1.06850     6.96980     6.23611
         950         750     0.00959     1.06729     6.96815     6.23453
         950         800     0.00954     1.05350     6.95097     6.21809
         950         850     0.01128     1.05259     6.94995     6.21711
         950         900     0.00662     1.14250     7.12557     6.34855
         975         350     0.00452     1.08516     6.99468     6.25994
         975         400     0.00618     1.10235     7.02895     6.28461
         975         450     0.00670     1.09536     7.01393     6.27467
         975         500     0.00736     1.10475     7.03423     6.28811
         975         550     0.01127     1.08196     6.98961     6.25508
         975         600     0.00754     1.08087     6.98791     6.25346
         975         650     0.01028     1.07583     6.98027     6.24614
         975         700     0.01043     1.06491     6.96496     6.23148
         975         750     0.01074     1.06173     6.96084     6.22754
         975         800     0.01085     1.05437     6.95196     6.21903
         975         850     0.01164     1.05191     6.94920     6.21639
         975         900     0.00893     1.10391     7.03237     6.28688
        1000         350     0.00627     1.08600     6.99604     6.26123
        1000         400     0.00806     1.08808     6.99942     6.26448
        1000         450     0.00690     1.08820     6.99962     6.26466
        1000         500     0.01066     1.08976     7.00236     6.26702
        1000         550     0.01114     1.08879     7.00059     6.26560
        1000         600     0.01106     1.07419     6.97786     6.24384
        1000         650     0.01061     1.07339     6.97670     6.24272
        1000         700     0.00899     1.07267     6.97566     6.24172
        1000         750     0.01155     1.06092     6.95982     6.22656
        1000         800     0.01120     1.05482     6.95248     6.21953
        1000         850     0.00999     1.05449     6.95210     6.21917
        1000         900     0.01070     1.05442     6.95201     6.21908
        1000         950     0.00751     1.10439     7.03344     6.28759
