         750         475     0.01032     1.07715     5.22237     3.79623
         750         500     0.01404     1.10790     5.27365     3.82489
         750         525     0.01190     1.12315     5.30468     3.83966
         750         550     0.01318     1.11109     5.27995     3.82789
         750         575     0.01096     1.09806     5.25484     3.81593
         750         600     0.01313     1.07870     5.22440     3.79771
         750         625     0.01191     1.08766     5.23668     3.80669
         750         650     0.01433     1.07905     5.22486     3.79805
         750         675     0.01236     1.18400     5.45862     3.91493
         750         700     0.01115     1.09302     5.24562     3.81154
         750         725     0.00603     1.13270     5.32514     3.84941
         800         475     0.01176     1.12690     5.31264     3.84345
         800         500     0.01098     1.12383     5.30612     3.84035
         800         525     0.01404     1.09714     5.25313     3.81512
         800         550     0.01327     1.09389     5.24718     3.81229
         800         575     0.01714     1.08222     5.22911     3.80116
         800         600     0.01320     1.07149     5.21520     3.79099
         800         625     0.01569     1.12129     5.30079     3.83781
         800         650     0.01601     1.09796     5.25464     3.81584
         800         675     0.01598     1.09465     5.24856     3.81294
         800         700     0.01393     1.13036     5.32006     3.84699
         800         725     0.01235     1.08158     5.22824     3.80052
         800         750     0.01080     1.14203     5.34578     3.85923
         800         775     0.00793     1.16102     5.39030     3.88054
         850         475     0.01149     1.08971     5.23973     3.80874
         850         500     0.01348     1.08218     5.22906     3.80112
         850         525     0.01278     1.12047     5.29909     3.83700
         850         550     0.01465     1.14578     5.35424     3.86326
         850         575     0.01268     1.07734     5.22261     3.79640
         850         600     0.01363     1.08776     5.23681     3.80679
         850         625     0.01334     1.07634     5.22132     3.79546
         850         650     0.01089     1.10746     5.27278     3.82448
         850         675     0.01449     1.08535     5.23343     3.80431
         850         700     0.01703     1.06617     5.20882     3.78632
         850         725     0.01558     1.09545     5.25003     3.81364
         850         750     0.01461     1.06938     5.21262     3.78910
         850         775     0.01340     1.10756     5.27298     3.82457
         850         800     0.01295     1.11491     5.28766     3.83156
         850         825     0.00878     1.16007     5.38752     3.87914
