         750         475     0.01399     1.07074     7.38142     5.97422
         750         500     0.01741     1.07913     7.39583     5.98328
         750         525     0.01804     1.07616     7.39060     5.97999
         750         550     0.01846     1.06743     7.37607     5.97087
         750         575     0.01590     1.06452     7.37151     5.96800
         750         600     0.01776     1.05447     7.35705     5.95892
         750         625     0.01558     1.07076     7.38146     5.97425
         750         650     0.01831     1.05419     7.35667     5.95868
         750         675     0.01791     1.09845     7.43697     6.00973
         750         700     0.01368     1.07982     7.39707     5.98406
         750         725     0.00689     1.13768     7.54505     6.08054
         800         475     0.01454     1.07205     7.38359     5.97559
         800         500     0.01314     1.08273     7.40237     5.98739
         800         525     0.01830     1.06436     7.37127     5.96785
         800         550     0.01790     1.06280     7.36890     5.96636
         800         575     0.02063     1.05748     7.36118     5.96151
         800         600     0.01605     1.06202     7.36773     5.96563
         800         625     0.01984     1.06922     7.37893     5.97267
         800         650     0.01976     1.06636     7.37438     5.96980
         800         675     0.02053     1.06439     7.37131     5.96788
         800         700     0.01765     1.06263     7.36864     5.96620
         800         725     0.01585     1.07614     7.39057     5.97998
         800         750     0.01311     1.10506     7.45382     6.02077
         800         775     0.00969     1.10900     7.46416     6.02754
         850         475     0.01475     1.07523     7.38900     5.97899
         850         500     0.01634     1.08168     7.40045     5.98618
         850         525     0.01702     1.07495     7.38852     5.97868
         850         550     0.01801     1.07694     7.39195     5.98084
         850         575     0.01633     1.06214     7.36791     5.96574
         850         600     0.01753     1.05597     7.35908     5.96020
         850         625     0.01735     1.05247     7.35441     5.95726
         850         650     0.01580     1.05472     7.35738     5.95913
         850         675     0.01745     1.05269     7.35469     5.95744
         850         700     0.02008     1.05219     7.35404     5.95703
         850         725     0.01936     1.06556     7.37312     5.96901
         850         750     0.01781     1.05763     7.36138     5.96164
         850         775     0.01802     1.09221     7.42169     5.99971
         850         800     0.01502     1.09725     7.43400     6.00778
         850         825     0.00994     1.14266     7.55994     6.09030
