         400         350     0.00107     1.35147     2.82193     3.33734
         425         350     0.00098     1.47441     2.88665     3.57279
         450         350     0.00224     1.49521     2.89772     3.61308
         450         400     0.00220     1.44444     2.87074     3.51491
         475         350     0.00388     1.31358     2.80239     3.26623
         475         400     0.00241     1.20903     2.76269     3.09669
         500         350     0.00347     1.28340     2.78703     3.21036
         500         400     0.00412     1.30198     2.79646     3.24466
         500         450     0.00465     1.17284     2.77141     3.05009
         525         350     0.00311     1.26942     2.78048     3.18628
         525         400     0.00329     1.55809     2.93136     3.73546
         525         450     0.00547     1.27940     2.78501     3.20303
         550         350     0.00467     1.21227     2.76188     3.10098
         550         400     0.00668     1.19246     2.76674     3.07504
         550         450     0.00850     1.24823     2.77185     3.15382
         550         500     0.00639     1.21677     2.76077     3.10696
         575         350     0.00445     1.31281     2.80199     3.26479
         575         400     0.00533     1.17158     2.77170     3.04852
         575         450     0.01246     1.13729     2.78069     3.02525
         575         500     0.00692     1.20914     2.76266     3.09685
         600         350     0.00488     1.15665     2.77531     3.03261
         600         400     0.00466     1.16527     2.77316     3.04071
         600         450     0.00875     1.23044     2.76472     3.12697
         600         500     0.01018     1.14547     2.77845     3.02831
         600         550     0.00760     1.22468     2.76243     3.11836
         625         350     0.00598     1.20559     2.76353     3.09216
         625         400     0.00744     1.17747     2.77032     3.05590
         625         450     0.01017     1.20677     2.76324     3.09372
         625         500     0.01093     1.13102     2.78237     3.02295
         625         550     0.01000     1.21400     2.76145     3.10328
         650         350     0.00679     1.24581     2.77088     3.15014
         650         400     0.00811     1.20266     2.76425     3.08831
         650         450     0.00939     1.15786     2.77496     3.03308
         650         500     0.01018     1.16274     2.77374     3.03760
         650         550     0.00865     1.21941     2.76035     3.11053
         650         600     0.00994     1.26544     2.77885     3.18014
         675         350     0.00669     1.15208     2.77660     3.03084
         675         400     0.00838     1.14099     2.77968     3.02663
         675         450     0.01059     1.14260     2.77924     3.02723
         675         500     0.01069     1.14993     2.77721     3.03001
         675         550     0.01079     1.17414     2.77110     3.05172
         675         600     0.01112     1.15155     2.77675     3.03063
         700         350     0.00745     1.15362     2.77617     3.03144
         700         400     0.00636     1.15951     2.77449     3.03373
         700         450     0.00936     1.15625     2.77542     3.03246
         700         500     0.01165     1.10764     2.78828     3.01487
         700         550     0.01087     1.10674     2.78849     3.01458
         700         600     0.01461     1.13814     2.78046     3.02557
         700         650     0.01067     1.13162     2.78221     3.02317
         725         350     0.00825     1.17724     2.77037     3.05561
         725         400     0.00933     1.13888     2.78026     3.02584
         725         450     0.01140     1.19316     2.76657     3.07595
         725         500     0.01251     1.16952     2.77218     3.04596
         725         550     0.01400     1.12626     2.78362     3.02125
         725         600     0.01145     1.11470     2.78656     3.01723
         725         650     0.01165     1.19201     2.76685     3.07446
         750         350     0.00903     1.16030     2.77430     3.03462
         750         400     0.01005     1.16406     2.77344     3.03921
         750         450     0.01149     1.13428     2.78150     3.02414
         750         500     0.00906     1.20228     2.76435     3.08782
         750         550     0.01364     1.14358     2.77897     3.02760
         750         600     0.01237     1.16701     2.77276     3.04285
         750         650     0.01248     1.10709     2.78841     3.01469
         750         700     0.01302     1.11433     2.78665     3.01710
         775         350     0.00649     1.15779     2.77498     3.03306
         775         400     0.00950     1.13837     2.78040     3.02565
         775         450     0.01163     1.14339     2.77903     3.02753
         775         500     0.01141     1.16619     2.77295     3.04183
         775         550     0.01533     1.15305     2.77633     3.03121
         775         600     0.01292     1.13696     2.78078     3.02513
         775         650     0.01559     1.09474     2.79126     3.01079
         775         700     0.00984     1.14730     2.77794     3.02901
         800         350     0.00677     1.21161     2.76205     3.10011
         800         400     0.00879     1.13033     2.78255     3.02271
         800         450     0.00913     1.19104     2.76708     3.07321
         800         500     0.01177     1.11974     2.78529     3.01896
         800         550     0.01554     1.12084     2.78501     3.01934
         800         600     0.01273     1.14559     2.77842     3.02836
         800         650     0.01505     1.10227     2.78955     3.01314
         800         700     0.01540     1.11258     2.78708     3.01651
         800         750     0.00940     1.17113     2.77181     3.04796
         825         350     0.00826     1.12430     2.78413     3.02055
         825         400     0.01026     1.20071     2.76473     3.08577
         825         450     0.01211     1.08675     2.79380     3.00866
         825         500     0.01230     1.10608     2.78865     3.01436
         825         550     0.01208     1.12637     2.78359     3.02129
         825         600     0.01513     1.09895     2.79031     3.01209
         825         650     0.01483     1.10927     2.78789     3.01541
         825         700     0.01686     1.11084     2.78751     3.01593
         825         750     0.01266     1.09736     2.79068     3.01160
         850         350     0.00792     1.12720     2.78337     3.02158
         850         400     0.01096     1.11533     2.78640     3.01744
         850         450     0.01160     1.15783     2.77497     3.03307
         850         500     0.01482     1.11219     2.78718     3.01638
         850         550     0.01391     1.13091     2.78240     3.02292
         850         600     0.01403     1.10257     2.78948     3.01323
         850         650     0.01807     1.06113     2.80576     3.00413
         850         700     0.01698     1.11188     2.78725     3.01628
         850         750     0.01666     1.15019     2.77714     3.03011
         850         800     0.01182     1.14530     2.77850     3.02825
         875         350     0.00750     1.18260     2.76910     3.06241
         875         400     0.00916     1.15712     2.77517     3.03280
         875         450     0.01218     1.15589     2.77552     3.03232
         875         500     0.01233     1.12311     2.78443     3.02013
         875         550     0.01340     1.13910     2.78020     3.02592
         875         600     0.01501     1.07930     2.79758     3.00723
         875         650     0.01505     1.08875     2.79274     3.00906
         875         700     0.01575     1.11177     2.78728     3.01624
         875         750     0.01501     1.11235     2.78714     3.01643
         875         800     0.01659     1.10667     2.78851     3.01456
         900         350     0.00830     1.15560     2.77561     3.03220
         900         400     0.01029     1.12996     2.78265     3.02257
         900         450     0.00947     1.14453     2.77871     3.02796
         900         500     0.01166     1.10482     2.78895     3.01396
         900         550     0.01405     1.11461     2.78658     3.01720
         900         600     0.01715     1.11588     2.78626     3.01763
         900         650     0.01533     1.10505     2.78890     3.01403
         900         700     0.01510     1.09669     2.79083     3.01139
         900         750     0.01673     1.08739     2.79346     3.00879
         900         800     0.01734     1.08657     2.79390     3.00862
         900         850     0.01324     1.12881     2.78295     3.02216
         925         350     0.00759     1.13632     2.78095     3.02489
         925         400     0.00840     1.17185     2.77164     3.04886
         925         450     0.01183     1.16516     2.77319     3.04056
         925         500     0.01222     1.10224     2.78956     3.01313
         925         550     0.01567     1.10898     2.78796     3.01531
         925         600     0.01650     1.12216     2.78468     3.01980
         925         650     0.01717     1.12086     2.78501     3.01935
         925         700     0.01669     1.09441     2.79134     3.01069
         925         750     0.01550     1.06530     2.80403     3.00478
         925         800     0.01643     1.07958     2.79745     3.00728
         925         850     0.01371     1.15145     2.77678     3.03060
         950         350     0.00681     1.18926     2.76751     3.07092
         950         400     0.00897     1.11188     2.78725     3.01628
         950         450     0.01062     1.20326     2.76411     3.08910
         950         500     0.01446     1.14549     2.77845     3.02832
         950         550     0.01518     1.10074     2.78990     3.01265
         950         600     0.01564     1.15192     2.77665     3.03078
         950         650     0.01599     1.08864     2.79280     3.00904
         950         700     0.01780     1.08476     2.79483     3.00827
         950         750     0.01603     1.11949     2.78536     3.01887
         950         800     0.01524     1.07484     2.79974     3.00641
         950         850     0.01641     1.08843     2.79291     3.00900
         950         900     0.01075     1.15363     2.77616     3.03144
         975         350     0.00674     1.11380     2.78678     3.01692
         975         400     0.00981     1.12078     2.78503     3.01932
         975         450     0.01220     1.12438     2.78411     3.02058
         975         500     0.01084     1.11315     2.78694     3.01670
         975         550     0.01427     1.14325     2.77906     3.02747
         975         600     0.01300     1.10951     2.78783     3.01549
         975         650     0.01947     1.09590     2.79100     3.01115
         975         700     0.01586     1.09366     2.79150     3.01047
         975         750     0.01612     1.13503     2.78130     3.02442
         975         800     0.01874     1.07140     2.80133     3.00580
         975         850     0.01744     1.09165     2.79194     3.00986
         975         900     0.01319     1.12289     2.78449     3.02005
        1000         350     0.00908     1.17066     2.77191     3.04738
        1000         400     0.01034     1.11099     2.78747     3.01598
        1000         450     0.01208     1.13794     2.78051     3.02549
        1000         500     0.01517     1.12894     2.78292     3.02221
        1000         550     0.01619     1.11137     2.78738     3.01611
        1000         600     0.01729     1.10939     2.78786     3.01545
        1000         650     0.01745     1.09420     2.79138     3.01063
        1000         700     0.01612     1.12684     2.78347     3.02145
        1000         750     0.01735     1.08739     2.79346     3.00879
        1000         800     0.01878     1.07176     2.80117     3.00587
        1000         850     0.01659     1.06242     2.80524     3.00433
        1000         900     0.01735     1.08464     2.79490     3.00824
        1000         950     0.01216     1.13264     2.78194     3.02354
