         750         375     0.00489     1.14834     2.78153     2.87907
         750         400     0.00731     1.16457     2.77900     2.88396
         750         425     0.00629     1.15420     2.78028     2.88070
         750         450     0.00403     1.21270     2.77799     2.90169
         750         475     0.00739     1.15275     2.78059     2.88030
         750         500     0.00842     1.13978     2.78334     2.87674
         750         525     0.00745     1.11354     2.78854     2.87002
         750         550     0.00701     1.17344     2.77882     2.88712
         750         575     0.00695     1.14219     2.78283     2.87740
         750         600     0.00940     1.08875     2.79310     2.86465
         750         625     0.00897     1.10848     2.78949     2.86880
         750         650     0.00856     1.15366     2.78039     2.88055
         750         675     0.00778     1.11454     2.78836     2.87026
         750         700     0.00446     1.20506     2.77815     2.89879
         750         725     0.00130     1.16862     2.77892     2.88540
         800         375     0.00503     1.15268     2.78060     2.88028
         800         400     0.00654     1.18087     2.77867     2.88982
         800         425     0.00750     1.15825     2.77940     2.88184
         800         450     0.00654     1.14110     2.78306     2.87710
         800         475     0.00753     1.13611     2.78409     2.87577
         800         500     0.00751     1.14433     2.78238     2.87798
         800         525     0.00893     1.14182     2.78291     2.87730
         800         550     0.00778     1.13458     2.78441     2.87536
         800         575     0.00894     1.11465     2.78834     2.87028
         800         600     0.01015     1.10293     2.79049     2.86750
         800         625     0.00936     1.10962     2.78928     2.86907
         800         650     0.00967     1.11827     2.78765     2.87118
         800         675     0.00993     1.12551     2.78623     2.87300
         800         700     0.00910     1.11509     2.78825     2.87039
         800         725     0.00763     1.12955     2.78543     2.87404
         800         750     0.00346     1.26250     2.78789     2.94005
         800         775     0.00116     1.25021     2.78502     2.92976
         850         375     0.00523     1.17748     2.77874     2.88858
         850         400     0.00538     1.19597     2.77835     2.89538
         850         425     0.00664     1.16018     2.77909     2.88242
         850         450     0.00623     1.16620     2.77897     2.88454
         850         475     0.00732     1.14749     2.78172     2.87884
         850         500     0.00816     1.13872     2.78356     2.87646
         850         525     0.00650     1.14880     2.78144     2.87920
         850         550     0.01098     1.13012     2.78531     2.87419
         850         575     0.00742     1.13284     2.78476     2.87490
         850         600     0.00720     1.13888     2.78352     2.87650
         850         625     0.00796     1.14734     2.78175     2.87880
         850         650     0.01059     1.12452     2.78643     2.87275
         850         675     0.00916     1.12641     2.78605     2.87323
         850         700     0.00859     1.16177     2.77906     2.88298
         850         725     0.00945     1.10972     2.78926     2.86909
         850         750     0.00951     1.12824     2.78569     2.87370
         850         775     0.00750     1.11291     2.78866     2.86986
         850         800     0.00590     1.16837     2.77892     2.88531
         850         825     0.00118     1.20515     2.77815     2.89883
