         750         375     0.00590     1.06837     6.96962     6.23595
         750         400     0.01008     1.07857     6.98439     6.25008
         750         425     0.00674     1.07837     6.98407     6.24978
         750         450     0.00833     1.07522     6.97937     6.24528
         750         475     0.01016     1.07008     6.97198     6.23820
         750         500     0.00900     1.06111     6.96006     6.22679
         750         525     0.00868     1.07047     6.97254     6.23874
         750         550     0.00874     1.04830     6.94535     6.21270
         750         575     0.01021     1.04751     6.94453     6.21192
         750         600     0.01000     1.05862     6.95698     6.22383
         750         625     0.00945     1.05183     6.94911     6.21631
         750         650     0.01018     1.06931     6.97091     6.23718
         750         675     0.00991     1.06809     6.96924     6.23558
         750         700     0.00731     1.07876     6.98468     6.25036
         750         725     0.00383     1.16209     7.17937     6.38472
         800         375     0.00578     1.08286     6.99102     6.25644
         800         400     0.00697     1.11163     7.04982     6.29842
         800         425     0.01019     1.08652     6.99688     6.26204
         800         450     0.00648     1.09173     7.00638     6.26968
         800         475     0.00951     1.07678     6.98169     6.24750
         800         500     0.00932     1.07183     6.97445     6.24057
         800         525     0.00949     1.07201     6.97472     6.24082
         800         550     0.01061     1.06128     6.96028     6.22700
         800         575     0.00973     1.06189     6.96105     6.22773
         800         600     0.01211     1.06325     6.96279     6.22941
         800         625     0.01017     1.05090     6.94810     6.21534
         800         650     0.01056     1.04679     6.94381     6.21123
         800         675     0.01155     1.05074     6.94792     6.21517
         800         700     0.01065     1.05455     6.95217     6.21923
         800         725     0.00980     1.06626     6.96675     6.23320
         800         750     0.00720     1.11721     7.06283     6.30703
         800         775     0.00515     1.10412     7.03285     6.28719
         850         375     0.00542     1.10199     7.02815     6.28408
         850         400     0.00683     1.13285     7.10097     6.33227
         850         425     0.00582     1.07890     6.98488     6.25056
         850         450     0.00939     1.08633     6.99658     6.26175
         850         475     0.00902     1.08802     6.99932     6.26438
         850         500     0.01068     1.07513     6.97923     6.24514
         850         525     0.00742     1.07670     6.98156     6.24737
         850         550     0.01139     1.07185     6.97448     6.24060
         850         575     0.01057     1.06428     6.96413     6.23069
         850         600     0.00804     1.06988     6.97170     6.23794
         850         625     0.00852     1.09188     7.00670     6.26989
         850         650     0.01096     1.05089     6.94808     6.21532
         850         675     0.01048     1.08563     6.99544     6.26067
         850         700     0.01084     1.04741     6.94443     6.21183
         850         725     0.01080     1.04532     6.94234     6.20982
         850         750     0.01143     1.05870     6.95707     6.22393
         850         775     0.00989     1.08809     6.99944     6.26449
         850         800     0.00943     1.13139     7.09732     6.32986
         850         825     0.00541     1.11682     7.06191     6.30642
