         400         350     0.00344     1.32539     5.23167     4.98234
         425         350     0.00546     1.22506     4.94923     4.72767
         450         350     0.00696     1.25225     5.01081     4.77787
         450         400     0.00509     1.32508     5.23062     4.98134
         475         350     0.00888     1.16153     4.80988     4.61136
         475         400     0.00623     1.17068     4.82912     4.62746
         500         350     0.00965     1.15174     4.79339     4.59556
         500         400     0.00904     1.18267     4.85485     4.64899
         500         450     0.00826     1.20776     4.91030     4.69538
         525         350     0.00999     1.11498     4.73878     4.54112
         525         400     0.01117     1.10678     4.72764     4.53001
         525         450     0.01012     1.19927     4.89132     4.67951
         550         350     0.01102     1.17273     4.83348     4.63111
         550         400     0.01373     1.14643     4.78511     4.58731
         550         450     0.01482     1.11293     4.73595     4.53830
         550         500     0.01117     1.15569     4.79963     4.60178
         575         350     0.00976     1.15574     4.79972     4.60187
         575         400     0.01217     1.09492     4.71236     4.51478
         575         450     0.01803     1.09677     4.71467     4.51708
         575         500     0.01114     1.15498     4.79850     4.60066
         600         350     0.01223     1.08061     4.69682     4.49900
         600         400     0.01184     1.11804     4.74304     4.54537
         600         450     0.01525     1.09933     4.71793     4.52033
         600         500     0.01640     1.07242     4.68921     4.49116
         600         550     0.01183     1.18533     4.86062     4.65382
         625         350     0.01156     1.11748     4.74227     4.54460
         625         400     0.01368     1.08005     4.69629     4.49845
         625         450     0.01805     1.10099     4.72005     4.52245
         625         500     0.01694     1.11585     4.73998     4.54232
         625         550     0.01470     1.15998     4.80664     4.60866
         650         350     0.01153     1.11006     4.73204     4.53441
         650         400     0.01542     1.08689     4.70305     4.50542
         650         450     0.01536     1.05249     4.67333     4.47480
         650         500     0.01651     1.12326     4.75047     4.55277
         650         550     0.01321     1.10240     4.72187     4.52426
         650         600     0.01322     1.20028     4.89356     4.68138
         675         350     0.01173     1.08321     4.69936     4.50162
         675         400     0.01407     1.08829     4.70448     4.50689
         675         450     0.01770     1.06857     4.68583     4.48768
         675         500     0.01782     1.08589     4.70203     4.50437
         675         550     0.01642     1.10171     4.72097     4.52337
         675         600     0.01553     1.09933     4.71792     4.52032
         700         350     0.01120     1.08020     4.69644     4.49861
         700         400     0.01236     1.08692     4.70308     4.50544
         700         450     0.01438     1.09499     4.71245     4.51487
         700         500     0.01839     1.05277     4.67352     4.47500
         700         550     0.01677     1.05819     4.67745     4.47905
         700         600     0.02016     1.10281     4.72241     4.52480
         700         650     0.01382     1.10345     4.72324     4.52563
         725         350     0.01418     1.13454     4.76699     4.56925
         725         400     0.01499     1.08183     4.69801     4.50022
         725         450     0.01687     1.07029     4.68733     4.48922
         725         500     0.01797     1.06860     4.68586     4.48771
         725         550     0.02180     1.05025     4.67180     4.47323
         725         600     0.01647     1.07844     4.69475     4.49687
         725         650     0.01582     1.10366     4.72352     4.52591
         750         350     0.01362     1.07724     4.69362     4.49570
         750         400     0.01638     1.09558     4.71319     4.51560
         750         450     0.01710     1.09317     4.71021     4.51263
         750         500     0.01436     1.07482     4.69139     4.49340
         750         550     0.02053     1.07132     4.68823     4.49015
         750         600     0.01712     1.05478     4.67494     4.47647
         750         650     0.01722     1.07505     4.69160     4.49362
         750         700     0.01610     1.08190     4.69808     4.50029
         775         350     0.01027     1.07998     4.69622     4.49839
         775         400     0.01587     1.07622     4.69267     4.49472
         775         450     0.01686     1.07460     4.69118     4.49319
         775         500     0.01806     1.10262     4.72216     4.52455
         775         550     0.02063     1.06259     4.68087     4.48257
         775         600     0.02112     1.06351     4.68162     4.48334
         775         650     0.02131     1.07186     4.68871     4.49065
         775         700     0.01488     1.08966     4.70594     4.50838
         800         350     0.01056     1.13154     4.76254     4.56480
         800         400     0.01364     1.09217     4.70898     4.51141
         800         450     0.01618     1.13365     4.76567     4.56793
         800         500     0.01710     1.06947     4.68661     4.48849
         800         550     0.02054     1.06475     4.68263     4.48438
         800         600     0.01756     1.06772     4.68511     4.48694
         800         650     0.02049     1.06445     4.68238     4.48413
         800         700     0.02061     1.07277     4.68953     4.49149
         800         750     0.01315     1.10879     4.73033     4.53270
         825         350     0.01169     1.10337     4.72314     4.52553
         825         400     0.01385     1.09119     4.70780     4.51023
         825         450     0.01657     1.06926     4.68643     4.48830
         825         500     0.01684     1.08451     4.70066     4.50295
         825         550     0.01756     1.07650     4.69293     4.49499
         825         600     0.02127     1.05771     4.67709     4.47868
         825         650     0.01905     1.05746     4.67690     4.47848
         825         700     0.02233     1.06883     4.68606     4.48791
         825         750     0.01577     1.08858     4.70477     4.50719
         850         350     0.01214     1.08877     4.70497     4.50739
         850         400     0.01373     1.08260     4.69876     4.50100
         850         450     0.01724     1.07722     4.69361     4.49569
         850         500     0.01897     1.07216     4.68897     4.49092
         850         550     0.01993     1.07187     4.68872     4.49066
         850         600     0.02030     1.07423     4.69084     4.49284
         850         650     0.02314     1.05188     4.67290     4.47437
         850         700     0.02185     1.06042     4.67916     4.48081
         850         750     0.02144     1.11389     4.73728     4.53962
         850         800     0.01522     1.13021     4.76056     4.56284
         875         350     0.01087     1.10498     4.72525     4.52763
         875         400     0.01376     1.09864     4.71704     4.51944
         875         450     0.01703     1.08352     4.69967     4.50193
         875         500     0.01699     1.08351     4.69966     4.50193
         875         550     0.01740     1.07149     4.68839     4.49031
         875         600     0.01909     1.06006     4.67888     4.48052
         875         650     0.01905     1.07121     4.68814     4.49006
         875         700     0.02069     1.06414     4.68213     4.48387
         875         750     0.01883     1.07320     4.68991     4.49188
         875         800     0.01988     1.07144     4.68834     4.49027
         900         350     0.01108     1.10305     4.72272     4.52510
         900         400     0.01334     1.10364     4.72349     4.52588
         900         450     0.01445     1.09461     4.71198     4.51440
         900         500     0.01742     1.07488     4.69144     4.49346
         900         550     0.01999     1.08619     4.70233     4.50468
         900         600     0.02278     1.08365     4.69980     4.50207
         900         650     0.02265     1.07812     4.69445     4.49656
         900         700     0.01938     1.06722     4.68468     4.48650
         900         750     0.02039     1.05658     4.67625     4.47781
         900         800     0.02215     1.06826     4.68557     4.48741
         900         850     0.01587     1.10564     4.72612     4.52850
         925         350     0.01091     1.10287     4.72249     4.52488
         925         400     0.01305     1.09868     4.71709     4.51949
         925         450     0.01525     1.10386     4.72379     4.52617
         925         500     0.01677     1.08785     4.70403     4.50642
         925         550     0.02013     1.08457     4.70071     4.50301
         925         600     0.02151     1.07184     4.68869     4.49063
         925         650     0.02152     1.06331     4.68145     4.48317
         925         700     0.02277     1.07058     4.68758     4.48948
         925         750     0.01791     1.05709     4.67663     4.47820
         925         800     0.01987     1.04828     4.67051     4.47190
         925         850     0.01587     1.09379     4.71097     4.51339
         950         350     0.00974     1.10554     4.72599     4.52837
         950         400     0.01136     1.12598     4.75438     4.55667
         950         450     0.01509     1.10880     4.73034     4.53271
         950         500     0.01711     1.09220     4.70902     4.51145
         950         550     0.02045     1.08500     4.70114     4.50345
         950         600     0.01921     1.08617     4.70232     4.50466
         950         650     0.02097     1.07930     4.69557     4.49771
         950         700     0.02276     1.06285     4.68109     4.48279
         950         750     0.01995     1.07188     4.68873     4.49066
         950         800     0.01943     1.06853     4.68580     4.48765
         950         850     0.02078     1.06014     4.67895     4.48059
         950         900     0.01334     1.11860     4.74384     4.54617
         975         350     0.00866     1.08708     4.70324     4.50561
         975         400     0.01214     1.09459     4.71195     4.51437
         975         450     0.01763     1.09535     4.71290     4.51532
         975         500     0.01399     1.10252     4.72203     4.52442
         975         550     0.01979     1.08478     4.70093     4.50323
         975         600     0.01778     1.07684     4.69324     4.49532
         975         650     0.02223     1.07475     4.69132     4.49333
         975         700     0.02062     1.07561     4.69211     4.49414
         975         750     0.02100     1.06940     4.68655     4.48842
         975         800     0.02328     1.05961     4.67853     4.48016
         975         850     0.02202     1.05034     4.67186     4.47329
         975         900     0.01702     1.11027     4.73233     4.53468
        1000         350     0.01227     1.11343     4.73663     4.53898
        1000         400     0.01357     1.10191     4.72124     4.52363
        1000         450     0.01564     1.08756     4.70373     4.50611
        1000         500     0.01998     1.08859     4.70478     4.50720
        1000         550     0.02097     1.08693     4.70309     4.50546
        1000         600     0.02069     1.07914     4.69542     4.49755
        1000         650     0.02034     1.07913     4.69541     4.49755
        1000         700     0.01948     1.07634     4.69279     4.49484
        1000         750     0.02280     1.06022     4.67901     4.48065
        1000         800     0.02317     1.05393     4.67433     4.47584
        1000         850     0.02015     1.06368     4.68175     4.48348
        1000         900     0.02116     1.10556     4.72602     4.52840
        1000         950     0.01390     1.12520     4.75326     4.55555
