         400         350     0.00478     1.19648     7.76019     6.21860
         425         350     0.00802     1.10750     7.46019     6.02493
         450         350     0.00908     1.18118     7.69765     6.17885
         450         400     0.00729     1.18327     7.70611     6.18423
         475         350     0.01089     1.06336     7.36975     5.96690
         475         400     0.00890     1.12557     7.50976     6.05742
         500         350     0.01027     1.08787     7.41203     5.99346
         500         400     0.01230     1.08113     7.39945     5.98555
         500         450     0.00965     1.08293     7.40273     5.98761
         525         350     0.01031     1.09523     7.42901     6.00451
         525         400     0.01224     1.07814     7.39407     5.98217
         525         450     0.01228     1.14093     7.55473     6.08688
         550         350     0.01237     1.08718     7.41071     5.99263
         550         400     0.01487     1.09292     7.42340     6.00083
         550         450     0.01599     1.08020     7.39775     5.98449
         550         500     0.01301     1.10890     7.46390     6.02737
         575         350     0.01015     1.13360     7.53299     6.07264
         575         400     0.01242     1.07623     7.39072     5.98007
         575         450     0.01873     1.08196     7.40095     5.98650
         575         500     0.01243     1.13884     7.54848     6.08279
         600         350     0.01224     1.08511     7.40679     5.99016
         600         400     0.01243     1.08878     7.41378     5.99455
         600         450     0.01631     1.08436     7.40540     5.98929
         600         500     0.01690     1.07461     7.38792     5.97831
         600         550     0.01302     1.15490     7.59749     6.11490
         625         350     0.01155     1.10635     7.45717     6.02296
         625         400     0.01403     1.06178     7.36738     5.96541
         625         450     0.01880     1.07953     7.39654     5.98373
         625         500     0.01798     1.08307     7.40299     5.98777
         625         550     0.01639     1.12268     7.50158     6.05206
         650         350     0.01195     1.09632     7.43170     6.00627
         650         400     0.01548     1.07538     7.38924     5.97914
         650         450     0.01565     1.05744     7.36112     5.96148
         650         500     0.01807     1.09793     7.43569     6.00888
         650         550     0.01423     1.08810     7.41247     5.99373
         650         600     0.01557     1.11412     7.47789     6.03653
         675         350     0.01176     1.07799     7.39381     5.98201
         675         400     0.01418     1.08098     7.39917     5.98538
         675         450     0.01773     1.05881     7.36306     5.96269
         675         500     0.01859     1.06705     7.37547     5.97049
         675         550     0.01771     1.06929     7.37905     5.97274
         675         600     0.01633     1.07877     7.39518     5.98287
         700         350     0.01120     1.08018     7.39772     5.98447
         700         400     0.01285     1.07501     7.38860     5.97874
         700         450     0.01442     1.09032     7.41720     5.99677
         700         500     0.01838     1.05277     7.35479     5.95750
         700         550     0.01704     1.05304     7.35515     5.95773
         700         600     0.02129     1.07747     7.39289     5.98144
         700         650     0.01453     1.09152     7.42005     5.99863
         725         350     0.01417     1.13084     7.52492     6.06735
         725         400     0.01499     1.07689     7.39188     5.98080
         725         450     0.01689     1.07029     7.38068     5.97376
         725         500     0.01809     1.05870     7.36289     5.96259
         725         550     0.02180     1.04824     7.34910     5.95393
         725         600     0.01706     1.07167     7.38296     5.97520
         725         650     0.01668     1.07098     7.38182     5.97448
         750         350     0.01372     1.07502     7.38863     5.97875
         750         400     0.01665     1.09474     7.42781     6.00372
         750         450     0.01715     1.08141     7.39995     5.98587
         750         500     0.01458     1.07247     7.38430     5.97603
         750         550     0.02091     1.05674     7.36015     5.96086
         750         600     0.01732     1.05087     7.35236     5.95597
         750         650     0.01856     1.06214     7.36792     5.96574
         750         700     0.01657     1.08195     7.40094     5.98649
         775         350     0.01026     1.07910     7.39577     5.98324
         775         400     0.01608     1.07589     7.39013     5.97970
         775         450     0.01691     1.07450     7.38773     5.97819
         775         500     0.01829     1.09933     7.43920     6.01118
         775         550     0.02081     1.05878     7.36301     5.96266
         775         600     0.02155     1.06197     7.36766     5.96558
         775         650     0.02193     1.05443     7.35700     5.95889
         775         700     0.01513     1.08021     7.39778     5.98450
         800         350     0.01114     1.11477     7.47966     6.03770
         800         400     0.01363     1.09217     7.42160     5.99965
         800         450     0.01637     1.14245     7.55932     6.08989
         800         500     0.01710     1.06836     7.37755     5.97180
         800         550     0.02057     1.06068     7.36576     5.96439
         800         600     0.01804     1.07260     7.38451     5.97617
         800         650     0.02103     1.04530     7.34564     5.95175
         800         700     0.02125     1.06236     7.36824     5.96595
         800         750     0.01371     1.12383     7.50482     6.05418
         825         350     0.01169     1.10337     7.44946     6.01790
         825         400     0.01386     1.08768     7.41166     5.99322
         825         450     0.01677     1.06851     7.37779     5.97195
         825         500     0.01684     1.08451     7.40567     5.98946
         825         550     0.01796     1.06610     7.37397     5.96955
         825         600     0.02165     1.05646     7.35975     5.96061
         825         650     0.01928     1.06155     7.36703     5.96519
         825         700     0.02274     1.05252     7.35447     5.95730
         825         750     0.01687     1.08129     7.39972     5.98572
         850         350     0.01214     1.08877     7.41375     5.99454
         850         400     0.01385     1.08253     7.40200     5.98715
         850         450     0.01739     1.07451     7.38775     5.97821
         850         500     0.01897     1.06878     7.37822     5.97222
         850         550     0.01993     1.07187     7.38330     5.97541
         850         600     0.02033     1.07416     7.38715     5.97783
         850         650     0.02333     1.05116     7.35273     5.95620
         850         700     0.02230     1.05612     7.35929     5.96032
         850         750     0.02235     1.09490     7.42821     6.00398
         850         800     0.01611     1.12738     7.51493     6.06081
         875         350     0.01087     1.10498     7.45361     6.02063
         875         400     0.01382     1.09832     7.43665     6.00952
         875         450     0.01721     1.08345     7.40369     5.98822
         875         500     0.01699     1.08351     7.40381     5.98829
         875         550     0.01740     1.07149     7.38267     5.97501
         875         600     0.01911     1.05998     7.36474     5.96375
         875         650     0.01906     1.07120     7.38218     5.97471
         875         700     0.02074     1.05241     7.35433     5.95721
         875         750     0.01942     1.05407     7.35652     5.95858
         875         800     0.02041     1.06710     7.37554     5.97053
         900         350     0.01108     1.10305     7.44863     6.01736
         900         400     0.01334     1.10083     7.44296     6.01365
         900         450     0.01445     1.09461     7.42750     6.00352
         900         500     0.01742     1.07488     7.38839     5.97861
         900         550     0.01999     1.08581     7.40811     5.99099
         900         600     0.02278     1.08365     7.40407     5.98846
         900         650     0.02267     1.07729     7.39258     5.98124
         900         700     0.01939     1.06596     7.37374     5.96940
         900         750     0.02053     1.05639     7.35966     5.96056
         900         800     0.02258     1.06548     7.37300     5.96894
         900         850     0.01624     1.10024     7.44148     6.01268
         925         350     0.01102     1.09827     7.43655     6.00944
         925         400     0.01305     1.09868     7.43755     6.01011
         925         450     0.01543     1.09942     7.43941     6.01132
         925         500     0.01688     1.08697     7.41031     5.99237
         925         550     0.02013     1.08457     7.40578     5.98953
         925         600     0.02176     1.06933     7.37912     5.97278
         925         650     0.02157     1.06336     7.36975     5.96689
         925         700     0.02295     1.06609     7.37396     5.96954
         925         750     0.01804     1.05721     7.36080     5.96127
         925         800     0.02007     1.04788     7.34867     5.95365
         925         850     0.01649     1.09812     7.43616     6.00919
         950         350     0.00974     1.10554     7.45506     6.02158
         950         400     0.01146     1.12127     7.49761     6.04946
         950         450     0.01508     1.10880     7.46363     6.02719
         950         500     0.01711     1.08812     7.41250     5.99375
         950         550     0.02056     1.08445     7.40556     5.98939
         950         600     0.01921     1.08292     7.40272     5.98761
         950         650     0.02097     1.07930     7.39614     5.98347
         950         700     0.02276     1.06352     7.36999     5.96705
         950         750     0.02024     1.06499     7.37224     5.96846
         950         800     0.01969     1.06325     7.36958     5.96679
         950         850     0.02117     1.05630     7.35953     5.96048
         950         900     0.01401     1.10805     7.46164     6.02589
         975         350     0.00866     1.08708     7.41052     5.99251
         975         400     0.01213     1.09459     7.42745     6.00349
         975         450     0.01763     1.09535     7.42932     6.00471
         975         500     0.01399     1.10252     7.44728     6.01648
         975         550     0.01979     1.08478     7.40618     5.98978
         975         600     0.01786     1.07685     7.39180     5.98075
         975         650     0.02225     1.07508     7.38873     5.97882
         975         700     0.02062     1.07561     7.38964     5.97939
         975         750     0.02134     1.06456     7.37158     5.96805
         975         800     0.02329     1.05642     7.35971     5.96059
         975         850     0.02230     1.04989     7.35113     5.95520
         975         900     0.01733     1.10672     7.45814     6.02359
        1000         350     0.01231     1.09894     7.43820     6.01053
        1000         400     0.01357     1.10191     7.44571     6.01545
        1000         450     0.01564     1.08756     7.41143     5.99308
        1000         500     0.01999     1.08867     7.41357     5.99442
        1000         550     0.02102     1.08548     7.40749     5.99061
        1000         600     0.02069     1.07927     7.39608     5.98344
        1000         650     0.02034     1.07913     7.39583     5.98328
        1000         700     0.01948     1.07634     7.39092     5.98019
        1000         750     0.02280     1.05900     7.36332     5.96286
        1000         800     0.02332     1.05389     7.35628     5.95843
        1000         850     0.02062     1.05675     7.36016     5.96087
        1000         900     0.02194     1.07684     7.39179     5.98074
        1000         950     0.01436     1.11375     7.47687     6.03587
