         750         475     0.01027     1.07899     2.79774     3.00717
         750         500     0.01378     1.11991     2.78525     3.01902
         750         525     0.01169     1.12661     2.78353     3.02137
         750         550     0.01300     1.13157     2.78222     3.02316
         750         575     0.01095     1.09922     2.79025     3.01218
         750         600     0.01254     1.11418     2.78669     3.01705
         750         625     0.01116     1.10294     2.78939     3.01335
         750         650     0.01354     1.08057     2.79696     3.00746
         750         675     0.01183     1.25263     2.77364     3.16052
         750         700     0.01058     1.16410     2.77343     3.03926
         750         725     0.00564     1.13117     2.78233     3.02301
         800         475     0.01177     1.12690     2.78345     3.02148
         800         500     0.01074     1.12597     2.78369     3.02114
         800         525     0.01403     1.10818     2.78815     3.01505
         800         550     0.01327     1.10949     2.78783     3.01548
         800         575     0.01716     1.09069     2.79215     3.00958
         800         600     0.01308     1.11007     2.78769     3.01567
         800         625     0.01492     1.17868     2.77003     3.05743
         800         650     0.01499     1.09521     2.79116     3.01094
         800         675     0.01543     1.09786     2.79056     3.01175
         800         700     0.01302     1.14273     2.77921     3.02728
         800         725     0.01156     1.12771     2.78324     3.02176
         800         750     0.01019     1.16710     2.77274     3.04296
         800         775     0.00728     1.20764     2.76303     3.09486
         850         475     0.01135     1.09789     2.79055     3.01176
         850         500     0.01332     1.07596     2.79921     3.00661
         850         525     0.01278     1.12047     2.78511     3.01921
         850         550     0.01462     1.14773     2.77782     3.02917
         850         575     0.01268     1.09074     2.79214     3.00959
         850         600     0.01363     1.09934     2.79022     3.01221
         850         625     0.01330     1.07933     2.79757     3.00723
         850         650     0.01087     1.10762     2.78828     3.01487
         850         675     0.01432     1.08380     2.79532     3.00808
         850         700     0.01688     1.07210     2.80101     3.00593
         850         725     0.01480     1.11246     2.78711     3.01647
         850         750     0.01410     1.08223     2.79612     3.00778
         850         775     0.01288     1.13331     2.78176     3.02379
         850         800     0.01237     1.12879     2.78296     3.02215
         850         825     0.00823     1.13944     2.78011     3.02605
