         750         375     0.01046     1.11314     7.40150     6.08214
         750         400     0.01555     1.09882     7.36881     6.05897
         750         425     0.01241     1.09002     7.35004     6.04567
         750         450     0.01569     1.07355     7.31943     6.03053
         750         475     0.01753     1.06784     7.30988     6.02591
         750         500     0.01609     1.06932     7.31230     6.02707
         750         525     0.01709     1.06495     7.30526     6.02367
         750         550     0.01461     1.06962     7.31279     6.02731
         750         575     0.01644     1.05738     7.29394     6.01819
         750         600     0.02015     1.04768     7.28114     6.01200
         750         625     0.01765     1.05733     7.29387     6.01816
         750         650     0.01989     1.06972     7.31296     6.02740
         750         675     0.01825     1.09135     7.35281     6.04763
         750         700     0.01577     1.08880     7.34757     6.04414
         750         725     0.00944     1.13939     7.46709     6.12862
         800         375     0.01075     1.07983     7.33059     6.03592
         800         400     0.01254     1.09508     7.36070     6.05322
         800         425     0.01669     1.10009     7.37160     6.06095
         800         450     0.01574     1.08722     7.34450     6.04265
         800         475     0.01787     1.07901     7.32908     6.03519
         800         500     0.01870     1.07278     7.31811     6.02989
         800         525     0.01917     1.07002     7.31346     6.02764
         800         550     0.01891     1.05951     7.29702     6.01968
         800         575     0.01925     1.05589     7.29185     6.01718
         800         600     0.02098     1.06124     7.29959     6.02092
         800         625     0.01979     1.05253     7.28729     6.01498
         800         650     0.02107     1.04781     7.28130     6.01208
         800         675     0.02161     1.04895     7.28271     6.01276
         800         700     0.02133     1.07122     7.31547     6.02861
         800         725     0.01791     1.07229     7.31727     6.02948
         800         750     0.01296     1.09518     7.36092     6.05338
         800         775     0.00979     1.11647     7.40944     6.08776
         850         375     0.01161     1.09185     7.35385     6.04837
         850         400     0.01315     1.11443     7.40457     6.08431
         850         425     0.01446     1.08264     7.33578     6.03844
         850         450     0.01607     1.09316     7.35661     6.05033
         850         475     0.01763     1.09292     7.35610     6.04996
         850         500     0.01827     1.07676     7.32504     6.03324
         850         525     0.01588     1.07844     7.32805     6.03470
         850         550     0.02234     1.07413     7.32043     6.03101
         850         575     0.01916     1.06355     7.30309     6.02262
         850         600     0.01863     1.06112     7.29940     6.02083
         850         625     0.01796     1.06046     7.29842     6.02036
         850         650     0.02219     1.05648     7.29268     6.01758
         850         675     0.01846     1.06382     7.30350     6.02282
         850         700     0.02340     1.07583     7.32339     6.03244
         850         725     0.02246     1.04977     7.28373     6.01325
         850         750     0.02190     1.05719     7.29367     6.01806
         850         775     0.01831     1.09740     7.36570     6.05677
         850         800     0.01568     1.08753     7.34510     6.04294
         850         825     0.00992     1.11506     7.40607     6.08537
