         750         375     0.00645     1.24953     5.61901     4.06263
         750         400     0.01113     1.10712     5.23921     3.81762
         750         425     0.00836     1.19823     5.45236     3.95999
         750         450     0.00981     1.17122     5.37778     3.91056
         750         475     0.01227     1.09724     5.22148     3.80569
         750         500     0.01153     1.08708     5.20460     3.79523
         750         525     0.01229     1.12877     5.28122     3.84589
         750         550     0.01041     1.09381     5.21556     3.80171
         750         575     0.01149     1.10617     5.23746     3.81644
         750         600     0.01578     1.10146     5.22894     3.81071
         750         625     0.01398     1.14846     5.32245     3.87364
         750         650     0.01502     1.09449     5.21672     3.80248
         750         675     0.01510     1.11780     5.25944     3.83123
         750         700     0.01263     1.14052     5.30551     3.86224
         750         725     0.00732     1.15785     5.34294     3.88743
         800         375     0.00703     1.11857     5.26094     3.83224
         800         400     0.00909     1.14888     5.32335     3.87424
         800         425     0.01079     1.19878     5.45390     3.96101
         800         450     0.01079     1.14895     5.32350     3.87434
         800         475     0.01147     1.13342     5.29072     3.85229
         800         500     0.01392     1.09729     5.22157     3.80575
         800         525     0.01319     1.14146     5.30749     3.86357
         800         550     0.01450     1.10973     5.24405     3.82088
         800         575     0.01382     1.11475     5.25355     3.82727
         800         600     0.01504     1.08262     5.19795     3.79252
         800         625     0.01420     1.10042     5.22708     3.80946
         800         650     0.01592     1.12810     5.27986     3.84497
         800         675     0.01658     1.11329     5.25076     3.82539
         800         700     0.01649     1.11632     5.25657     3.82930
         800         725     0.01420     1.13646     5.29700     3.85652
         800         750     0.01092     1.15181     5.32970     3.87852
         800         775     0.00686     1.15278     5.33181     3.87994
         850         375     0.00772     1.16730     5.36724     3.90358
         850         400     0.01044     1.18451     5.41405     3.93460
         850         425     0.00985     1.18346     5.41115     3.93268
         850         450     0.01246     1.16498     5.36105     3.89947
         850         475     0.01395     1.11410     5.25231     3.82644
         850         500     0.01265     1.10305     5.23178     3.81262
         850         525     0.01181     1.13126     5.28628     3.84930
         850         550     0.01647     1.14600     5.31717     3.87008
         850         575     0.01478     1.09853     5.22372     3.80720
         850         600     0.01426     1.07017     5.18073     3.78550
         850         625     0.01560     1.08223     5.19738     3.79228
         850         650     0.01699     1.09167     5.21194     3.79926
         850         675     0.01361     1.10654     5.23814     3.81690
         850         700     0.01779     1.07768     5.19088     3.78963
         850         725     0.02009     1.09330     5.21469     3.80112
         850         750     0.01791     1.10875     5.24222     3.81965
         850         775     0.01574     1.15117     5.32830     3.87757
         850         800     0.01239     1.16947     5.37306     3.90743
         850         825     0.00828     1.13292     5.28968     3.85158
