         750         375     0.01151     1.08757     7.47337     7.78533
         750         400     0.01629     1.09303     7.48284     7.79603
         750         425     0.01324     1.07160     7.45314     7.76291
         750         450     0.01678     1.08479     7.46965     7.78121
         750         475     0.01883     1.06459     7.44520     7.75412
         750         500     0.01794     1.05856     7.43889     7.74712
         750         525     0.01810     1.06888     7.44998     7.75942
         750         550     0.01572     1.05341     7.43390     7.74159
         750         575     0.01796     1.05046     7.43121     7.73861
         750         600     0.02106     1.04794     7.42902     7.73618
         750         625     0.01855     1.04941     7.43029     7.73759
         750         650     0.02018     1.05928     7.43962     7.74793
         750         675     0.01913     1.07971     7.46306     7.77390
         750         700     0.01624     1.07277     7.45452     7.76444
         750         725     0.00967     1.15663     7.62642     7.95906
         800         375     0.01164     1.07783     7.46069     7.77128
         800         400     0.01383     1.08845     7.47457     7.78666
         800         425     0.01776     1.07736     7.46010     7.77063
         800         450     0.01631     1.08045     7.46400     7.77495
         800         475     0.01878     1.08203     7.46604     7.77721
         800         500     0.01955     1.07027     7.45159     7.76120
         800         525     0.02002     1.06393     7.44448     7.75332
         800         550     0.02058     1.05925     7.43959     7.74790
         800         575     0.01984     1.05693     7.43726     7.74532
         800         600     0.02208     1.05430     7.43473     7.74251
         800         625     0.02052     1.04864     7.42961     7.73684
         800         650     0.02152     1.04598     7.42738     7.73437
         800         675     0.02291     1.04608     7.42747     7.73446
         800         700     0.02233     1.08045     7.46400     7.77496
         800         725     0.01869     1.06289     7.44337     7.75209
         800         750     0.01378     1.09179     7.48045     7.79331
         800         775     0.00999     1.10995     7.51730     7.83516
         850         375     0.01188     1.08065     7.46426     7.77524
         850         400     0.01329     1.10850     7.51421     7.83165
         850         425     0.01503     1.08174     7.46566     7.77679
         850         450     0.01672     1.08859     7.47476     7.78687
         850         475     0.01858     1.08176     7.46568     7.77681
         850         500     0.01851     1.07628     7.45877     7.76916
         850         525     0.01663     1.07464     7.45676     7.76693
         850         550     0.02309     1.07204     7.45366     7.76349
         850         575     0.02061     1.05653     7.43688     7.74489
         850         600     0.01922     1.06031     7.44067     7.74910
         850         625     0.01859     1.06744     7.44835     7.75760
         850         650     0.02334     1.04961     7.43046     7.73778
         850         675     0.02001     1.06181     7.44223     7.75082
         850         700     0.02390     1.04778     7.42888     7.73603
         850         725     0.02312     1.05215     7.43273     7.74030
         850         750     0.02278     1.05433     7.43477     7.74255
         850         775     0.01852     1.10084     7.49833     7.81361
         850         800     0.01654     1.09407     7.48485     7.79831
         850         825     0.01001     1.12515     7.55085     7.87325
