         750         475     0.00747     1.08005     6.98664     6.25224
         750         500     0.00704     1.07019     6.97215     6.23836
         750         525     0.00846     1.07130     6.97370     6.23985
         750         550     0.00940     1.05890     6.95732     6.22416
         750         575     0.00796     1.05916     6.95763     6.22446
         750         600     0.00806     1.05179     6.94906     6.21626
         750         625     0.00726     1.07577     6.98018     6.24605
         750         650     0.00977     1.05407     6.95162     6.21870
         750         675     0.00975     1.07279     6.97583     6.24189
         750         700     0.00782     1.08297     6.99120     6.25660
         750         725     0.00311     1.15132     7.14867     6.36383
         800         475     0.00719     1.08051     6.98735     6.25292
         800         500     0.00668     1.09778     7.01904     6.27806
         800         525     0.00851     1.07023     6.97219     6.23841
         800         550     0.01130     1.06555     6.96581     6.23229
         800         575     0.01053     1.05882     6.95723     6.22408
         800         600     0.00900     1.07001     6.97188     6.23811
         800         625     0.00866     1.08653     6.99690     6.26206
         800         650     0.01066     1.07403     6.97763     6.24361
         800         675     0.01087     1.06862     6.96995     6.23626
         800         700     0.00713     1.04839     6.94544     6.21279
         800         725     0.00748     1.06086     6.95975     6.22649
         800         750     0.00670     1.07953     6.98584     6.25148
         800         775     0.00498     1.11310     7.05321     6.30066
         850         475     0.00602     1.07245     6.97534     6.24142
         850         500     0.00768     1.06850     6.96979     6.23611
         850         525     0.00746     1.10028     7.02443     6.28162
         850         550     0.00956     1.08101     6.98813     6.25366
         850         575     0.00892     1.05919     6.95767     6.22450
         850         600     0.01014     1.05312     6.95055     6.21768
         850         625     0.00959     1.05821     6.95648     6.22336
         850         650     0.00833     1.05169     6.94896     6.21616
         850         675     0.00900     1.05306     6.95047     6.21761
         850         700     0.01014     1.05042     6.94758     6.21484
         850         725     0.00983     1.05982     6.95845     6.22525
         850         750     0.00956     1.05290     6.95030     6.21744
         850         775     0.01095     1.06818     6.96935     6.23568
         850         800     0.00668     1.06526     6.96542     6.23192
         850         825     0.00657     1.13190     7.09858     6.33069
