         750         375     0.01038     1.11372     4.73704     4.53939
         750         400     0.01541     1.09210     4.70889     4.51132
         750         425     0.01223     1.09853     4.71691     4.51931
         750         450     0.01548     1.07545     4.69196     4.49399
         750         475     0.01730     1.06808     4.68542     4.48725
         750         500     0.01608     1.06961     4.68674     4.48861
         750         525     0.01669     1.07674     4.69315     4.49522
         750         550     0.01446     1.07727     4.69366     4.49574
         750         575     0.01557     1.04976     4.67147     4.47289
         750         600     0.01984     1.04991     4.67157     4.47299
         750         625     0.01670     1.05877     4.67789     4.47950
         750         650     0.01935     1.10701     4.72794     4.53032
         750         675     0.01653     1.12727     4.75625     4.55854
         750         700     0.01457     1.11032     4.73239     4.53475
         750         725     0.00936     1.14035     4.77576     4.57799
         800         375     0.01037     1.08665     4.70280     4.50516
         800         400     0.01254     1.09493     4.71238     4.51480
         800         425     0.01650     1.09499     4.71246     4.51487
         800         450     0.01543     1.09312     4.71014     4.51257
         800         475     0.01788     1.08599     4.70214     4.50447
         800         500     0.01843     1.07813     4.69446     4.49657
         800         525     0.01881     1.07132     4.68823     4.49016
         800         550     0.01880     1.05925     4.67826     4.47988
         800         575     0.01889     1.05647     4.67617     4.47773
         800         600     0.02088     1.07062     4.68762     4.48952
         800         625     0.01977     1.05276     4.67351     4.47499
         800         650     0.02085     1.05183     4.67287     4.47433
         800         675     0.02072     1.06268     4.68095     4.48265
         800         700     0.02086     1.09367     4.71082     4.51325
         800         725     0.01723     1.08688     4.70304     4.50540
         800         750     0.01223     1.10532     4.72570     4.52808
         800         775     0.00972     1.13957     4.77458     4.57681
         850         375     0.01118     1.09954     4.71818     4.52059
         850         400     0.01295     1.11558     4.73961     4.54195
         850         425     0.01434     1.08290     4.69906     4.50131
         850         450     0.01607     1.09316     4.71019     4.51262
         850         475     0.01763     1.09292     4.70990     4.51232
         850         500     0.01804     1.07707     4.69347     4.49555
         850         525     0.01583     1.07856     4.69486     4.49698
         850         550     0.02234     1.07413     4.69075     4.49275
         850         575     0.01917     1.07087     4.68784     4.48975
         850         600     0.01844     1.06575     4.68346     4.48524
         850         625     0.01783     1.06193     4.68035     4.48204
         850         650     0.02202     1.05659     4.67626     4.47782
         850         675     0.01827     1.06836     4.68566     4.48750
         850         700     0.02292     1.07344     4.69012     4.49210
         850         725     0.02143     1.06525     4.68304     4.48480
         850         750     0.02102     1.06689     4.68441     4.48621
         850         775     0.01789     1.09630     4.71408     4.51650
         850         800     0.01489     1.12400     4.75152     4.55382
         850         825     0.00954     1.11151     4.73400     4.53636
