         750         475     0.01518     1.08318     7.31106     7.77903
         750         500     0.01806     1.07188     7.29656     7.76292
         750         525     0.01889     1.06421     7.28760     7.75298
         750         550     0.01915     1.06193     7.28509     7.75019
         750         575     0.01665     1.05204     7.27506     7.73904
         750         600     0.01824     1.04531     7.26907     7.73240
         750         625     0.01594     1.06430     7.28770     7.75309
         750         650     0.01940     1.04941     7.27263     7.73635
         750         675     0.01912     1.07185     7.29652     7.76287
         750         700     0.01398     1.08367     7.31173     7.77977
         750         725     0.00740     1.11451     7.40092     7.86753
         800         475     0.01513     1.07558     7.30114     7.76801
         800         500     0.01401     1.06849     7.29250     7.75842
         800         525     0.01860     1.06605     7.28968     7.75528
         800         550     0.01890     1.06738     7.29121     7.75698
         800         575     0.02111     1.06047     7.28352     7.74844
         800         600     0.01629     1.06849     7.29250     7.75842
         800         625     0.02064     1.05613     7.27903     7.74346
         800         650     0.02066     1.05567     7.27858     7.74295
         800         675     0.02132     1.05360     7.27654     7.74069
         800         700     0.01827     1.06748     7.29132     7.75711
         800         725     0.01603     1.07101     7.29550     7.76174
         800         750     0.01374     1.08846     7.31833     7.78710
         800         775     0.00994     1.11141     7.39032     7.85723
         850         475     0.01505     1.07136     7.29592     7.76221
         850         500     0.01687     1.07179     7.29645     7.76280
         850         525     0.01735     1.07391     7.29905     7.76569
         850         550     0.01836     1.07428     7.29951     7.76620
         850         575     0.01705     1.06104     7.28413     7.74912
         850         600     0.01820     1.05672     7.27963     7.74412
         850         625     0.01850     1.05365     7.27659     7.74075
         850         650     0.01659     1.05417     7.27710     7.74131
         850         675     0.01800     1.05286     7.27584     7.73991
         850         700     0.02049     1.05503     7.27794     7.74225
         850         725     0.02023     1.05415     7.27708     7.74129
         850         750     0.01821     1.05535     7.27826     7.74260
         850         775     0.01891     1.07811     7.30436     7.77159
         850         800     0.01570     1.09405     7.33392     7.80242
         850         825     0.01019     1.13334     7.46852     7.93324
