         750         475     0.01374     1.08235     4.73784     4.47962
         750         500     0.01714     1.08274     4.73819     4.47995
         750         525     0.01781     1.07796     4.73386     4.47595
         750         550     0.01814     1.08989     4.74526     4.48641
         750         575     0.01580     1.06539     4.72336     4.46627
         750         600     0.01700     1.08183     4.73736     4.47918
         750         625     0.01481     1.07945     4.73519     4.47718
         750         650     0.01728     1.06134     4.72028     4.46343
         750         675     0.01683     1.14935     4.84398     4.57115
         750         700     0.01301     1.14675     4.83919     4.56704
         750         725     0.00622     1.14124     4.82914     4.55841
         800         475     0.01455     1.07205     4.72875     4.47124
         800         500     0.01282     1.08597     4.74122     4.48274
         800         525     0.01815     1.06874     4.72603     4.46873
         800         550     0.01789     1.06668     4.72438     4.46721
         800         575     0.02062     1.06639     4.72414     4.46699
         800         600     0.01577     1.07021     4.72723     4.46984
         800         625     0.01907     1.11408     4.78231     4.51822
         800         650     0.01869     1.07214     4.72883     4.47131
         800         675     0.01974     1.06585     4.72372     4.46660
         800         700     0.01652     1.08529     4.74058     4.48215
         800         725     0.01486     1.12236     4.79607     4.53003
         800         750     0.01226     1.13966     4.82630     4.55597
         800         775     0.00895     1.13174     4.81224     4.54391
         850         475     0.01463     1.07581     4.73197     4.47421
         850         500     0.01618     1.07010     4.72713     4.46975
         850         525     0.01702     1.07495     4.73123     4.47353
         850         550     0.01785     1.08667     4.74189     4.48336
         850         575     0.01633     1.06744     4.72498     4.46776
         850         600     0.01739     1.06250     4.72114     4.46423
         850         625     0.01732     1.05342     4.71471     4.45830
         850         650     0.01577     1.05474     4.71559     4.45911
         850         675     0.01719     1.05240     4.71404     4.45768
         850         700     0.01982     1.05640     4.71673     4.46016
         850         725     0.01835     1.07660     4.73266     4.47485
         850         750     0.01688     1.07660     4.73266     4.47485
         850         775     0.01729     1.10308     4.76483     4.50321
         850         800     0.01443     1.12231     4.79600     4.52997
         850         825     0.00902     1.17228     4.89029     4.60989
