         750         475     0.00718     1.15823     2.77940     2.88183
         750         500     0.00727     1.13696     2.78392     2.87599
         750         525     0.00739     1.14840     2.78152     2.87909
         750         550     0.00716     1.12927     2.78548     2.87397
         750         575     0.00634     1.18090     2.77867     2.88983
         750         600     0.00955     1.12113     2.78709     2.87189
         750         625     0.00635     1.11343     2.78857     2.86999
         750         650     0.00645     1.12768     2.78580     2.87356
         750         675     0.00558     1.16162     2.77906     2.88292
         750         700     0.00351     1.21256     2.77799     2.90164
         750         725     0.00098     1.14493     2.78226     2.87814
         800         475     0.00559     1.13770     2.78377     2.87619
         800         500     0.00538     1.12781     2.78578     2.87359
         800         525     0.00846     1.12242     2.78684     2.87222
         800         550     0.00750     1.12702     2.78593     2.87339
         800         575     0.00996     1.11319     2.78861     2.86993
         800         600     0.00757     1.10850     2.78948     2.86880
         800         625     0.00815     1.14787     2.78164     2.87894
         800         650     0.00730     1.12298     2.78673     2.87236
         800         675     0.00840     1.11904     2.78750     2.87137
         800         700     0.00722     1.09726     2.79148     2.86622
         800         725     0.00583     1.13065     2.78521     2.87433
         800         750     0.00517     1.16821     2.77893     2.88525
         800         775     0.00190     1.14578     2.78208     2.87837
         850         475     0.00662     1.14224     2.78282     2.87741
         850         500     0.00569     1.13497     2.78433     2.87546
         850         525     0.00692     1.16086     2.77907     2.88266
         850         550     0.00645     1.14022     2.78324     2.87686
         850         575     0.00581     1.14883     2.78143     2.87921
         850         600     0.00750     1.11811     2.78768     2.87114
         850         625     0.00849     1.13429     2.78447     2.87528
         850         650     0.00768     1.11319     2.78861     2.86993
         850         675     0.00835     1.10408     2.79028     2.86777
         850         700     0.00822     1.11549     2.78818     2.87049
         850         725     0.00880     1.13327     2.78468     2.87501
         850         750     0.00796     1.13635     2.78405     2.87583
         850         775     0.00757     1.15575     2.77994     2.88113
         850         800     0.00412     1.23507     2.78151     2.91721
         850         825     0.00135     1.16259     2.77904     2.88327
