tb  1  0     0.0    0.0    1.0  150.0  150.0  0.907  35.0     0.782E-03  53.1     0.693E-03 1.5182  35.0      53.1    
tb  1  0     0.0    0.0    1.0  160.0  160.0  0.907  25.0     0.782E-03  38.2     0.690E-03 1.5287  25.0      38.2    
tb  1  0     0.0    0.0    1.0  170.0  170.0  0.907  18.1     0.782E-03  27.9     0.687E-03 1.5397  18.2      28.0    
tb  1  0     0.0    0.0    1.0  180.0  180.0  0.907  13.4     0.782E-03  20.7     0.684E-03 1.5497  13.4      20.7    
tb  1  0     0.0    0.0    1.0  190.0  190.0  0.907  9.98     0.782E-03  15.6     0.682E-03 1.5596  9.99      15.6    
tb  1  0     0.0    0.0    1.0  200.0  200.0  0.907  7.55     0.782E-03  11.8     0.679E-03 1.5687  7.55      11.8    
tb  1  0     0.0    0.0    1.0  210.0  210.0  0.907  5.76     0.782E-03  9.10     0.676E-03 1.5794  5.77      9.11    
tb  1  0     0.0    0.0    1.0  220.0  220.0  0.907  4.45     0.782E-03  7.06     0.674E-03 1.5885  4.45      7.07    
tb  1  0     0.0    0.0    1.0  230.0  230.0  0.907  3.46     0.782E-03  5.53     0.671E-03 1.5971  3.46      5.53    
tb  1  0     0.0    0.0    1.0  240.0  240.0  0.907  2.72     0.782E-03  4.36     0.669E-03 1.6057  2.72      4.37    
tb  1  0     0.0    0.0    1.0  250.0  250.0  0.907  2.15     0.782E-03  3.47     0.667E-03 1.6140  2.15      3.47    
tb  1  0     0.0    0.0    1.0  260.0  260.0  0.907  1.71     0.782E-03  2.78     0.665E-03 1.6222  1.71      2.78    
tb  1  0     0.0    0.0    1.0  270.0  270.0  0.907  1.37     0.783E-03  2.24     0.663E-03 1.6301  1.37      2.24    
tb  1  0     0.0    0.0    1.0  280.0  280.0  0.907  1.11     0.783E-03  1.81     0.662E-03 1.6381  1.11      1.81    
tb  1  0     0.0    0.0    1.0  290.0  290.0  0.907 0.897     0.783E-03  1.47     0.661E-03 1.6376 0.897      1.47    
tb  1  0     0.0    0.0    1.0  300.0  300.0  0.907 0.731     0.783E-03  1.20     0.659E-03 1.6450 0.732      1.20    
tb  1  0     0.0    0.0    1.0  310.0  310.0  0.907 0.599     0.783E-03 0.995     0.657E-03 1.6610 0.599     0.996    
tb  1  0     0.0    0.0    1.0  320.0  320.0  0.907 0.493     0.783E-03 0.823     0.655E-03 1.6684 0.493     0.823    
tb  1  0     0.0    0.0    1.0  330.0  330.0  0.907 0.408     0.783E-03 0.683     0.653E-03 1.6757 0.408     0.683    
tb  1  0     0.0    0.0    1.0  340.0  340.0  0.907 0.338     0.784E-03 0.566     0.652E-03 1.6735 0.338     0.566    
tb  1  0     0.0    0.0    1.0  350.0  350.0  0.907 0.282     0.784E-03 0.474     0.651E-03 1.6805 0.282     0.474    
tb  1  0     0.0    0.0    1.0  360.0  360.0  0.907 0.236     0.784E-03 0.398     0.649E-03 1.6874 0.236     0.398    
tb  1  0     0.0    0.0    1.0  370.0  370.0  0.907 0.198     0.784E-03 0.335     0.647E-03 1.6943 0.198     0.335    
tb  1  0     0.0    0.0    1.0  380.0  380.0  0.907 0.166     0.784E-03 0.285     0.644E-03 1.7116 0.166     0.285    
tb  1  0     0.0    0.0    1.0  390.0  390.0  0.907 0.140     0.784E-03 0.241     0.642E-03 1.7187 0.141     0.242    
tb  1  0     0.0    0.0    1.0  400.0  400.0  0.907 0.119     0.784E-03 0.205     0.640E-03 1.7259 0.119     0.205    
tb  1  0     0.0    0.0    1.0  410.0  410.0  0.907 0.101     0.784E-03 0.176     0.638E-03 1.7391 0.101     0.176    
tb  1  0     0.0    0.0    1.0  420.0  420.0  0.907 0.860E-01 0.784E-03 0.150     0.636E-03 1.7462 0.860E-01 0.150    
tb  1  0     0.0    0.0    1.0  430.0  430.0  0.907 0.734E-01 0.784E-03 0.129     0.635E-03 1.7537 0.734E-01 0.129    
tb  1  0     0.0    0.0    1.0  440.0  440.0  0.907 0.628E-01 0.784E-03 0.111     0.633E-03 1.7610 0.628E-01 0.111    
tb  1  0     0.0    0.0    1.0  450.0  450.0  0.907 0.538E-01 0.784E-03 0.952E-01 0.631E-03 1.7680 0.538E-01 0.952E-01
tb  1  0     0.0    0.0    1.0  460.0  460.0  0.907 0.462E-01 0.784E-03 0.821E-01 0.630E-03 1.7756 0.463E-01 0.821E-01
tb  1  0     0.0    0.0    1.0  470.0  470.0  0.907 0.398E-01 0.784E-03 0.710E-01 0.629E-03 1.7830 0.398E-01 0.710E-01
tb  1  0     0.0    0.0    1.0  480.0  480.0  0.907 0.343E-01 0.784E-03 0.615E-01 0.627E-03 1.7905 0.344E-01 0.615E-01
tb  1  0     0.0    0.0    1.0  490.0  490.0  0.907 0.297E-01 0.784E-03 0.534E-01 0.626E-03 1.7980 0.297E-01 0.534E-01
tb  1  0     0.0    0.0    1.0  500.0  500.0  0.907 0.257E-01 0.784E-03 0.464E-01 0.625E-03 1.8057 0.257E-01 0.464E-01
tb  1  0     0.0    0.0    1.0  510.0  510.0  0.907 0.223E-01 0.784E-03 0.404E-01 0.623E-03 1.8130 0.223E-01 0.404E-01
tb  1  0     0.0    0.0    1.0  520.0  520.0  0.907 0.194E-01 0.784E-03 0.353E-01 0.622E-03 1.8210 0.194E-01 0.353E-01
tb  1  0     0.0    0.0    1.0  530.0  530.0  0.907 0.169E-01 0.784E-03 0.308E-01 0.621E-03 1.8289 0.169E-01 0.308E-01
tb  1  0     0.0    0.0    1.0  540.0  540.0  0.907 0.147E-01 0.784E-03 0.270E-01 0.619E-03 1.8370 0.147E-01 0.270E-01
tb  1  0     0.0    0.0    1.0  550.0  550.0  0.907 0.128E-01 0.784E-03 0.236E-01 0.618E-03 1.8451 0.128E-01 0.237E-01
tb  1  0     0.0    0.0    1.0  560.0  560.0  0.907 0.112E-01 0.784E-03 0.208E-01 0.617E-03 1.8533 0.112E-01 0.208E-01
tb  1  0     0.0    0.0    1.0  570.0  570.0  0.907 0.980E-02 0.785E-03 0.182E-01 0.616E-03 1.8611 0.980E-02 0.182E-01
tb  1  0     0.0    0.0    1.0  580.0  580.0  0.907 0.859E-02 0.785E-03 0.159E-01 0.615E-03 1.8564 0.859E-02 0.159E-01
tb  1  0     0.0    0.0    1.0  590.0  590.0  0.907 0.753E-02 0.785E-03 0.141E-01 0.692E-03 1.8668 0.754E-02 0.141E-01
tb  1  0     0.0    0.0    1.0  600.0  600.0  0.907 0.662E-02 0.785E-03 0.124E-01 0.628E-03 1.8743 0.662E-02 0.124E-01
tb  1  0     0.0    0.0    1.0  610.0  610.0  0.907 0.582E-02 0.785E-03 0.110E-01 0.611E-03 1.8820 0.582E-02 0.110E-01
tb  1  0     0.0    0.0    1.0  620.0  620.0  0.907 0.512E-02 0.785E-03 0.968E-02 0.610E-03 1.8903 0.512E-02 0.968E-02
tb  1  0     0.0    0.0    1.0  630.0  630.0  0.907 0.451E-02 0.785E-03 0.857E-02 0.609E-03 1.8993 0.451E-02 0.857E-02
tb  1  0     0.0    0.0    1.0  640.0  640.0  0.907 0.398E-02 0.785E-03 0.761E-02 0.773E-03 1.9108 0.398E-02 0.761E-02
tb  1  0     0.0    0.0    1.0  650.0  650.0  0.907 0.351E-02 0.785E-03 0.674E-02 0.620E-03 1.9176 0.352E-02 0.674E-02
tb  1  0     0.0    0.0    1.0  660.0  660.0  0.907 0.311E-02 0.785E-03 0.598E-02 0.606E-03 1.9263 0.311E-02 0.599E-02
tb  1  0     0.0    0.0    1.0  670.0  670.0  0.907 0.275E-02 0.785E-03 0.532E-02 0.605E-03 1.9362 0.275E-02 0.532E-02
tb  1  0     0.0    0.0    1.0  680.0  680.0  0.907 0.243E-02 0.785E-03 0.473E-02 0.648E-03 1.9461 0.243E-02 0.474E-02
tb  1  0     0.0    0.0    1.0  690.0  690.0  0.907 0.216E-02 0.785E-03 0.425E-02 0.603E-03 1.9719 0.216E-02 0.425E-02
tb  1  0     0.0    0.0    1.0  700.0  700.0  0.907 0.191E-02 0.785E-03 0.379E-02 0.602E-03 1.9817 0.191E-02 0.379E-02
tb  1  0     0.0    0.0    1.0  710.0  710.0  0.907 0.170E-02 0.785E-03 0.338E-02 0.601E-03 1.9919 0.170E-02 0.338E-02
tb  1  0     0.0    0.0    1.0  720.0  720.0  0.907 0.151E-02 0.785E-03 0.302E-02 0.600E-03 2.0025 0.151E-02 0.302E-02
tb  1  0     0.0    0.0    1.0  730.0  730.0  0.907 0.134E-02 0.786E-03 0.270E-02 0.599E-03 2.0135 0.134E-02 0.270E-02
tb  1  0     0.0    0.0    1.0  740.0  740.0  0.907 0.119E-02 0.786E-03 0.241E-02 0.598E-03 2.0249 0.119E-02 0.241E-02
tb  1  0     0.0    0.0    1.0  750.0  750.0  0.907 0.106E-02 0.786E-03 0.216E-02 0.598E-03 2.0353 0.106E-02 0.216E-02
tb  1  0     0.0    0.0    1.0  760.0  760.0  0.907 0.944E-03 0.786E-03 0.193E-02 0.597E-03 2.0468 0.944E-03 0.193E-02
tb  1  0     0.0    0.0    1.0  770.0  770.0  0.907 0.841E-03 0.786E-03 0.173E-02 0.596E-03 2.0576 0.842E-03 0.173E-02
tb  1  0     0.0    0.0    1.0  780.0  780.0  0.907 0.750E-03 0.786E-03 0.155E-02 0.595E-03 2.0690 0.750E-03 0.155E-02
tb  1  0     0.0    0.0    1.0  790.0  790.0  0.907 0.669E-03 0.786E-03 0.139E-02 0.594E-03 2.0823 0.669E-03 0.139E-02
tb  1  0     0.0    0.0    1.0  800.0  800.0  0.907 0.597E-03 0.786E-03 0.125E-02 0.593E-03 2.0931 0.598E-03 0.125E-02
tb  1  0     0.0    0.0    1.0  810.0  810.0  0.907 0.534E-03 0.786E-03 0.112E-02 0.592E-03 2.1057 0.534E-03 0.112E-02
tb  1  0     0.0    0.0    1.0  820.0  820.0  0.907 0.477E-03 0.786E-03 0.100E-02 0.958E-03 2.1025 0.477E-03 0.100E-02
tb  1  0     0.0    0.0    1.0  830.0  830.0  0.907 0.426E-03 0.786E-03 0.906E-03 0.136E-02 2.1241 0.426E-03 0.906E-03
tb  1  0     0.0    0.0    1.0  840.0  840.0  0.907 0.381E-03 0.786E-03 0.811E-03 0.690E-03 2.1265 0.381E-03 0.811E-03
tb  1  0     0.0    0.0    1.0  850.0  850.0  0.907 0.341E-03 0.786E-03 0.730E-03 0.629E-03 2.1389 0.341E-03 0.730E-03
tb  1  0     0.0    0.0    1.0  860.0  860.0  0.907 0.306E-03 0.786E-03 0.657E-03 0.636E-03 2.1515 0.306E-03 0.658E-03
tb  1  0     0.0    0.0    1.0  870.0  870.0  0.907 0.274E-03 0.786E-03 0.593E-03 0.615E-03 2.1654 0.274E-03 0.593E-03
tb  1  0     0.0    0.0    1.0  880.0  880.0  0.907 0.245E-03 0.787E-03 0.534E-03 0.587E-03 2.1782 0.245E-03 0.534E-03
tb  1  0     0.0    0.0    1.0  890.0  890.0  0.907 0.220E-03 0.787E-03 0.482E-03 0.586E-03 2.1913 0.220E-03 0.482E-03
tb  1  0     0.0    0.0    1.0  900.0  900.0  0.907 0.197E-03 0.787E-03 0.435E-03 0.585E-03 2.2060 0.197E-03 0.435E-03
tb  1  0     0.0    0.0    1.0  910.0  910.0  0.907 0.177E-03 0.787E-03 0.393E-03 0.585E-03 2.2221 0.177E-03 0.393E-03
tb  1  0     0.0    0.0    1.0  920.0  920.0  0.907 0.159E-03 0.787E-03 0.355E-03 0.628E-03 2.2357 0.159E-03 0.355E-03
tb  1  0     0.0    0.0    1.0  930.0  930.0  0.907 0.142E-03 0.787E-03 0.321E-03 0.606E-03 2.2497 0.143E-03 0.321E-03
tb  1  0     0.0    0.0    1.0  940.0  940.0  0.907 0.128E-03 0.787E-03 0.290E-03 0.725E-03 2.2696 0.128E-03 0.291E-03
tb  1  0     0.0    0.0    1.0  950.0  950.0  0.907 0.115E-03 0.787E-03 0.262E-03 0.835E-03 2.2835 0.115E-03 0.263E-03
tb  1  0     0.0    0.0    1.0  960.0  960.0  0.907 0.103E-03 0.787E-03 0.238E-03 0.784E-03 2.3013 0.103E-03 0.238E-03
tb  1  0     0.0    0.0    1.0  970.0  970.0  0.907 0.928E-04 0.787E-03 0.215E-03 0.720E-03 2.3185 0.929E-04 0.215E-03
tb  1  0     0.0    0.0    1.0  980.0  980.0  0.907 0.835E-04 0.787E-03 0.195E-03 0.745E-03 2.3341 0.835E-04 0.195E-03
tb  1  0     0.0    0.0    1.0  990.0  990.0  0.907 0.751E-04 0.787E-03 0.176E-03 0.579E-03 2.3470 0.751E-04 0.176E-03
tb  1  0     0.0    0.0    1.0 1000.0 1000.0  0.907 0.675E-04 0.787E-03 0.160E-03 0.579E-03 2.3624 0.675E-04 0.160E-03
tb  1  0     0.0    0.0    1.0 1010.0 1010.0  0.907 0.608E-04 0.787E-03 0.145E-03 0.578E-03 2.3801 0.608E-04 0.145E-03
tb  1  0     0.0    0.0    1.0 1020.0 1020.0  0.907 0.547E-04 0.787E-03 0.131E-03 0.578E-03 2.4001 0.547E-04 0.131E-03
tb  1  0     0.0    0.0    1.0 1030.0 1030.0  0.907 0.492E-04 0.787E-03 0.119E-03 0.598E-03 2.4153 0.492E-04 0.119E-03
tb  1  0     0.0    0.0    1.0 1040.0 1040.0  0.907 0.443E-04 0.787E-03 0.108E-03 0.661E-03 2.4370 0.443E-04 0.108E-03
tb  1  0     0.0    0.0    1.0 1050.0 1050.0  0.907 0.399E-04 0.787E-03 0.982E-04 0.142E-02 2.4605 0.399E-04 0.982E-04
tb  1  0     0.0    0.0    1.0 1060.0 1060.0  0.907 0.359E-04 0.787E-03 0.890E-04 0.716E-03 2.4748 0.360E-04 0.890E-04
tb  1  0     0.0    0.0    1.0 1070.0 1070.0  0.907 0.324E-04 0.787E-03 0.808E-04 0.799E-03 2.4964 0.324E-04 0.809E-04
tb  1  0     0.0    0.0    1.0 1080.0 1080.0  0.907 0.292E-04 0.787E-03 0.733E-04 0.688E-03 2.5125 0.292E-04 0.733E-04
tb  1  0     0.0    0.0    1.0 1090.0 1090.0  0.907 0.263E-04 0.787E-03 0.666E-04 0.574E-03 2.5316 0.263E-04 0.666E-04
tb  1  0     0.0    0.0    1.0 1100.0 1100.0  0.907 0.237E-04 0.787E-03 0.604E-04 0.585E-03 2.5498 0.237E-04 0.605E-04
tb  1  0     0.0    0.0    1.0 1110.0 1110.0  0.907 0.214E-04 0.787E-03 0.550E-04 0.573E-03 2.5721 0.214E-04 0.550E-04
tb  1  0     0.0    0.0    1.0 1120.0 1120.0  0.907 0.193E-04 0.787E-03 0.500E-04 0.572E-03 2.5945 0.193E-04 0.500E-04
tb  1  0     0.0    0.0    1.0 1130.0 1130.0  0.907 0.174E-04 0.787E-03 0.454E-04 0.583E-03 2.6132 0.174E-04 0.454E-04
tb  1  0     0.0    0.0    1.0 1140.0 1140.0  0.907 0.157E-04 0.787E-03 0.413E-04 0.621E-03 2.6361 0.157E-04 0.413E-04
tb  1  0     0.0    0.0    1.0 1150.0 1150.0  0.907 0.141E-04 0.787E-03 0.376E-04 0.627E-03 2.6610 0.141E-04 0.376E-04
tb  1  0     0.0    0.0    1.0 1160.0 1160.0  0.907 0.127E-04 0.787E-03 0.342E-04 0.581E-03 2.6842 0.127E-04 0.342E-04
tb  1  0     0.0    0.0    1.0 1170.0 1170.0  0.907 0.115E-04 0.787E-03 0.311E-04 0.612E-03 2.7049 0.115E-04 0.311E-04
tb  1  0     0.0    0.0    1.0 1180.0 1180.0  0.907 0.104E-04 0.787E-03 0.283E-04 0.568E-03 2.7284 0.104E-04 0.283E-04
tb  1  0     0.0    0.0    1.0 1190.0 1190.0  0.907 0.935E-05 0.788E-03 0.258E-04 0.725E-03 2.7549 0.936E-05 0.258E-04
tb  1  0     0.0    0.0    1.0 1200.0 1200.0  0.907 0.844E-05 0.788E-03 0.235E-04 0.684E-03 2.7795 0.844E-05 0.235E-04
tb  1  0     0.0    0.0    1.0 1210.0 1210.0  0.907 0.762E-05 0.788E-03 0.214E-04 0.726E-03 2.8065 0.762E-05 0.214E-04
tb  1  0     0.0    0.0    1.0 1220.0 1220.0  0.907 0.687E-05 0.788E-03 0.195E-04 0.953E-03 2.8353 0.687E-05 0.195E-04
tb  1  0     0.0    0.0    1.0 1230.0 1230.0  0.907 0.620E-05 0.788E-03 0.177E-04 0.564E-03 2.8482 0.620E-05 0.177E-04
tb  1  0     0.0    0.0    1.0 1240.0 1240.0  0.907 0.560E-05 0.788E-03 0.161E-04 0.564E-03 2.8794 0.560E-05 0.161E-04
tb  1  0     0.0    0.0    1.0 1250.0 1250.0  0.907 0.505E-05 0.788E-03 0.147E-04 0.575E-03 2.9048 0.505E-05 0.147E-04
tb  1  0     0.0    0.0    1.0 1260.0 1260.0  0.907 0.456E-05 0.788E-03 0.134E-04 0.562E-03 2.9314 0.456E-05 0.134E-04
tb  1  0     0.0    0.0    1.0 1270.0 1270.0  0.907 0.411E-05 0.788E-03 0.122E-04 0.561E-03 2.9584 0.411E-05 0.122E-04
tb  1  0     0.0    0.0    1.0 1280.0 1280.0  0.907 0.371E-05 0.788E-03 0.111E-04 0.560E-03 2.9915 0.371E-05 0.111E-04
tb  1  0     0.0    0.0    1.0 1290.0 1290.0  0.907 0.335E-05 0.788E-03 0.101E-04 0.579E-03 3.0187 0.335E-05 0.101E-04
tb  1  0     0.0    0.0    1.0 1300.0 1300.0  0.907 0.302E-05 0.788E-03 0.921E-05 0.577E-03 3.0450 0.302E-05 0.921E-05
tb  1  0     0.0    0.0    1.0 1310.0 1310.0  0.907 0.273E-05 0.788E-03 0.839E-05 0.600E-03 3.0742 0.273E-05 0.839E-05
tb  1  0     0.0    0.0    1.0 1320.0 1320.0  0.907 0.246E-05 0.788E-03 0.766E-05 0.720E-03 3.1102 0.246E-05 0.766E-05
tb  1  0     0.0    0.0    1.0 1330.0 1330.0  0.907 0.222E-05 0.788E-03 0.696E-05 0.557E-03 3.1346 0.222E-05 0.697E-05
tb  1  0     0.0    0.0    1.0 1340.0 1340.0  0.907 0.201E-05 0.788E-03 0.635E-05 0.556E-03 3.1685 0.201E-05 0.636E-05
tb  1  0     0.0    0.0    1.0 1350.0 1350.0  0.907 0.181E-05 0.788E-03 0.579E-05 0.639E-03 3.1999 0.181E-05 0.579E-05
tb  1  0     0.0    0.0    1.0 1360.0 1360.0  0.907 0.163E-05 0.788E-03 0.528E-05 0.555E-03 3.2360 0.163E-05 0.528E-05
tb  1  0     0.0    0.0    1.0 1370.0 1370.0  0.907 0.147E-05 0.788E-03 0.481E-05 0.624E-03 3.2661 0.147E-05 0.481E-05
tb  1  0     0.0    0.0    1.0 1380.0 1380.0  0.907 0.133E-05 0.788E-03 0.438E-05 0.553E-03 3.2990 0.133E-05 0.439E-05
tb  1  0     0.0    0.0    1.0 1390.0 1390.0  0.907 0.120E-05 0.788E-03 0.399E-05 0.553E-03 3.3315 0.120E-05 0.400E-05
tb  1  0     0.0    0.0    1.0 1400.0 1400.0  0.907 0.108E-05 0.788E-03 0.364E-05 0.552E-03 3.3685 0.108E-05 0.364E-05
tb  1  0     0.0    0.0    1.0 1410.0 1410.0  0.907 0.975E-06 0.788E-03 0.332E-05 0.552E-03 3.4012 0.976E-06 0.332E-05
tb  1  0     0.0    0.0    1.0 1420.0 1420.0  0.907 0.880E-06 0.788E-03 0.303E-05 0.552E-03 3.4459 0.880E-06 0.303E-05
tb  1  0     0.0    0.0    1.0 1430.0 1430.0  0.907 0.793E-06 0.788E-03 0.276E-05 0.550E-03 3.4824 0.794E-06 0.276E-05
tb  1  0     0.0    0.0    1.0 1440.0 1440.0  0.907 0.715E-06 0.788E-03 0.252E-05 0.549E-03 3.5205 0.716E-06 0.252E-05
tb  1  0     0.0    0.0    1.0 1450.0 1450.0  0.907 0.645E-06 0.788E-03 0.230E-05 0.692E-03 3.5609 0.645E-06 0.230E-05
tb  1  0     0.0    0.0    1.0 1460.0 1460.0  0.907 0.582E-06 0.788E-03 0.209E-05 0.548E-03 3.5936 0.582E-06 0.209E-05
tb  1  0     0.0    0.0    1.0 1470.0 1470.0  0.907 0.524E-06 0.788E-03 0.191E-05 0.546E-03 3.6339 0.524E-06 0.191E-05
tb  1  0     0.0    0.0    1.0 1480.0 1480.0  0.907 0.473E-06 0.788E-03 0.173E-05 0.546E-03 3.6710 0.473E-06 0.174E-05
tb  1  0     0.0    0.0    1.0 1490.0 1490.0  0.907 0.426E-06 0.788E-03 0.159E-05 0.545E-03 3.7241 0.426E-06 0.159E-05
tb  1  0     0.0    0.0    1.0 1500.0 1500.0  0.907 0.384E-06 0.788E-03 0.144E-05 0.544E-03 3.7652 0.384E-06 0.145E-05
tb  1  0     0.0    0.0    1.0 1510.0 1510.0  0.907 0.346E-06 0.788E-03 0.132E-05 0.543E-03 3.8071 0.347E-06 0.132E-05
tb  1  0     0.0    0.0    1.0 1520.0 1520.0  0.907 0.313E-06 0.788E-03 0.120E-05 0.542E-03 3.8481 0.313E-06 0.120E-05
tb  1  0     0.0    0.0    1.0 1530.0 1530.0  0.907 0.282E-06 0.788E-03 0.110E-05 0.542E-03 3.8935 0.282E-06 0.110E-05
tb  1  0     0.0    0.0    1.0 1540.0 1540.0  0.907 0.255E-06 0.788E-03 0.100E-05 0.541E-03 3.9369 0.255E-06 0.100E-05
tb  1  0     0.0    0.0    1.0 1550.0 1550.0  0.907 0.230E-06 0.788E-03 0.914E-06 0.540E-03 3.9813 0.230E-06 0.915E-06
tb  1  0     0.0    0.0    1.0 1560.0 1560.0  0.907 0.207E-06 0.787E-03 0.837E-06 0.538E-03 4.0400 0.207E-06 0.837E-06
tb  1  0     0.0    0.0    1.0 1570.0 1570.0  0.907 0.187E-06 0.787E-03 0.764E-06 0.538E-03 4.0889 0.187E-06 0.764E-06
tb  1  0     0.0    0.0    1.0 1580.0 1580.0  0.907 0.168E-06 0.787E-03 0.697E-06 0.536E-03 4.1367 0.169E-06 0.697E-06
tb  1  0     0.0    0.0    1.0 1590.0 1590.0  0.907 0.152E-06 0.787E-03 0.635E-06 0.536E-03 4.1844 0.152E-06 0.636E-06
tb  1  0     0.0    0.0    1.0 1600.0 1600.0  0.907 0.137E-06 0.787E-03 0.579E-06 0.535E-03 4.2340 0.137E-06 0.580E-06
tb  1  0     0.0    0.0    1.0 1610.0 1610.0  0.907 0.123E-06 0.787E-03 0.529E-06 0.534E-03 4.2854 0.123E-06 0.529E-06
tb  1  0     0.0    0.0    1.0 1620.0 1620.0  0.907 0.111E-06 0.787E-03 0.483E-06 0.533E-03 4.3455 0.111E-06 0.483E-06
tb  1  0     0.0    0.0    1.0 1630.0 1630.0  0.907 0.100E-06 0.787E-03 0.441E-06 0.532E-03 4.4046 0.100E-06 0.441E-06
tb  1  0     0.0    0.0    1.0 1640.0 1640.0  0.907 0.901E-07 0.787E-03 0.402E-06 0.784E-03 4.4652 0.902E-07 0.403E-06
tb  1  0     0.0    0.0    1.0 1650.0 1650.0  0.907 0.811E-07 0.787E-03 0.366E-06 0.551E-03 4.5137 0.812E-07 0.366E-06
tb  1  0     0.0    0.0    1.0 1660.0 1660.0  0.907 0.730E-07 0.787E-03 0.335E-06 0.777E-03 4.5888 0.731E-07 0.335E-06
tb  1  0     0.0    0.0    1.0 1670.0 1670.0  0.907 0.657E-07 0.787E-03 0.307E-06 0.254E-02 4.6701 0.658E-07 0.307E-06
tb  1  0     0.0    0.0    1.0 1680.0 1680.0  0.907 0.591E-07 0.787E-03 0.280E-06 0.232E-02 4.7342 0.592E-07 0.280E-06
tb  1  0     0.0    0.0    1.0 1690.0 1690.0  0.907 0.532E-07 0.787E-03 0.259E-06 0.487E-02 4.8725 0.532E-07 0.259E-06
tb  1  0     0.0    0.0    1.0 1700.0 1700.0  0.907 0.478E-07 0.787E-03 0.232E-06 0.779E-03 4.8461 0.478E-07 0.232E-06
tb  1  0     0.0    0.0    1.0 1710.0 1710.0  0.907 0.430E-07 0.787E-03 0.216E-06 0.443E-02 5.0254 0.430E-07 0.216E-06
tb  1  0     0.0    0.0    1.0 1720.0 1720.0  0.907 0.386E-07 0.787E-03 0.196E-06 0.353E-02 5.0767 0.387E-07 0.196E-06
tb  1  0     0.0    0.0    1.0 1730.0 1730.0  0.907 0.347E-07 0.787E-03 0.175E-06 0.524E-03 5.0396 0.347E-07 0.175E-06
tb  1  0     0.0    0.0    1.0 1740.0 1740.0  0.907 0.312E-07 0.787E-03 0.159E-06 0.523E-03 5.1120 0.312E-07 0.159E-06
tb  1  0     0.0    0.0    1.0 1750.0 1750.0  0.907 0.280E-07 0.786E-03 0.145E-06 0.523E-03 5.1902 0.280E-07 0.145E-06
tb  1  0     0.0    0.0    1.0 1760.0 1760.0  0.907 0.251E-07 0.786E-03 0.132E-06 0.522E-03 5.2627 0.251E-07 0.132E-06
tb  1  0     0.0    0.0    1.0 1770.0 1770.0  0.907 0.226E-07 0.786E-03 0.120E-06 0.521E-03 5.3370 0.226E-07 0.120E-06
tb  1  0     0.0    0.0    1.0 1780.0 1780.0  0.907 0.202E-07 0.786E-03 0.110E-06 0.519E-03 5.4377 0.202E-07 0.110E-06
tb  1  0     0.0    0.0    1.0 1790.0 1790.0  0.907 0.181E-07 0.786E-03 0.100E-06 0.518E-03 5.5176 0.182E-07 0.100E-06
tb  1  0     0.0    0.0    1.0 1800.0 1800.0  0.907 0.163E-07 0.786E-03 0.911E-07 0.517E-03 5.6020 0.163E-07 0.912E-07
tb  1  0     0.0    0.0    1.0 1810.0 1810.0  0.907 0.146E-07 0.786E-03 0.830E-07 0.516E-03 5.6895 0.146E-07 0.830E-07
tb  1  0     0.0    0.0    1.0 1820.0 1820.0  0.907 0.131E-07 0.786E-03 0.754E-07 0.515E-03 5.7749 0.131E-07 0.755E-07
tb  1  0     0.0    0.0    1.0 1830.0 1830.0  0.907 0.117E-07 0.786E-03 0.686E-07 0.514E-03 5.8659 0.117E-07 0.687E-07
tb  1  0     0.0    0.0    1.0 1840.0 1840.0  0.907 0.105E-07 0.786E-03 0.624E-07 0.513E-03 5.9562 0.105E-07 0.624E-07
tb  1  0     0.0    0.0    1.0 1850.0 1850.0  0.907 0.938E-08 0.785E-03 0.567E-07 0.512E-03 6.0504 0.938E-08 0.568E-07
tb  1  0     0.0    0.0    1.0 1860.0 1860.0  0.907 0.839E-08 0.785E-03 0.516E-07 0.511E-03 6.1464 0.839E-08 0.516E-07
tb  1  0     0.0    0.0    1.0 1870.0 1870.0  0.907 0.750E-08 0.785E-03 0.485E-07 0.519E-03 6.4573 0.751E-08 0.485E-07
tb  1  0     0.0    0.0    1.0 1880.0 1880.0  0.907 0.671E-08 0.785E-03 0.425E-07 0.509E-03 6.3423 0.671E-08 0.426E-07
tb  1  0     0.0    0.0    1.0 1890.0 1890.0  0.907 0.600E-08 0.785E-03 0.388E-07 0.508E-03 6.4688 0.600E-08 0.388E-07
tb  1  0     0.0    0.0    1.0 1900.0 1900.0  0.907 0.536E-08 0.785E-03 0.352E-07 0.512E-03 6.5777 0.536E-08 0.353E-07
tb  1  0     0.0    0.0    1.0 1910.0 1910.0  0.907 0.478E-08 0.785E-03 0.320E-07 0.505E-03 6.6858 0.479E-08 0.320E-07
tb  1  0     0.0    0.0    1.0 1920.0 1920.0  0.907 0.427E-08 0.784E-03 0.290E-07 0.547E-03 6.7988 0.427E-08 0.290E-07
tb  1  0     0.0    0.0    1.0 1930.0 1930.0  0.907 0.381E-08 0.784E-03 0.264E-07 0.634E-03 6.9199 0.381E-08 0.264E-07
tb  1  0     0.0    0.0    1.0 1940.0 1940.0  0.907 0.340E-08 0.784E-03 0.239E-07 0.509E-03 7.0289 0.340E-08 0.239E-07
tb  1  0     0.0    0.0    1.0 1950.0 1950.0  0.907 0.303E-08 0.784E-03 0.217E-07 0.902E-03 7.1734 0.303E-08 0.218E-07
tb  1  0     0.0    0.0    1.0 1960.0 1960.0  0.907 0.270E-08 0.784E-03 0.197E-07 0.798E-03 7.2995 0.270E-08 0.197E-07
tb  1  0     0.0    0.0    1.0 1970.0 1970.0  0.907 0.241E-08 0.783E-03 0.184E-07 0.506E-03 7.6342 0.241E-08 0.184E-07
tb  1  0     0.0    0.0    1.0 1980.0 1980.0  0.907 0.214E-08 0.783E-03 0.162E-07 0.616E-03 7.5453 0.214E-08 0.162E-07
tb  1  0     0.0    0.0    1.0 1990.0 1990.0  0.907 0.191E-08 0.783E-03 0.147E-07 0.776E-03 7.6976 0.191E-08 0.147E-07
tb  1  0     0.0    0.0    1.0 2000.0 2000.0  0.907 0.170E-08 0.783E-03 0.134E-07 0.149E-02 7.8688 0.170E-08 0.134E-07
