    150.0,
    160.0,
    170.0,
    180.0,
    190.0,
    200.0,
    210.0,
    220.0,
    230.0,
    240.0,
    250.0,
    260.0,
    270.0,
    280.0,
    290.0,
    300.0,
    310.0,
    320.0,
    330.0,
    340.0,
    350.0,
    360.0,
    370.0,
    380.0,
    390.0,
    400.0,
    410.0,
    420.0,
    430.0,
    440.0,
    450.0,
    460.0,
    470.0,
    480.0,
    490.0,
    500.0,
    510.0,
    520.0,
    530.0,
    540.0,
    550.0,
    560.0,
    570.0,
    580.0,
    590.0,
    600.0,
    610.0,
    620.0,
    630.0,
    640.0,
    650.0,
    660.0,
    670.0,
    680.0,
    690.0,
    700.0,
    710.0,
    720.0,
    730.0,
    740.0,
    750.0,
    760.0,
    770.0,
    780.0,
    790.0,
    800.0,
    810.0,
    820.0,
    830.0,
    840.0,
    850.0,
    860.0,
    870.0,
    880.0,
    890.0,
    900.0,
    910.0,
    920.0,
    930.0,
    940.0,
    950.0,
    960.0,
    970.0,
    980.0,
    990.0,
    1000.0,
    1010.0,
    1020.0,
    1030.0,
    1040.0,
    1050.0,
    1060.0,
    1070.0,
    1080.0,
    1090.0,
    1100.0,
    1110.0,
    1120.0,
    1130.0,
    1140.0,
    1150.0,
    1160.0,
    1170.0,
    1180.0,
    1190.0,
    1200.0,
    1210.0,
    1220.0,
    1230.0,
    1240.0,
    1250.0,
    1260.0,
    1270.0,
    1280.0,
    1290.0,
    1300.0,
    1310.0,
    1320.0,
    1330.0,
    1340.0,
    1350.0,
    1360.0,
    1370.0,
    1380.0,
    1390.0,
    1400.0,
    1410.0,
    1420.0,
    1430.0,
    1440.0,
    1450.0,
    1460.0,
    1470.0,
    1480.0,
    1490.0,
    1500.0,
    1510.0,
    1520.0,
    1530.0,
    1540.0,
    1550.0,
    1560.0,
    1570.0,
    1580.0,
    1590.0,
    1600.0,
    1610.0,
    1620.0,
    1630.0,
    1640.0,
    1650.0,
    1660.0,
    1670.0,
    1680.0,
    1690.0,
    1700.0,
    1710.0,
    1720.0,
    1730.0,
    1740.0,
    1750.0,
    1760.0,
    1770.0,
    1780.0,
    1790.0,
    1800.0,
    1810.0,
    1820.0,
    1830.0,
    1840.0,
    1850.0,
    1860.0,
    1870.0,
    1880.0,
    1890.0,
    1900.0,
    1910.0,
    1920.0,
    1930.0,
    1940.0,
    1950.0,
    1960.0,
    1970.0,
    1980.0,
    1990.0,
    2000.0,
    35.0,
    25.0,
    18.1,
    13.4,
    9.98,
    7.55,
    5.76,
    4.45,
    3.46,
    2.72,
    2.15,
    1.71,
    1.37,
    1.11,
    0.897,
    0.731,
    0.599,
    0.493,
    0.408,
    0.338,
    0.282,
    0.236,
    0.198,
    0.166,
    0.140,
    0.119,
    0.101,
    0.860E-01,
    0.734E-01,
    0.628E-01,
    0.538E-01,
    0.462E-01,
    0.398E-01,
    0.343E-01,
    0.297E-01,
    0.257E-01,
    0.223E-01,
    0.194E-01,
    0.169E-01,
    0.147E-01,
    0.128E-01,
    0.112E-01,
    0.980E-02,
    0.859E-02,
    0.753E-02,
    0.662E-02,
    0.582E-02,
    0.512E-02,
    0.451E-02,
    0.398E-02,
    0.351E-02,
    0.311E-02,
    0.275E-02,
    0.243E-02,
    0.216E-02,
    0.191E-02,
    0.170E-02,
    0.151E-02,
    0.134E-02,
    0.119E-02,
    0.106E-02,
    0.944E-03,
    0.841E-03,
    0.750E-03,
    0.669E-03,
    0.597E-03,
    0.534E-03,
    0.477E-03,
    0.426E-03,
    0.381E-03,
    0.341E-03,
    0.306E-03,
    0.274E-03,
    0.245E-03,
    0.220E-03,
    0.197E-03,
    0.177E-03,
    0.159E-03,
    0.142E-03,
    0.128E-03,
    0.115E-03,
    0.103E-03,
    0.928E-04,
    0.835E-04,
    0.751E-04,
    0.675E-04,
    0.608E-04,
    0.547E-04,
    0.492E-04,
    0.443E-04,
    0.399E-04,
    0.359E-04,
    0.324E-04,
    0.292E-04,
    0.263E-04,
    0.237E-04,
    0.214E-04,
    0.193E-04,
    0.174E-04,
    0.157E-04,
    0.141E-04,
    0.127E-04,
    0.115E-04,
    0.104E-04,
    0.935E-05,
    0.844E-05,
    0.762E-05,
    0.687E-05,
    0.620E-05,
    0.560E-05,
    0.505E-05,
    0.456E-05,
    0.411E-05,
    0.371E-05,
    0.335E-05,
    0.302E-05,
    0.273E-05,
    0.246E-05,
    0.222E-05,
    0.201E-05,
    0.181E-05,
    0.163E-05,
    0.147E-05,
    0.133E-05,
    0.120E-05,
    0.108E-05,
    0.975E-06,
    0.880E-06,
    0.793E-06,
    0.715E-06,
    0.645E-06,
    0.582E-06,
    0.524E-06,
    0.473E-06,
    0.426E-06,
    0.384E-06,
    0.346E-06,
    0.313E-06,
    0.282E-06,
    0.255E-06,
    0.230E-06,
    0.207E-06,
    0.187E-06,
    0.168E-06,
    0.152E-06,
    0.137E-06,
    0.123E-06,
    0.111E-06,
    0.100E-06,
    0.901E-07,
    0.811E-07,
    0.730E-07,
    0.657E-07,
    0.591E-07,
    0.532E-07,
    0.478E-07,
    0.430E-07,
    0.386E-07,
    0.347E-07,
    0.312E-07,
    0.280E-07,
    0.251E-07,
    0.226E-07,
    0.202E-07,
    0.181E-07,
    0.163E-07,
    0.146E-07,
    0.131E-07,
    0.117E-07,
    0.105E-07,
    0.938E-08,
    0.839E-08,
    0.750E-08,
    0.671E-08,
    0.600E-08,
    0.536E-08,
    0.478E-08,
    0.427E-08,
    0.381E-08,
    0.340E-08,
    0.303E-08,
    0.270E-08,
    0.241E-08,
    0.214E-08,
    0.191E-08,
    0.170E-08,
    53.1,
    38.2,
    27.9,
    20.7,
    15.6,
    11.8,
    9.10,
    7.06,
    5.53,
    4.36,
    3.47,
    2.78,
    2.24,
    1.81,
    1.47,
    1.20,
    0.995,
    0.823,
    0.683,
    0.566,
    0.474,
    0.398,
    0.335,
    0.285,
    0.241,
    0.205,
    0.176,
    0.150,
    0.129,
    0.111,
    0.952E-01,
    0.821E-01,
    0.710E-01,
    0.615E-01,
    0.534E-01,
    0.464E-01,
    0.404E-01,
    0.353E-01,
    0.308E-01,
    0.270E-01,
    0.236E-01,
    0.208E-01,
    0.182E-01,
    0.159E-01,
    0.141E-01,
    0.124E-01,
    0.110E-01,
    0.968E-02,
    0.857E-02,
    0.761E-02,
    0.674E-02,
    0.598E-02,
    0.532E-02,
    0.473E-02,
    0.425E-02,
    0.379E-02,
    0.338E-02,
    0.302E-02,
    0.270E-02,
    0.241E-02,
    0.216E-02,
    0.193E-02,
    0.173E-02,
    0.155E-02,
    0.139E-02,
    0.125E-02,
    0.112E-02,
    0.100E-02,
    0.906E-03,
    0.811E-03,
    0.730E-03,
    0.657E-03,
    0.593E-03,
    0.534E-03,
    0.482E-03,
    0.435E-03,
    0.393E-03,
    0.355E-03,
    0.321E-03,
    0.290E-03,
    0.262E-03,
    0.238E-03,
    0.215E-03,
    0.195E-03,
    0.176E-03,
    0.160E-03,
    0.145E-03,
    0.131E-03,
    0.119E-03,
    0.108E-03,
    0.982E-04,
    0.890E-04,
    0.808E-04,
    0.733E-04,
    0.666E-04,
    0.604E-04,
    0.550E-04,
    0.500E-04,
    0.454E-04,
    0.413E-04,
    0.376E-04,
    0.342E-04,
    0.311E-04,
    0.283E-04,
    0.258E-04,
    0.235E-04,
    0.214E-04,
    0.195E-04,
    0.177E-04,
    0.161E-04,
    0.147E-04,
    0.134E-04,
    0.122E-04,
    0.111E-04,
    0.101E-04,
    0.921E-05,
    0.839E-05,
    0.766E-05,
    0.696E-05,
    0.635E-05,
    0.579E-05,
    0.528E-05,
    0.481E-05,
    0.438E-05,
    0.399E-05,
    0.364E-05,
    0.332E-05,
    0.303E-05,
    0.276E-05,
    0.252E-05,
    0.230E-05,
    0.209E-05,
    0.191E-05,
    0.173E-05,
    0.159E-05,
    0.144E-05,
    0.132E-05,
    0.120E-05,
    0.110E-05,
    0.100E-05,
    0.914E-06,
    0.837E-06,
    0.764E-06,
    0.697E-06,
    0.635E-06,
    0.579E-06,
    0.529E-06,
    0.483E-06,
    0.441E-06,
    0.402E-06,
    0.366E-06,
    0.335E-06,
    0.307E-06,
    0.280E-06,
    0.259E-06,
    0.232E-06,
    0.216E-06,
    0.196E-06,
    0.175E-06,
    0.159E-06,
    0.145E-06,
    0.132E-06,
    0.120E-06,
    0.110E-06,
    0.100E-06,
    0.911E-07,
    0.830E-07,
    0.754E-07,
    0.686E-07,
    0.624E-07,
    0.567E-07,
    0.516E-07,
    0.485E-07,
    0.425E-07,
    0.388E-07,
    0.352E-07,
    0.320E-07,
    0.290E-07,
    0.264E-07,
    0.239E-07,
    0.217E-07,
    0.197E-07,
    0.184E-07,
    0.162E-07,
    0.147E-07,
    0.134E-07,
186 186 1217
