1000 280 0.0185679 1.06659 7.46086 7.76917
1000 330 0.0161246 1.06017 7.44923 7.75474
1000 380 0.017803 1.06141 7.45277 7.75668
1000 430 0.0142643 1.06449 7.45638 7.76275
1000 480 0.0151958 1.06566 7.461 7.76734
1000 530 0.0166696 1.05978 7.44733 7.75472
1000 580 0.015723 1.05927 7.44639 7.75317
1000 630 0.0167381 1.05945 7.44681 7.75353
1000 680 0.015423 1.07902 7.48601 7.80402
1000 730 0.0176142 1.05406 7.4451 7.73931
1000 780 0.0138924 1.07172 7.47231 7.78333
1050 280 0.0164552 1.07275 7.47445 7.78831
1050 330 0.0179151 1.06842 7.46458 7.7741
1050 380 0.0165086 1.05994 7.44834 7.75466
1050 430 0.0182327 1.06441 7.4566 7.76267
1050 480 0.0194379 1.06683 7.46203 7.76935
1050 530 0.0185405 1.0601 7.44925 7.7554
1050 580 0.0179022 1.05689 7.44993 7.74772
1050 630 0.0178021 1.05557 7.44684 7.7419
1050 680 0.0170772 1.06336 7.45479 7.75945
1050 730 0.0175549 1.06799 7.4636 7.7722
1050 780 0.0148525 1.05703 7.44937 7.7484
1050 830 0.0151682 1.06581 7.46027 7.76867
1100 280 0.0170241 1.06831 7.46415 7.77299
1100 330 0.0160782 1.0675 7.46349 7.77254
1100 380 0.0177481 1.07284 7.4738 7.78799
1100 430 0.0185151 1.06698 7.4618 7.77008
1100 480 0.0170996 1.06689 7.46228 7.77032
1100 530 0.017337 1.06504 7.45827 7.76435
1100 580 0.0190942 1.07016 7.46698 7.77773
1100 630 0.0171831 1.06869 7.46463 7.77419
1100 680 0.0165939 1.0608 7.4498 7.75496
1100 730 0.0183323 1.06087 7.4498 7.75587
1100 780 0.0164119 1.05494 7.44668 7.74154
1100 830 0.0140708 1.05949 7.4473 7.75433
1100 880 0.0136047 1.07074 7.46987 7.77972
1150 280 0.0144699 1.07641 7.48125 7.79623
1150 330 0.0180227 1.06684 7.46256 7.76999
1150 380 0.0188814 1.06466 7.45706 7.76298
1150 430 0.0192846 1.06576 7.46043 7.76751
1150 480 0.0176865 1.06618 7.4618 7.77138
1150 530 0.0183394 1.06689 7.46228 7.77032
1150 580 0.0186824 1.07009 7.46675 7.77782
1150 630 0.0168452 1.06686 7.46217 7.76985
1150 680 0.0167563 1.05957 7.44718 7.75444
1150 730 0.0182428 1.05649 7.4473 7.74498
1150 780 0.0164307 1.06379 7.45453 7.7598
1150 830 0.0139371 1.0708 7.4699 7.77956
1150 880 0.0134847 1.06897 7.46493 7.77351
1150 930 0.011229 1.06422 7.45469 7.76052
1200 280 0.0164633 1.06903 7.4654 7.77479
1200 330 0.0163839 1.06312 7.45402 7.7581
1200 380 0.0163035 1.06885 7.46514 7.77435
1200 430 0.0143915 1.06606 7.46187 7.77113
1200 480 0.016888 1.06839 7.46478 7.77418
1200 530 0.015623 1.05837 7.44732 7.75027
1200 580 0.0153379 1.06514 7.45878 7.76551
1200 630 0.0168256 1.06226 7.45239 7.75688
1200 680 0.0172167 1.06392 7.45509 7.76006
1200 730 0.0161853 1.07484 7.47674 7.79373
1200 780 0.016449 1.05545 7.44661 7.74187
1200 830 0.0153389 1.06508 7.45859 7.76483
1200 880 0.0146283 1.05919 7.44701 7.75327
1200 930 0.0122167 1.06755 7.46381 7.77244
1200 980 0.0134215 1.06657 7.4613 7.76988
1250 1030 0.014253 1.06113 7.45018 7.75479
1250 280 0.0147978 1.06341 7.4544 7.75889
1250 330 0.0144299 1.073 7.47401 7.78839
1250 380 0.0149923 1.07346 7.47412 7.78924
1250 430 0.0156044 1.06993 7.46675 7.77669
1250 480 0.0159 1.08332 7.49758 7.80645
1250 530 0.0167808 1.07047 7.46812 7.77865
1250 580 0.014512 1.06849 7.46561 7.7745
1250 630 0.0173408 1.06333 7.45429 7.75921
1250 680 0.0161941 1.06238 7.45352 7.75851
1250 730 0.0170473 1.07687 7.48434 7.79751
1250 780 0.0148608 1.06142 7.45263 7.75671
1250 830 0.0161785 1.0618 7.45351 7.7572
1250 880 0.0145108 1.06179 7.45329 7.75735
1250 930 0.0136776 1.05851 7.44829 7.75091
1250 980 0.0145453 1.06298 7.4549 7.75814
1300 1030 0.0158081 1.07572 7.47926 7.79262
1300 1080 0.0112092 1.05939 7.44687 7.75351
1300 280 0.0161475 1.06964 7.46685 7.77528
1300 330 0.0152797 1.08251 7.49636 7.80584
1300 380 0.0157592 1.0665 7.46186 7.77086
1300 430 0.0145849 1.06292 7.45494 7.75762
1300 480 0.0175269 1.07108 7.47138 7.78071
1300 530 0.0176517 1.06926 7.4656 7.77656
1300 580 0.0159747 1.07061 7.46867 7.77872
1300 630 0.014842 1.06564 7.46121 7.76662
1300 680 0.0150964 1.0671 7.46267 7.77063
1300 730 0.0164598 1.07289 7.47318 7.78801
1300 780 0.0165975 1.06313 7.454 7.7582
1300 830 0.0154658 1.0619 7.45353 7.7563
1300 880 0.0142388 1.0612 7.45073 7.75515
1300 930 0.0151331 1.05613 7.44695 7.74321
1300 980 0.0168556 1.05932 7.44697 7.75346
1350 1030 0.0155233 1.07098 7.47028 7.7803
1350 1080 0.0136158 1.06384 7.45492 7.75999
1350 1130 0.0126975 1.06496 7.45845 7.76485
1350 280 0.0147573 1.07461 7.47649 7.79284
1350 330 0.014714 1.07046 7.46828 7.77898
1350 380 0.0153386 1.06471 7.45726 7.76333
1350 430 0.0170582 1.06862 7.465 7.7736
1350 480 0.0164929 1.07285 7.47367 7.78815
1350 530 0.0132175 1.06953 7.46667 7.77574
1350 580 0.0144783 1.08102 7.48854 7.80046
1350 630 0.0150346 1.06675 7.4615 7.76931
1350 680 0.016078 1.06583 7.46045 7.76865
1350 730 0.0150727 1.06733 7.46385 7.77226
1350 780 0.0180522 1.06788 7.46391 7.77225
1350 830 0.016922 1.06201 7.45282 7.75581
1350 880 0.0150034 1.06561 7.4608 7.76697
1350 930 0.0168182 1.06337 7.45462 7.75951
1350 980 0.0168317 1.06005 7.44885 7.75487
1400 1030 0.0169902 1.06978 7.46729 7.77564
1400 1080 0.0137811 1.08512 7.50171 7.80994
1400 1130 0.0131127 1.06086 7.44959 7.75581
1400 1180 0.0124352 1.07047 7.46812 7.77865
1400 280 0.0128313 1.07621 7.48108 7.79516
1400 330 0.0123557 1.07651 7.48255 7.79675
1400 380 0.013723 1.06989 7.46662 7.7766
1400 430 0.0151745 1.07364 7.4748 7.78917
1400 480 0.0147767 1.07009 7.46675 7.77782
1400 530 0.0146979 1.07828 7.48706 7.80389
1400 580 0.0161181 1.06402 7.45433 7.76021
1400 630 0.0162068 1.07421 7.47527 7.79035
1400 680 0.0161769 1.06794 7.46342 7.77198
1400 730 0.0176044 1.07114 7.47121 7.78074
1400 780 0.0149521 1.06618 7.4618 7.77138
1400 830 0.0149111 1.06296 7.45499 7.75788
1400 880 0.016392 1.06088 7.4498 7.75565
1400 930 0.0151881 1.06877 7.46512 7.77437
1400 980 0.0131092 1.06405 7.45405 7.75953
1450 1030 0.0146786 1.06531 7.46015 7.7669
1450 1080 0.0172217 1.06371 7.45424 7.75957
1450 1130 0.0110092 1.06688 7.46233 7.77001
1450 1180 0.0128249 1.08871 7.50821 7.81882
1450 1230 0.011908 1.07067 7.46954 7.77931
1450 280 0.0138292 1.07099 7.47067 7.78056
1450 330 0.014247 1.07427 7.4757 7.79003
1450 380 0.0145609 1.07678 7.48358 7.79666
1450 430 0.0157597 1.07181 7.47223 7.78347
1450 480 0.0139506 1.06615 7.46167 7.77131
1450 530 0.0125754 1.06803 7.46417 7.77254
1450 580 0.0161196 1.06911 7.46517 7.77533
1450 630 0.0159959 1.06961 7.46699 7.77544
1450 680 0.0143207 1.072 7.47228 7.78315
1450 730 0.0150861 1.07478 7.47661 7.79348
1450 780 0.0174337 1.06928 7.46536 7.77562
1450 830 0.013742 1.07015 7.46691 7.77775
1450 880 0.0165354 1.07043 7.46807 7.77821
1450 930 0.0143357 1.0665 7.46186 7.77086
1450 980 0.01476 1.07128 7.47079 7.78171
1500 1030 0.0167674 1.06427 7.45486 7.76036
1500 1080 0.0137172 1.06106 7.45031 7.7564
1500 1130 0.0142494 1.06308 7.45472 7.75864
1500 1180 0.0150964 1.06254 7.45418 7.75958
1500 1230 0.0146702 1.06612 7.4623 7.77182
1500 1280 0.0113891 1.06044 7.44925 7.75498
1500 280 0.0135954 1.07319 7.47285 7.78832
1500 330 0.0137287 1.07112 7.47122 7.78085
1500 380 0.0130758 1.07394 7.47468 7.78976
1500 430 0.0151587 1.0756 7.47885 7.79318
1500 480 0.0141249 1.07611 7.48195 7.79513
1500 530 0.0131417 1.06952 7.4664 7.77526
1500 580 0.0148912 1.07439 7.47522 7.79102
1500 630 0.0133259 1.07737 7.4849 7.79955
1500 680 0.0155378 1.06953 7.46667 7.77574
1500 730 0.0147419 1.06735 7.46401 7.77229
1500 780 0.0149046 1.06739 7.46428 7.77272
1500 830 0.0150093 1.07527 7.47797 7.79444
1500 880 0.015372 1.07351 7.47471 7.78893
1500 930 0.0153699 1.06999 7.46662 7.77784
1500 980 0.0160894 1.06866 7.46417 7.77383
1550 1030 0.014094 1.06378 7.4545 7.7598
1550 1080 0.0135308 1.06739 7.46428 7.77272
1550 1130 0.0150473 1.06636 7.46161 7.77009
1550 1180 0.0136448 1.06319 7.45452 7.75833
1550 1230 0.0136118 1.07056 7.46857 7.77818
1550 1280 0.0125349 1.07569 7.4793 7.7935
1550 1330 0.0125263 1.07745 7.48545 7.80033
1550 280 0.0123107 1.0798 7.48498 7.80029
1550 330 0.0146921 1.07384 7.47427 7.78864
1550 380 0.0126476 1.07171 7.47208 7.78349
1550 430 0.0173179 1.06838 7.46481 7.77439
1550 480 0.0120408 1.07544 7.47891 7.79297
1550 530 0.0158004 1.07529 7.4782 7.79429
1550 580 0.0129285 1.08046 7.48708 7.80069
1550 630 0.0129666 1.07492 7.47658 7.7938
1550 680 0.014486 1.06795 7.46338 7.77194
1550 730 0.0162776 1.07509 7.47791 7.7947
1550 780 0.0140828 1.07205 7.47258 7.7832
1550 830 0.0160051 1.07051 7.4682 7.77824
1550 880 0.0161904 1.07828 7.48706 7.80389
1550 930 0.0148239 1.0704 7.46811 7.77836
1550 980 0.0163203 1.0762 7.48133 7.7953
1600 1030 0.0154823 1.07051 7.4682 7.77824
1600 1080 0.0147632 1.07256 7.4733 7.78801
1600 1130 0.0132161 1.06911 7.46517 7.77533
1600 1180 0.0146947 1.07433 7.47557 7.79082
1600 1230 0.0142262 1.0688 7.46509 7.77394
1600 1280 0.0127253 1.08291 7.49735 7.80723
1600 1330 0.0128951 1.06516 7.45912 7.76572
1600 1380 0.0104358 1.06524 7.45919 7.76559
1600 280 0.0123362 1.07624 7.4814 7.79581
1600 330 0.0120698 1.0769 7.48417 7.79738
1600 380 0.0131997 1.07106 7.47109 7.78066
1600 430 0.0125862 1.07171 7.47208 7.78349
1600 480 0.0121066 1.07189 7.47207 7.78343
1600 530 0.0120345 1.07303 7.47375 7.78864
1600 580 0.013962 1.07018 7.4673 7.77809
1600 630 0.0115906 1.07202 7.47241 7.78288
1600 680 0.0132454 1.07123 7.47078 7.78143
1600 730 0.0135915 1.07732 7.48478 7.79992
1600 780 0.0152409 1.06979 7.46753 7.77587
1600 830 0.0145241 1.07336 7.47393 7.78931
1600 880 0.0131362 1.07309 7.47323 7.78861
1600 930 0.0140537 1.06819 7.46434 7.77332
1600 980 0.0157505 1.06502 7.45826 7.76469
1650 1030 0.0170451 1.07686 7.48406 7.79732
1650 1080 0.0185057 1.07274 7.47424 7.78837
1650 1130 0.0151122 1.07589 7.48069 7.79429
1650 1180 0.0134149 1.07239 7.4725 7.78541
1650 1230 0.0159402 1.07285 7.47367 7.78815
1650 1280 0.0138884 1.08733 7.50739 7.81741
1650 1330 0.0118975 1.06353 7.45351 7.75887
1650 1380 0.0133452 1.06878 7.46485 7.77437
1650 1430 0.0100685 1.07837 7.4863 7.80379
1650 280 0.0120663 1.07201 7.47247 7.78307
1650 330 0.013233 1.08703 7.50657 7.81729
1650 380 0.0126846 1.07165 7.47249 7.78308
1650 430 0.0107292 1.07868 7.4855 7.80318
1650 480 0.0120475 1.07525 7.47761 7.79466
1650 530 0.0123722 1.08958 7.50738 7.82028
1650 580 0.0132616 1.07778 7.48539 7.79988
1650 630 0.0127005 1.07398 7.47494 7.78932
1650 680 0.0125067 1.07075 7.46986 7.77958
1650 730 0.0135199 1.0741 7.47559 7.79034
1650 780 0.0134791 1.06858 7.46544 7.77381
1650 830 0.0151818 1.07194 7.47228 7.78309
1650 880 0.0142251 1.07384 7.47427 7.78864
1650 930 0.0143431 1.06856 7.46501 7.77395
1650 980 0.0144098 1.08028 7.48584 7.80106
1700 1030 0.0156606 1.06701 7.46191 7.7701
1700 1080 0.012851 1.07215 7.47266 7.7832
1700 1130 0.0144608 1.07084 7.47054 7.78013
1700 1180 0.0141914 1.07655 7.48239 7.79664
1700 1230 0.0128 1.06449 7.45638 7.76275
1700 1280 0.0159686 1.06749 7.46364 7.77279
1700 1330 0.0136598 1.07244 7.47338 7.78631
1700 1380 0.0136716 1.06842 7.46458 7.7741
1700 1430 0.0126591 1.08016 7.4858 7.80186
1700 1480 0.0124253 1.06784 7.46419 7.77182
1700 280 0.00988841 1.07986 7.48533 7.80098
1700 330 0.0116546 1.07633 7.4805 7.79615
1700 380 0.010322 1.07494 7.47644 7.79305
1700 430 0.0148697 1.07577 7.47966 7.79357
1700 480 0.01158 1.07806 7.48651 7.8026
1700 530 0.0100709 1.08571 7.50497 7.81447
1700 580 0.0116949 1.07994 7.48595 7.80101
1700 630 0.0121367 1.07337 7.47387 7.789
1700 680 0.0135301 1.06906 7.46553 7.77492
1700 730 0.0125035 1.09081 7.50697 7.82253
1700 780 0.0132721 1.08783 7.50589 7.81461
1700 830 0.0130768 1.07603 7.48148 7.79475
1700 880 0.0133772 1.06499 7.45824 7.7648
1700 930 0.0142674 1.07433 7.47557 7.79082
1700 980 0.0118463 1.07231 7.47259 7.78505
1750 1030 0.012768 1.07577 7.47966 7.79357
1750 1080 0.0124105 1.08045 7.48699 7.80081
1750 1130 0.0129582 1.07151 7.47191 7.783
1750 1180 0.0151537 1.07391 7.47457 7.78905
1750 1230 0.0116116 1.07655 7.48239 7.79664
1750 1280 0.0137097 1.07164 7.47225 7.78308
1750 1330 0.015222 1.0804 7.48667 7.80109
1750 1380 0.0138728 1.06349 7.45397 7.75902
1750 1430 0.0120028 1.06603 7.46092 7.77025
1750 1480 0.0127947 1.06915 7.46549 7.77553
1750 1530 0.0106479 1.07815 7.48726 7.80345
1750 280 0.0118587 1.07869 7.48557 7.80309
1750 330 0.0110621 1.07396 7.47461 7.78985
1750 380 0.0106386 1.08027 7.4861 7.80113
1750 430 0.0110977 1.07948 7.48621 7.80254
1750 480 0.0100862 1.07377 7.4741 7.7883
1750 530 0.0129566 1.07766 7.48527 7.80019
1750 580 0.0121653 1.07572 7.47926 7.79262
1750 630 0.01136 1.07699 7.48459 7.79906
1750 680 0.0139802 1.07286 7.47377 7.78824
1750 730 0.0110282 1.07796 7.48631 7.80105
1750 780 0.0124259 1.06947 7.46541 7.77483
1750 830 0.0122061 1.06809 7.46334 7.77213
1750 880 0.0143707 1.0748 7.47678 7.79359
1750 930 0.0146693 1.07498 7.47743 7.79441
1750 980 0.0140889 1.07748 7.48531 7.8005
1800 1030 0.0114761 1.07243 7.47343 7.78619
1800 1080 0.0144267 1.0787 7.48558 7.80309
1800 1130 0.0151141 1.06826 7.46457 7.77385
1800 1180 0.0131629 1.07448 7.47612 7.7927
1800 1230 0.0139469 1.07397 7.47485 7.78968
1800 1280 0.0116412 1.06564 7.46121 7.76662
1800 1330 0.0142593 1.06577 7.46058 7.7679
1800 1380 0.0153808 1.06743 7.46399 7.77262
1800 1430 0.0129769 1.06576 7.46043 7.76751
1800 1480 0.0116284 1.07395 7.47459 7.7898
1800 1530 0.0132661 1.0715 7.47158 7.78286
1800 1580 0.00968268 1.07675 7.48313 7.79727
1800 280 0.0100153 1.08209 7.49251 7.80354
1800 330 0.0101425 1.07822 7.48765 7.80387
1800 380 0.0116539 1.08053 7.4874 7.80078
1800 430 0.012524 1.07772 7.48529 7.80037
1800 480 0.00900718 1.07669 7.48319 7.79666
1800 530 0.0104359 1.09157 7.51168 7.82432
1800 580 0.0125503 1.07298 7.47365 7.78863
1800 630 0.0106827 1.08168 7.49293 7.8039
1800 680 0.012352 1.07271 7.47408 7.78846
1800 730 0.0117398 1.07606 7.48161 7.79476
1800 780 0.0103126 1.06941 7.4653 7.77536
1800 830 0.0123004 1.06986 7.46721 7.77706
1800 880 0.00964268 1.09093 7.50838 7.82304
1800 930 0.0134473 1.08003 7.48544 7.80049
1800 980 0.0136121 1.07236 7.47238 7.78478
1850 1030 0.0127104 1.06807 7.46354 7.77232
1850 1080 0.0117317 1.07301 7.47393 7.78835
1850 1130 0.0120059 1.06839 7.46478 7.77418
1850 1180 0.0124177 1.07358 7.47513 7.7895
1850 1230 0.0153334 1.0711 7.47114 7.78081
1850 1280 0.0129013 1.06876 7.4648 7.7734
1850 1330 0.0142349 1.06963 7.46674 7.77482
1850 1380 0.012157 1.06941 7.4653 7.77536
1850 1430 0.0116505 1.07913 7.48514 7.80217
1850 1480 0.0109735 1.07291 7.47322 7.78823
1850 1530 0.0126351 1.06817 7.46414 7.7728
1850 1580 0.0116988 1.07447 7.4762 7.79296
1850 1630 0.00872464 1.07505 7.47786 7.79448
1850 280 0.00916826 1.0884 7.50744 7.81581
1850 330 0.0100979 1.0803 7.48615 7.80129
1850 380 0.0104076 1.07382 7.47459 7.78902
1850 430 0.00927357 1.07157 7.47208 7.78306
1850 480 0.0116622 1.08173 7.49288 7.80393
1850 530 0.011518 1.07818 7.48743 7.80394
1850 580 0.0109613 1.06996 7.46653 7.77728
1850 630 0.00930767 1.07237 7.47283 7.78458
1850 680 0.0118928 1.07453 7.47628 7.79288
1850 730 0.0126851 1.06763 7.46399 7.7724
1850 780 0.00914544 1.07593 7.48019 7.7941
1850 830 0.010199 1.07874 7.48529 7.8043
1850 880 0.0121436 1.07172 7.47231 7.78333
1850 930 0.0131482 1.07036 7.4679 7.77762
1850 980 0.0103798 1.07851 7.48613 7.80328
1900 1030 0.0145693 1.07678 7.48358 7.79666
1900 1080 0.0128558 1.06781 7.46446 7.77165
1900 1130 0.0113637 1.08044 7.48732 7.80095
1900 1180 0.0140523 1.07168 7.47243 7.78345
1900 1230 0.0120941 1.07244 7.47338 7.78631
1900 1280 0.0127055 1.07205 7.47258 7.7832
1900 1330 0.0137031 1.06919 7.4653 7.77577
1900 1380 0.0116488 1.06946 7.46539 7.77481
1900 1430 0.0122111 1.07068 7.46952 7.77922
1900 1480 0.0110775 1.07797 7.48654 7.80151
1900 1530 0.0131971 1.06381 7.45493 7.7599
1900 1580 0.0119441 1.06825 7.46469 7.77384
1900 1630 0.0121866 1.07668 7.48337 7.79687
1900 1680 0.0104758 1.07556 7.47909 7.79384
1900 280 0.00891192 1.0879 7.50596 7.81446
1900 330 0.00909458 1.08107 7.48853 7.80105
1900 380 0.0104297 1.08614 7.50622 7.81502
1900 430 0.00963341 1.07604 7.48146 7.79496
1900 480 0.01044 1.08106 7.48842 7.80063
1900 530 0.00869805 1.07042 7.46844 7.77849
1900 580 0.00962214 1.08364 7.49755 7.80779
1900 630 0.010385 1.08069 7.48814 7.80019
1900 680 0.0108034 1.08243 7.49596 7.80615
1900 730 0.00923248 1.08377 7.49756 7.80855
1900 780 0.0111306 1.07963 7.48542 7.80196
1900 830 0.0126359 1.08131 7.49089 7.80204
1900 880 0.0129668 1.07602 7.48092 7.79428
1900 930 0.0126819 1.08218 7.49336 7.80433
1900 980 0.0117772 1.07009 7.46675 7.77782
1950 1030 0.0130696 1.0772 7.48601 7.79949
1950 1080 0.0105971 1.07393 7.4745 7.78972
1950 1130 0.0130624 1.07412 7.47565 7.79053
1950 1180 0.012004 1.07227 7.47296 7.78564
1950 1230 0.0122634 1.07045 7.46815 7.77858
1950 1280 0.0120136 1.07508 7.47802 7.79475
1950 1330 0.0113026 1.07484 7.47674 7.79373
1950 1380 0.0146937 1.07252 7.47321 7.78771
1950 1430 0.0121486 1.07391 7.47457 7.78905
1950 1480 0.0121206 1.07059 7.46864 7.7783
1950 1530 0.0142661 1.07325 7.4736 7.78935
1950 1580 0.0134959 1.08083 7.48859 7.80051
1950 1630 0.013191 1.07392 7.47475 7.7894
1950 1680 0.0105243 1.08881 7.50827 7.81827
1950 1730 0.00862693 1.07788 7.48631 7.80105
1950 280 0.00719702 1.086 7.50598 7.81537
1950 330 0.00910183 1.0798 7.48498 7.80029
1950 380 0.0106231 1.07956 7.4853 7.80134
1950 430 0.0112786 1.07171 7.47208 7.78349
1950 480 0.0109708 1.08273 7.49634 7.80641
1950 530 0.0112349 1.07759 7.48511 7.79938
1950 580 0.0107401 1.07658 7.48252 7.79618
1950 630 0.0106954 1.07605 7.48168 7.79507
1950 680 0.0120289 1.08229 7.49406 7.80522
1950 730 0.00902025 1.08187 7.49288 7.80382
1950 780 0.00892093 1.0796 7.48525 7.8016
1950 830 0.0111073 1.076 7.48086 7.79364
1950 880 0.0100729 1.07877 7.48487 7.80366
1950 930 0.0129751 1.07812 7.48723 7.80359
1950 980 0.0118158 1.07324 7.47345 7.78937
2000 1030 0.00940101 1.0765 7.48266 7.79673
2000 1080 0.0100955 1.0852 7.50173 7.81036
2000 1130 0.011758 1.07139 7.47081 7.78199
2000 1180 0.01057 1.06772 7.46395 7.77188
2000 1230 0.0106254 1.07317 7.47321 7.78835
2000 1280 0.0111371 1.07601 7.48073 7.79377
2000 1330 0.0125942 1.07228 7.47285 7.78542
2000 1380 0.0135513 1.0751 7.47791 7.79487
2000 1430 0.0114525 1.08474 7.50099 7.81101
2000 1480 0.0128919 1.07887 7.48647 7.80415
2000 1530 0.0127033 1.07535 7.47838 7.79372
2000 1580 0.0109722 1.06863 7.46477 7.7739
2000 1630 0.0144653 1.07651 7.48255 7.79675
2000 1680 0.0116538 1.06468 7.45738 7.76357
2000 1730 0.0120688 1.08851 7.50753 7.81635
2000 1780 0.0081837 1.08688 7.50823 7.81758
2000 280 0.00929611 1.07889 7.48627 7.80389
2000 330 0.00958492 1.07458 7.47695 7.7934
2000 380 0.00995851 1.07963 7.48542 7.80196
2000 430 0.0101589 1.08261 7.49692 7.80673
2000 480 0.0105959 1.0833 7.49753 7.80664
2000 530 0.00962832 1.07834 7.48676 7.80413
2000 580 0.00975925 1.07652 7.48235 7.79635
2000 630 0.0102542 1.07781 7.4861 7.80094
2000 680 0.0107753 1.07457 7.47704 7.7934
2000 730 0.0095317 1.07124 7.47077 7.78161
2000 780 0.00938974 1.07626 7.48119 7.79585
2000 830 0.0106632 1.07502 7.47765 7.79469
2000 880 0.0112218 1.08149 7.49266 7.80314
2000 930 0.00993425 1.0793 7.48531 7.80233
2000 980 0.0122068 1.07079 7.46986 7.77939
500 280 0.0124579 1.08513 7.50172 7.8098
550 280 0.0148484 1.07078 7.46987 7.77964
550 330 0.0101178 1.08354 7.49726 7.80655
600 280 0.0154554 1.05852 7.44794 7.75066
600 330 0.0141111 1.06342 7.45443 7.75914
600 380 0.0118834 1.06956 7.46694 7.77545
650 280 0.0156367 1.06927 7.4656 7.77574
650 330 0.0146054 1.05255 7.44397 7.73803
650 380 0.0135151 1.06324 7.45387 7.75845
650 430 0.012501 1.05772 7.44768 7.7477
700 280 0.0175141 1.05926 7.4465 7.75322
700 330 0.0139376 1.06121 7.45073 7.75572
700 380 0.0163744 1.06643 7.46169 7.77056
700 430 0.0145956 1.0698 7.46698 7.77611
700 480 0.0124314 1.08488 7.50137 7.81073
750 280 0.019632 1.0659 7.46045 7.76966
750 330 0.0158614 1.06481 7.45702 7.76312
750 380 0.0149438 1.06165 7.45374 7.75752
750 430 0.0171419 1.0613 7.45202 7.75556
750 480 0.0143661 1.06748 7.46364 7.77297
750 530 0.0136047 1.05439 7.44451 7.73964
800 280 0.0184499 1.06162 7.45338 7.7571
800 330 0.0185096 1.05403 7.44513 7.73955
800 380 0.0161991 1.06178 7.45322 7.75721
800 430 0.0149267 1.06519 7.45875 7.76486
800 480 0.0163028 1.06011 7.44923 7.7553
800 530 0.0154934 1.06948 7.46535 7.77492
800 580 0.0131035 1.0564 7.44756 7.74447
850 280 0.0163074 1.06416 7.45418 7.7599
850 330 0.0186058 1.05693 7.44977 7.74809
850 380 0.0194149 1.06257 7.454 7.75927
850 430 0.0184731 1.06498 7.45858 7.76472
850 480 0.017423 1.05494 7.44668 7.74154
850 530 0.0138342 1.06713 7.46243 7.77095
850 580 0.0159174 1.05957 7.44718 7.75444
850 630 0.0144954 1.05676 7.44846 7.7463
900 280 0.017541 1.06143 7.45271 7.75705
900 330 0.01736 1.06037 7.44906 7.75493
900 380 0.0198791 1.06159 7.45317 7.75738
900 430 0.01837 1.06114 7.44999 7.75489
900 480 0.0201867 1.05584 7.44719 7.74231
900 530 0.017409 1.07251 7.47356 7.78794
900 580 0.0167855 1.06503 7.45856 7.76488
900 630 0.0144619 1.05017 7.44116 7.73601
900 680 0.013732 1.07342 7.47407 7.78916
950 280 0.0180612 1.05995 7.44827 7.75473
950 330 0.0205273 1.06066 7.44919 7.75479
950 380 0.0199853 1.06671 7.46168 7.77019
950 430 0.0176416 1.06334 7.45442 7.7593
950 480 0.0171195 1.06532 7.46007 7.76695
950 530 0.0156801 1.06206 7.45318 7.75613
950 580 0.0172322 1.06543 7.4606 7.76699
950 630 0.0176812 1.06737 7.46437 7.77283
950 680 0.0145674 1.05654 7.44742 7.74531
950 730 0.013139 1.07195 7.47229 7.78309
