1000 280 0.0150698 1.08018 5.23647 3.78748
1000 330 0.0131487 1.09627 5.26091 3.80279
1000 380 0.0147287 1.0773 5.23135 3.78708
1000 430 0.0127785 1.08524 5.24346 3.79221
1000 480 0.0137052 1.09918 5.26662 3.80605
1000 530 0.0148293 1.07643 5.22946 3.78596
1000 580 0.0134229 1.06496 5.20707 3.77879
1000 630 0.0146514 1.07281 5.22288 3.78417
1000 680 0.0136523 1.10991 5.28881 3.81471
1000 730 0.0152182 1.06362 5.20491 3.77708
1000 780 0.012582 1.09281 5.25641 3.80092
1050 280 0.0123517 1.08813 5.247 3.7955
1050 330 0.0146759 1.07128 5.22016 3.78351
1050 380 0.0139324 1.08899 5.249 3.79635
1050 430 0.0161164 1.07153 5.22025 3.78429
1050 480 0.0174702 1.07817 5.23287 3.78731
1050 530 0.0159461 1.0605 5.20118 3.77319
1050 580 0.0161288 1.05825 5.19874 3.77119
1050 630 0.0165715 1.05651 5.19914 3.7705
1050 680 0.0157718 1.08067 5.23664 3.78762
1050 730 0.01534 1.07531 5.22684 3.78388
1050 780 0.0134511 1.05989 5.20059 3.77283
1050 830 0.0126012 1.0613 5.20157 3.77527
1100 280 0.0132649 1.07783 5.23223 3.78691
1100 330 0.0131525 1.10099 5.26918 3.80972
1100 380 0.0152305 1.08722 5.24669 3.79387
1100 430 0.0154222 1.07035 5.21839 3.78315
1100 480 0.0151672 1.06938 5.21634 3.78297
1100 530 0.0149193 1.07785 5.23235 3.78681
1100 580 0.0167843 1.07683 5.23069 3.78634
1100 630 0.0146163 1.0971 5.26326 3.80384
1100 680 0.014271 1.06441 5.20653 3.77784
1100 730 0.0170904 1.06998 5.21763 3.7833
1100 780 0.0147536 1.058 5.1992 3.77115
1100 830 0.0128744 1.06853 5.21426 3.78228
1100 880 0.0125494 1.08101 5.23685 3.7892
1150 280 0.0117141 1.07073 5.21864 3.78382
1150 330 0.0141604 1.07191 5.22113 3.78474
1150 380 0.0159561 1.07253 5.22228 3.78384
1150 430 0.0158832 1.06476 5.20705 3.77821
1150 480 0.0150163 1.0811 5.23689 3.7891
1150 530 0.0165933 1.06832 5.21386 3.78184
1150 580 0.0163668 1.08756 5.24705 3.79453
1150 630 0.0150083 1.07066 5.21877 3.78376
1150 680 0.0157925 1.06303 5.20396 3.7766
1150 730 0.0166383 1.06526 5.20886 3.77858
1150 780 0.0155524 1.07182 5.22086 3.78442
1150 830 0.0127321 1.06924 5.21602 3.78289
1150 880 0.0123207 1.06283 5.20419 3.77618
1150 930 0.0100125 1.07127 5.22025 3.78352
1200 280 0.0132061 1.07628 5.22947 3.7856
1200 330 0.0141739 1.07183 5.22088 3.78443
1200 380 0.0151828 1.08873 5.24791 3.79574
1200 430 0.0125791 1.07268 5.22274 3.78408
1200 480 0.0152272 1.0764 5.22933 3.78556
1200 530 0.0138403 1.06243 5.2034 3.77638
1200 580 0.0140596 1.06472 5.20668 3.77827
1200 630 0.0147622 1.07279 5.22292 3.78435
1200 680 0.015797 1.07163 5.22032 3.78431
1200 730 0.014687 1.0711 5.21972 3.78321
1200 780 0.0142132 1.05716 5.20009 3.77055
1200 830 0.0142963 1.07696 5.23108 3.7869
1200 880 0.0139025 1.05913 5.19921 3.77292
1200 930 0.0111678 1.06341 5.20478 3.7774
1200 980 0.0124695 1.06463 5.20643 3.77814
1250 1030 0.0135554 1.06759 5.21231 3.78065
1250 280 0.0121951 1.07766 5.23195 3.78719
1250 330 0.012492 1.08604 5.24533 3.7934
1250 380 0.0137585 1.083 5.24008 3.79098
1250 430 0.0136611 1.0697 5.21688 3.78348
1250 480 0.0144992 1.09407 5.2576 3.80158
1250 530 0.0157441 1.08035 5.23636 3.78776
1250 580 0.0123158 1.07721 5.23118 3.78727
1250 630 0.0161847 1.06716 5.21171 3.78097
1250 680 0.0152323 1.06863 5.2144 3.78238
1250 730 0.0159749 1.09064 5.25165 3.79998
1250 780 0.0135543 1.06377 5.20507 3.77697
1250 830 0.0149403 1.06242 5.20329 3.77623
1250 880 0.0134918 1.066 5.21023 3.77951
1250 930 0.0130033 1.06498 5.20732 3.77843
1250 980 0.0139364 1.06332 5.2045 3.77756
1300 1030 0.0146606 1.07447 5.22482 3.78332
1300 1080 0.010547 1.07314 5.22363 3.78408
1300 280 0.0139232 1.07966 5.23567 3.78782
1300 330 0.0132695 1.10553 5.27946 3.81271
1300 380 0.0133665 1.08393 5.24246 3.79126
1300 430 0.0131501 1.08446 5.243 3.7913
1300 480 0.0157653 1.0743 5.22511 3.78384
1300 530 0.0159009 1.08082 5.23676 3.78848
1300 580 0.0148488 1.07777 5.23223 3.78703
1300 630 0.0131433 1.06722 5.21197 3.78078
1300 680 0.0137904 1.07061 5.21826 3.78345
1300 730 0.0148658 1.07559 5.22735 3.7845
1300 780 0.0156511 1.06505 5.20769 3.77872
1300 830 0.014411 1.07587 5.22781 3.78516
1300 880 0.0131933 1.06314 5.20432 3.7771
1300 930 0.0142492 1.05731 5.19989 3.77024
1300 980 0.0155973 1.06101 5.20166 3.77405
1350 1030 0.0149197 1.07956 5.23519 3.7878
1350 1080 0.0130003 1.07823 5.23267 3.78742
1350 1130 0.0121762 1.07262 5.22235 3.784
1350 280 0.0121696 1.07666 5.23032 3.78622
1350 330 0.0124098 1.07079 5.21849 3.78383
1350 380 0.0139301 1.06821 5.21435 3.78197
1350 430 0.0150244 1.07424 5.22502 3.78397
1350 480 0.0149884 1.08489 5.24335 3.7918
1350 530 0.0123468 1.07594 5.22797 3.78536
1350 580 0.0128639 1.0875 5.24701 3.7943
1350 630 0.0136895 1.07247 5.22195 3.78408
1350 680 0.0150481 1.06969 5.21696 3.78348
1350 730 0.0140901 1.06877 5.21464 3.78194
1350 780 0.0170774 1.06833 5.21386 3.78197
1350 830 0.0158797 1.06916 5.21581 3.78293
1350 880 0.0137665 1.06683 5.21144 3.7803
1350 930 0.0156715 1.07215 5.22092 3.78462
1350 980 0.0159263 1.06558 5.2104 3.77875
1400 1030 0.0163545 1.07047 5.2186 3.78378
1400 1080 0.0124946 1.09533 5.25836 3.80198
1400 1130 0.0124231 1.06616 5.21073 3.77984
1400 1180 0.0116614 1.07987 5.236 3.78742
1400 280 0.0111273 1.09361 5.25752 3.80196
1400 330 0.0112905 1.07355 5.22469 3.78438
1400 380 0.0122943 1.077 5.23124 3.78709
1400 430 0.0141042 1.09044 5.25128 3.80011
1400 480 0.0135766 1.07407 5.22468 3.78402
1400 530 0.0134764 1.08143 5.23739 3.78905
1400 580 0.0153132 1.06756 5.21195 3.78063
1400 630 0.0154864 1.07577 5.22776 3.78512
1400 680 0.0155289 1.07247 5.22195 3.78408
1400 730 0.0163407 1.07275 5.2227 3.78425
1400 780 0.0137895 1.07428 5.22518 3.78412
1400 830 0.0139286 1.06989 5.21792 3.78348
1400 880 0.0157115 1.06609 5.21053 3.77976
1400 930 0.0144943 1.07107 5.21937 3.78317
1400 980 0.0123155 1.07695 5.23098 3.7865
1450 1030 0.0143305 1.07029 5.21816 3.78301
1450 1080 0.0159047 1.06863 5.2144 3.78238
1450 1130 0.0108363 1.06738 5.21154 3.78059
1450 1180 0.0123182 1.09701 5.26281 3.80438
1450 1230 0.0111938 1.07958 5.23519 3.78771
1450 280 0.0124347 1.08273 5.23952 3.79096
1450 330 0.013361 1.0807 5.23636 3.78797
1450 380 0.0130647 1.08698 5.24618 3.794
1450 430 0.0148824 1.06766 5.21254 3.7807
1450 480 0.012995 1.07457 5.22497 3.78349
1450 530 0.0114987 1.06619 5.21095 3.78002
1450 580 0.0154119 1.0749 5.22627 3.78331
1450 630 0.0144883 1.07073 5.21864 3.78382
1450 680 0.0135351 1.08193 5.23773 3.79001
1450 730 0.0140947 1.07841 5.23342 3.78724
1450 780 0.0159594 1.0702 5.21822 3.78309
1450 830 0.013146 1.0778 5.23206 3.7871
1450 880 0.0161264 1.07339 5.2247 3.78424
1450 930 0.0134368 1.06514 5.20851 3.77885
1450 980 0.0140717 1.07262 5.22235 3.784
1500 1030 0.0158826 1.06609 5.21053 3.77976
1500 1080 0.0134509 1.06135 5.20187 3.77536
1500 1130 0.0137186 1.06399 5.20528 3.77693
1500 1180 0.0146593 1.06412 5.20582 3.77727
1500 1230 0.0142183 1.07156 5.22025 3.78429
1500 1280 0.0106937 1.06572 5.20996 3.77873
1500 280 0.0114972 1.08024 5.23635 3.78751
1500 330 0.0123656 1.07954 5.23501 3.7878
1500 380 0.0122047 1.08116 5.23689 3.78901
1500 430 0.0138231 1.08003 5.236 3.78742
1500 480 0.0128919 1.07762 5.23222 3.78691
1500 530 0.0120844 1.06988 5.2179 3.7835
1500 580 0.0140227 1.0944 5.25773 3.80141
1500 630 0.0120812 1.09523 5.25851 3.80192
1500 680 0.0141296 1.07128 5.22016 3.78351
1500 730 0.0143993 1.06978 5.21751 3.7834
1500 780 0.014669 1.0744 5.22519 3.78343
1500 830 0.0140181 1.07174 5.22041 3.78435
1500 880 0.0144061 1.08376 5.24243 3.79125
1500 930 0.014222 1.07039 5.21851 3.78319
1500 980 0.0152619 1.07388 5.22459 3.78416
1550 1030 0.0133096 1.06437 5.20616 3.7777
1550 1080 0.0132657 1.06951 5.21707 3.7832
1550 1130 0.0143393 1.06727 5.21168 3.78062
1550 1180 0.0131155 1.06257 5.20347 3.77637
1550 1230 0.0131915 1.0689 5.21535 3.78242
1550 1280 0.0120983 1.08014 5.23629 3.78748
1550 1330 0.0119935 1.07895 5.23438 3.78751
1550 280 0.0112438 1.08587 5.24447 3.79293
1550 330 0.0132915 1.07345 5.22442 3.78439
1550 380 0.0118476 1.07836 5.23333 3.7873
1550 430 0.0157806 1.06832 5.21386 3.78184
1550 480 0.0111934 1.08913 5.24877 3.79682
1550 530 0.0152924 1.0907 5.25148 3.80022
1550 580 0.0117689 1.07556 5.22721 3.78458
1550 630 0.0122717 1.07497 5.22628 3.78332
1550 680 0.0128694 1.07271 5.22283 3.78438
1550 730 0.0152824 1.076 5.22786 3.78547
1550 780 0.0134512 1.0809 5.23701 3.7887
1550 830 0.0151573 1.07085 5.2188 3.78352
1550 880 0.0153198 1.07873 5.23399 3.78759
1550 930 0.0143843 1.07419 5.22461 3.78406
1550 980 0.0154847 1.07686 5.23073 3.78644
1600 1030 0.0145017 1.0695 5.21701 3.78316
1600 1080 0.0143375 1.07471 5.22565 3.78321
1600 1130 0.0127931 1.0698 5.21765 3.78348
1600 1180 0.0139186 1.07454 5.22506 3.78329
1600 1230 0.0137102 1.07013 5.21806 3.78315
1600 1280 0.0123718 1.08407 5.24227 3.79154
1600 1330 0.012342 1.07247 5.22195 3.78408
1600 1380 0.0103581 1.0672 5.21186 3.78096
1600 280 0.011086 1.07951 5.2349 3.7874
1600 330 0.0109113 1.07914 5.23442 3.78761
1600 380 0.0122017 1.07531 5.22684 3.78388
1600 430 0.0114213 1.08133 5.23701 3.78921
1600 480 0.0115928 1.07422 5.22506 3.78383
1600 530 0.0111472 1.07697 5.23106 3.78707
1600 580 0.0132654 1.07471 5.22565 3.78321
1600 630 0.0107201 1.07271 5.22283 3.78438
1600 680 0.0126165 1.07286 5.22314 3.78398
1600 730 0.012725 1.07693 5.23104 3.78671
1600 780 0.0148241 1.07128 5.22016 3.78351
1600 830 0.0136151 1.07706 5.23123 3.78702
1600 880 0.0123277 1.07815 5.23299 3.78715
1600 930 0.012992 1.07505 5.22672 3.78359
1600 980 0.0151163 1.06481 5.20693 3.77836
1650 1030 0.0161703 1.07315 5.22381 3.78442
1650 1080 0.0176998 1.0713 5.22025 3.78359
1650 1130 0.0142121 1.0737 5.2252 3.7843
1650 1180 0.0127836 1.07537 5.22694 3.7839
1650 1230 0.0152351 1.06956 5.21727 3.78326
1650 1280 0.0134452 1.08868 5.24784 3.79561
1650 1330 0.0113636 1.06506 5.20773 3.77863
1650 1380 0.0127172 1.07028 5.21816 3.78305
1650 1430 0.00942311 1.0851 5.24335 3.7916
1650 280 0.0103764 1.07719 5.2313 3.7874
1650 330 0.0122724 1.09941 5.26762 3.80609
1650 380 0.0118132 1.08 5.23583 3.78725
1650 430 0.00960389 1.08126 5.23707 3.7892
1650 480 0.0116282 1.07792 5.23235 3.78717
1650 530 0.0115689 1.09718 5.26306 3.80379
1650 580 0.0124856 1.0844 5.24303 3.79125
1650 630 0.0122846 1.07633 5.22917 3.78549
1650 680 0.0121864 1.0701 5.21801 3.78304
1650 730 0.0128014 1.07267 5.22276 3.78402
1650 780 0.0125893 1.06846 5.21436 3.78206
1650 830 0.0145981 1.0721 5.22127 3.78469
1650 880 0.0136035 1.07653 5.23012 3.7861
1650 930 0.0134277 1.06795 5.21342 3.78072
1650 980 0.013934 1.08035 5.23636 3.78776
1700 1030 0.0148607 1.06982 5.2177 3.78359
1700 1080 0.0123277 1.07354 5.22474 3.7844
1700 1130 0.0133945 1.07351 5.22454 3.78441
1700 1180 0.0139207 1.08323 5.24031 3.79066
1700 1230 0.0123473 1.0671 5.21167 3.78099
1700 1280 0.0152559 1.06616 5.21073 3.77984
1700 1330 0.0131307 1.07674 5.23039 3.78609
1700 1380 0.01306 1.07273 5.22271 3.78434
1700 1430 0.0121516 1.08856 5.24773 3.7955
1700 1480 0.0120034 1.07552 5.22691 3.78438
1700 280 0.0084898 1.09396 5.25788 3.80164
1700 330 0.0104793 1.08384 5.24225 3.79102
1700 380 0.00960995 1.08112 5.23688 3.78916
1700 430 0.0143524 1.07904 5.23443 3.78726
1700 480 0.0107877 1.07597 5.22778 3.7855
1700 530 0.00962916 1.09214 5.25443 3.80182
1700 580 0.0110564 1.08876 5.24798 3.79591
1700 630 0.0112521 1.07115 5.21989 3.78334
1700 680 0.0127348 1.07524 5.22659 3.78386
1700 730 0.0117047 1.08466 5.24263 3.79221
1700 780 0.0126605 1.08513 5.24345 3.79167
1700 830 0.0125391 1.07957 5.23519 3.78774
1700 880 0.0125901 1.06728 5.21173 3.78057
1700 930 0.0134189 1.07691 5.23096 3.78677
1700 980 0.0110648 1.07411 5.22458 3.78384
1750 1030 0.0122483 1.08199 5.23776 3.7899
1750 1080 0.0119562 1.08601 5.2453 3.79314
1750 1130 0.0119115 1.07522 5.22679 3.78396
1750 1180 0.0145274 1.07474 5.22581 3.78309
1750 1230 0.0113515 1.08432 5.24291 3.79099
1750 1280 0.0131868 1.07345 5.22442 3.78439
1750 1330 0.01508 1.09499 5.25772 3.80184
1750 1380 0.0134206 1.06407 5.20561 3.77703
1750 1430 0.0117455 1.07111 5.21979 3.78318
1750 1480 0.0125335 1.07241 5.22145 3.78395
1750 1530 0.0105675 1.08279 5.23941 3.79094
1750 280 0.0108649 1.08103 5.23686 3.78906
1750 330 0.0102685 1.07519 5.22687 3.78378
1750 380 0.0103825 1.08737 5.24634 3.79417
1750 430 0.0105865 1.08513 5.24345 3.79167
1750 480 0.00937828 1.07404 5.2245 3.7838
1750 530 0.011908 1.08223 5.23781 3.79017
1750 580 0.011278 1.07895 5.23438 3.78751
1750 630 0.0108061 1.08138 5.23734 3.78908
1750 680 0.0132975 1.07395 5.22454 3.78408
1750 730 0.0106972 1.07892 5.23433 3.78709
1750 780 0.0116157 1.07801 5.23259 3.78726
1750 830 0.0112265 1.07583 5.22791 3.78527
1750 880 0.0137718 1.07935 5.23467 3.78781
1750 930 0.014333 1.07932 5.23444 3.78788
1750 980 0.0131978 1.07615 5.22899 3.7857
1800 1030 0.0112211 1.0747 5.22551 3.78325
1800 1080 0.0135049 1.08344 5.24071 3.79076
1800 1130 0.0144791 1.06655 5.21126 3.77997
1800 1180 0.0129047 1.07751 5.23209 3.78661
1800 1230 0.0136002 1.07529 5.22646 3.78387
1800 1280 0.0113788 1.06825 5.21408 3.78194
1800 1330 0.0140158 1.07039 5.21851 3.78319
1800 1380 0.015209 1.06777 5.21313 3.78085
1800 1430 0.0124379 1.06593 5.20989 3.77959
1800 1480 0.0114494 1.07755 5.23223 3.78701
1800 1530 0.0124705 1.08111 5.23681 3.78905
1800 1580 0.00932975 1.07723 5.23133 3.78744
1800 280 0.00871917 1.08781 5.24637 3.79511
1800 330 0.00935105 1.08237 5.23849 3.79025
1800 380 0.0113197 1.08705 5.24645 3.79404
1800 430 0.0118401 1.08152 5.2378 3.78907
1800 480 0.008508 1.07911 5.23451 3.78747
1800 530 0.00992005 1.08962 5.24941 3.7983
1800 580 0.0117568 1.07399 5.22425 3.78403
1800 630 0.0101493 1.09108 5.25226 3.801
1800 680 0.0119041 1.07119 5.21986 3.78352
1800 730 0.011566 1.08017 5.2364 3.78748
1800 780 0.00988162 1.06891 5.21526 3.78242
1800 830 0.0117687 1.07758 5.23208 3.78706
1800 880 0.00928523 1.0918 5.25395 3.80155
1800 930 0.0128392 1.08371 5.24189 3.79124
1800 980 0.0130887 1.07583 5.22791 3.78527
1850 1030 0.0124649 1.07011 5.21801 3.78298
1850 1080 0.0109435 1.07458 5.22504 3.78345
1850 1130 0.0116637 1.06878 5.21451 3.7819
1850 1180 0.0115472 1.07657 5.23 3.78594
1850 1230 0.0151582 1.072 5.22147 3.7845
1850 1280 0.0122751 1.06924 5.21602 3.78289
1850 1330 0.0136945 1.0699 5.21788 3.78345
1850 1380 0.0116231 1.06807 5.21406 3.78169
1850 1430 0.0114817 1.07976 5.23575 3.7874
1850 1480 0.0104365 1.0675 5.21187 3.78052
1850 1530 0.0122733 1.06824 5.21406 3.78187
1850 1580 0.0114243 1.07146 5.22013 3.78382
1850 1630 0.00863333 1.08019 5.23631 3.78747
1850 280 0.00900523 1.09601 5.26059 3.80195
1850 330 0.00937608 1.08396 5.24222 3.79084
1850 380 0.00950353 1.08374 5.24228 3.79139
1850 430 0.00875951 1.0724 5.22147 3.78409
1850 480 0.0109429 1.08278 5.23924 3.79092
1850 530 0.0111732 1.07866 5.23393 3.78748
1850 580 0.0108227 1.07027 5.21819 3.7831
1850 630 0.00914261 1.0728 5.2228 3.78422
1850 680 0.0113562 1.0751 5.2267 3.78388
1850 730 0.0123572 1.068 5.21372 3.7811
1850 780 0.00871207 1.07861 5.23365 3.78767
1850 830 0.00979577 1.0793 5.23464 3.78773
1850 880 0.0116092 1.07281 5.22288 3.78417
1850 930 0.012792 1.07202 5.22141 3.78455
1850 980 0.0102144 1.08931 5.24911 3.79765
1900 1030 0.0138731 1.07989 5.23582 3.78752
1900 1080 0.012251 1.07181 5.22075 3.78437
1900 1130 0.0110039 1.08036 5.23638 3.78772
1900 1180 0.0135525 1.0731 5.22356 3.78391
1900 1230 0.0117581 1.07222 5.22103 3.78422
1900 1280 0.0122663 1.07601 5.22783 3.7855
1900 1330 0.0132519 1.07386 5.22474 3.78409
1900 1380 0.0112911 1.07022 5.21816 3.78315
1900 1430 0.0120531 1.07368 5.22502 3.78438
1900 1480 0.0106405 1.07666 5.23032 3.78622
1900 1530 0.0127417 1.06438 5.20637 3.77754
1900 1580 0.0117786 1.06867 5.21438 3.7824
1900 1630 0.0119376 1.0805 5.23643 3.78731
1900 1680 0.0101219 1.07529 5.22646 3.78387
1900 280 0.00759884 1.09282 5.25637 3.80073
1900 330 0.00856086 1.08576 5.24436 3.79286
1900 380 0.00982761 1.09765 5.26268 3.80455
1900 430 0.0093052 1.07593 5.22792 3.78531
1900 480 0.00980444 1.08149 5.23786 3.78906
1900 530 0.00807677 1.07749 5.23189 3.78634
1900 580 0.00872546 1.08893 5.24897 3.79604
1900 630 0.00959869 1.08196 5.23781 3.79006
1900 680 0.00989802 1.08436 5.2429 3.79127
1900 730 0.00888988 1.09324 5.25736 3.80195
1900 780 0.0103353 1.08146 5.23762 3.78902
1900 830 0.0118479 1.08579 5.24431 3.79287
1900 880 0.0123122 1.07373 5.22531 3.78432
1900 930 0.0124393 1.08263 5.23905 3.79066
1900 980 0.0113496 1.07588 5.22794 3.7852
1950 1030 0.0125483 1.07912 5.23451 3.78757
1950 1080 0.0101699 1.07565 5.22747 3.78463
1950 1130 0.0126302 1.07584 5.22774 3.78525
1950 1180 0.0116446 1.0745 5.2249 3.78335
1950 1230 0.0119266 1.0726 5.22243 3.78404
1950 1280 0.0117506 1.07575 5.22775 3.7851
1950 1330 0.0112049 1.07507 5.22675 3.78371
1950 1380 0.0141672 1.07609 5.22826 3.78553
1950 1430 0.0117925 1.07208 5.22143 3.78484
1950 1480 0.0120482 1.07088 5.21898 3.78373
1950 1530 0.0138198 1.07409 5.22448 3.78396
1950 1580 0.0132257 1.08501 5.24327 3.79193
1950 1630 0.0131146 1.07392 5.22454 3.7843
1950 1680 0.0102606 1.08912 5.24864 3.79701
1950 1730 0.00800447 1.07941 5.23498 3.78785
1950 280 0.00686091 1.09192 5.25506 3.80185
1950 330 0.00868529 1.08393 5.24246 3.79126
1950 380 0.0102036 1.08382 5.24215 3.79096
1950 430 0.0105484 1.07549 5.22707 3.78441
1950 480 0.0103561 1.08068 5.23661 3.7875
1950 530 0.0106954 1.07878 5.23415 3.78731
1950 580 0.0105114 1.077 5.23124 3.78709
1950 630 0.0104352 1.07795 5.23235 3.78693
1950 680 0.0116062 1.09092 5.25185 3.80077
1950 730 0.00867129 1.08291 5.23981 3.79096
1950 780 0.00836695 1.07901 5.23428 3.78752
1950 830 0.0105868 1.07283 5.22313 3.7842
1950 880 0.00991358 1.08053 5.23625 3.78726
1950 930 0.0127252 1.07846 5.23355 3.78775
1950 980 0.0114585 1.07459 5.22507 3.78347
2000 1030 0.00886831 1.07906 5.23456 3.7873
2000 1080 0.00991974 1.08609 5.24545 3.79343
2000 1130 0.0112455 1.07219 5.22084 3.78435
2000 1180 0.0103089 1.07085 5.2188 3.78352
2000 1230 0.0105474 1.07495 5.22642 3.78328
2000 1280 0.0107861 1.0781 5.23285 3.7874
2000 1330 0.0122327 1.07237 5.22136 3.78422
2000 1380 0.0131393 1.07268 5.22274 3.78408
2000 1430 0.0112764 1.08737 5.24634 3.79417
2000 1480 0.0125303 1.07853 5.23362 3.78764
2000 1530 0.0121749 1.07501 5.22671 3.78336
2000 1580 0.0108909 1.06892 5.21524 3.78246
2000 1630 0.0139222 1.07615 5.22899 3.7857
2000 1680 0.0112277 1.06514 5.20851 3.77885
2000 1730 0.0117918 1.08051 5.2364 3.7872
2000 1780 0.00820056 1.10108 5.26911 3.81028
2000 280 0.00861773 1.08293 5.23974 3.79103
2000 330 0.00861652 1.09165 5.25349 3.80203
2000 380 0.00888584 1.07583 5.22791 3.78527
2000 430 0.00981519 1.08465 5.24257 3.79209
2000 480 0.0101473 1.08375 5.24235 3.79135
2000 530 0.00918334 1.07906 5.23456 3.7873
2000 580 0.00924373 1.07653 5.23012 3.7861
2000 630 0.0100824 1.08398 5.24236 3.79139
2000 680 0.0101857 1.0777 5.23236 3.78694
2000 730 0.0091702 1.07516 5.22671 3.78347
2000 780 0.00887793 1.08445 5.24315 3.7913
2000 830 0.00994258 1.07574 5.2279 3.78505
2000 880 0.0109026 1.08016 5.23643 3.78747
2000 930 0.00937021 1.08155 5.23768 3.78957
2000 980 0.0117641 1.07307 5.22357 3.78417
500 280 0.00605526 1.23953 5.65885 4.0216
550 280 0.00664716 1.14319 5.36989 3.8495
550 330 0.00576222 1.18522 5.47965 3.92402
600 280 0.00630307 1.17089 5.43923 3.89127
600 330 0.00843145 1.19486 5.50659 3.93779
600 380 0.00860076 1.18856 5.489 3.92674
650 280 0.00959342 1.13946 5.36003 3.84748
650 330 0.00843175 1.08211 5.23793 3.7901
650 380 0.00948035 1.10555 5.2796 3.81266
650 430 0.00918209 1.10707 5.28253 3.81335
700 280 0.010535 1.15288 5.3977 3.85969
700 330 0.00937404 1.09324 5.25736 3.80195
700 380 0.0126866 1.09237 5.255 3.80133
700 430 0.010186 1.12579 5.32817 3.83264
700 480 0.0089783 1.10787 5.2837 3.81427
750 280 0.0148763 1.09498 5.25769 3.80196
750 330 0.0117073 1.13596 5.35033 3.84493
750 380 0.011249 1.11318 5.29656 3.81796
750 430 0.012705 1.10237 5.27039 3.81098
750 480 0.0119422 1.10921 5.28655 3.81544
750 530 0.0109593 1.081 5.23677 3.78915
800 280 0.0122251 1.12778 5.3339 3.83531
800 330 0.0138699 1.07746 5.2317 3.78651
800 380 0.0120286 1.07849 5.2337 3.78757
800 430 0.0114054 1.07836 5.23333 3.7873
800 480 0.0126521 1.0759 5.22786 3.78531
800 530 0.0121251 1.08724 5.24665 3.79397
800 580 0.0105727 1.06198 5.20304 3.77636
850 280 0.0115116 1.07427 5.2251 3.78416
850 330 0.0143914 1.09063 5.25169 3.79999
850 380 0.0142436 1.093 5.25677 3.80069
850 430 0.0151829 1.08244 5.23861 3.79046
850 480 0.0141171 1.06514 5.20851 3.77885
850 530 0.0116688 1.07321 5.22409 3.78423
850 580 0.0131549 1.062 5.20309 3.77641
850 630 0.0130161 1.07303 5.22359 3.78413
900 280 0.0135538 1.08111 5.23681 3.78905
900 330 0.0149123 1.10125 5.2698 3.81055
900 380 0.0169016 1.0677 5.21292 3.7809
900 430 0.0144656 1.09177 5.2539 3.80146
900 480 0.0169069 1.07883 5.23437 3.78727
900 530 0.0149219 1.07876 5.23409 3.78739
900 580 0.0136615 1.07164 5.22031 3.7843
900 630 0.0124122 1.06328 5.20455 3.77724
900 680 0.0118681 1.10281 5.27164 3.81065
950 280 0.01434 1.07116 5.22002 3.78324
950 330 0.0160608 1.09168 5.25341 3.80191
950 380 0.0162586 1.08268 5.23954 3.79092
950 430 0.0150744 1.08132 5.23709 3.78927
950 480 0.0152659 1.0921 5.25459 3.80174
950 530 0.0131849 1.08515 5.24342 3.79184
950 580 0.0153765 1.07753 5.23202 3.78671
950 630 0.0145648 1.0733 5.22427 3.78431
950 680 0.012804 1.09222 5.25448 3.80135
950 730 0.0118064 1.0862 5.24581 3.79351
