1000 280 0.0149859 1.0927 2.79207 2.98212
1000 330 0.0126932 1.1049 2.7924 2.99409
1000 380 0.014289 1.07825 2.79386 2.97447
1000 430 0.0123529 1.08636 2.79435 2.98128
1000 480 0.0134397 1.10102 2.79194 2.99031
1000 530 0.0143792 1.08688 2.79448 2.98111
1000 580 0.0133515 1.06626 2.79937 2.96943
1000 630 0.0141158 1.06994 2.7984 2.97152
1000 680 0.0132178 1.11217 2.79003 2.99675
1000 730 0.0146003 1.08106 2.79168 2.9756
1000 780 0.0118164 1.10235 2.79282 2.99204
1050 280 0.0123676 1.09148 2.79181 2.9811
1050 330 0.014592 1.07615 2.796 2.97519
1050 380 0.013493 1.09502 2.79254 2.98564
1050 430 0.0160247 1.07478 2.7969 2.97519
1050 480 0.0172991 1.08943 2.79309 2.98181
1050 530 0.0157782 1.06847 2.79956 2.97112
1050 580 0.0156902 1.06386 2.80001 2.96948
1050 630 0.0163196 1.06069 2.79987 2.9679
1050 680 0.0153319 1.08202 2.79092 2.97653
1050 730 0.0146569 1.09035 2.79336 2.98164
1050 780 0.0128459 1.07457 2.79654 2.97487
1050 830 0.0121096 1.06844 2.79943 2.9711
1100 280 0.0130948 1.08101 2.79194 2.97547
1100 330 0.0130748 1.09637 2.79369 2.9871
1100 380 0.0150552 1.08761 2.79464 2.9817
1100 430 0.0151729 1.07407 2.79735 2.97466
1100 480 0.0146747 1.07029 2.79838 2.97233
1100 530 0.0145716 1.08691 2.79471 2.98125
1100 580 0.0166974 1.07692 2.79439 2.97499
1100 630 0.014179 1.10419 2.79223 2.99367
1100 680 0.0137412 1.06519 2.79956 2.96929
1100 730 0.0164784 1.08914 2.79372 2.98174
1100 780 0.0144923 1.07401 2.79744 2.97462
1100 830 0.0125194 1.1007 2.79161 2.99028
1100 880 0.0118437 1.10173 2.79193 2.99105
1150 280 0.0117141 1.07073 2.79831 2.97266
1150 330 0.0140701 1.0719 2.79861 2.97284
1150 380 0.0157087 1.07274 2.79852 2.97371
1150 430 0.0157983 1.07055 2.79853 2.97282
1150 480 0.0146631 1.07849 2.79345 2.97429
1150 530 0.0164179 1.07376 2.79665 2.97412
1150 580 0.0159428 1.08532 2.79384 2.98027
1150 630 0.0147518 1.07167 2.79864 2.97257
1150 680 0.0154432 1.06965 2.79849 2.97148
1150 730 0.01638 1.06839 2.79946 2.97076
1150 780 0.0153965 1.07574 2.79604 2.97522
1150 830 0.0123167 1.06627 2.79946 2.96943
1150 880 0.0120753 1.09283 2.79214 2.98285
1150 930 0.00948692 1.06702 2.79851 2.9693
1200 280 0.0130282 1.08336 2.79179 2.97869
1200 330 0.0140863 1.07504 2.79622 2.97543
1200 380 0.0149385 1.09313 2.79154 2.98297
1200 430 0.0122289 1.07741 2.79418 2.97496
1200 480 0.0150431 1.08375 2.79181 2.97865
1200 530 0.0136747 1.06516 2.79942 2.9692
1200 580 0.0138854 1.06898 2.79856 2.9712
1200 630 0.0144084 1.07043 2.79864 2.97263
1200 680 0.0156222 1.07527 2.79584 2.97563
1200 730 0.0146163 1.0711 2.79838 2.97243
1200 780 0.0140474 1.06229 2.79948 2.96832
1200 830 0.0142123 1.09002 2.79398 2.98193
1200 880 0.0138163 1.06768 2.79944 2.97027
1200 930 0.0109148 1.07617 2.79599 2.97519
1200 980 0.0117704 1.08065 2.79255 2.97503
1250 1030 0.0131446 1.07612 2.79603 2.97525
1250 280 0.0121085 1.07764 2.79387 2.97504
1250 330 0.0124171 1.09572 2.79273 2.98623
1250 380 0.0136736 1.0831 2.79158 2.9786
1250 430 0.0136745 1.07389 2.79711 2.97433
1250 480 0.0144116 1.10783 2.78968 2.99486
1250 530 0.015568 1.08453 2.79283 2.97974
1250 580 0.0120676 1.08552 2.79384 2.97997
1250 630 0.0158343 1.06743 2.79884 2.96988
1250 680 0.0150508 1.07207 2.79857 2.97278
1250 730 0.0159045 1.10356 2.79165 2.99342
1250 780 0.0132833 1.06708 2.79843 2.96938
1250 830 0.0146837 1.06106 2.79944 2.96826
1250 880 0.0133108 1.0747 2.79642 2.9747
1250 930 0.012829 1.07282 2.79817 2.97367
1250 980 0.0133299 1.07598 2.79601 2.97537
1300 1030 0.0144226 1.10051 2.79222 2.98976
1300 1080 0.00985137 1.06676 2.7993 2.96995
1300 280 0.0139305 1.08276 2.79153 2.9784
1300 330 0.0132695 1.10553 2.79085 2.99414
1300 380 0.013195 1.08427 2.79246 2.98004
1300 430 0.0131495 1.08895 2.79386 2.98126
1300 480 0.0155887 1.07889 2.79409 2.97442
1300 530 0.0158277 1.08113 2.79162 2.97564
1300 580 0.0146729 1.08188 2.79084 2.97617
1300 630 0.0130643 1.06503 2.79984 2.96942
1300 680 0.0136994 1.07054 2.79843 2.97259
1300 730 0.0145173 1.08032 2.79299 2.97617
1300 780 0.0154887 1.06535 2.80001 2.96975
1300 830 0.0142573 1.0846 2.79322 2.97983
1300 880 0.0131016 1.06143 2.7994 2.96859
1300 930 0.01399 1.05872 2.80028 2.96743
1300 980 0.0152596 1.07549 2.79562 2.97543
1350 1030 0.014667 1.07971 2.79259 2.97539
1350 1080 0.012856 1.07833 2.79386 2.97458
1350 1130 0.0116688 1.07475 2.79687 2.97517
1350 280 0.0121696 1.07666 2.79477 2.97482
1350 330 0.0123222 1.07341 2.79726 2.97422
1350 380 0.0139418 1.07009 2.79813 2.97159
1350 430 0.0149378 1.07669 2.79498 2.97497
1350 480 0.0150052 1.0918 2.79183 2.98156
1350 530 0.0122592 1.08836 2.79427 2.98145
1350 580 0.0126049 1.08841 2.79428 2.98139
1350 630 0.0136933 1.07563 2.79582 2.9753
1350 680 0.0149605 1.07173 2.79864 2.97269
1350 730 0.0140936 1.06877 2.79862 2.97122
1350 780 0.0169022 1.06862 2.79925 2.9711
1350 830 0.0158869 1.07192 2.79867 2.97292
1350 880 0.0136961 1.06985 2.7985 2.97157
1350 930 0.0154083 1.0796 2.79288 2.97509
1350 980 0.0156698 1.07803 2.79396 2.97435
1400 1030 0.0160071 1.07103 2.79815 2.97228
1400 1080 0.0123231 1.08597 2.79424 2.98022
1400 1130 0.0119934 1.07061 2.79832 2.97283
1400 1180 0.0112254 1.08935 2.7934 2.98231
1400 280 0.011127 1.09932 2.7934 2.98945
1400 330 0.0112057 1.07542 2.79549 2.97521
1400 380 0.0121218 1.0804 2.79277 2.97589
1400 430 0.0140203 1.09057 2.79277 2.98133
1400 480 0.0134917 1.07419 2.7974 2.97486
1400 530 0.0132957 1.08182 2.79092 2.97623
1400 580 0.0152362 1.06768 2.79944 2.97027
1400 630 0.0154064 1.07591 2.79611 2.97561
1400 680 0.0155289 1.07847 2.79335 2.97422
1400 730 0.0162541 1.07505 2.7962 2.9754
1400 780 0.0137965 1.07739 2.79414 2.97494
1400 830 0.0136761 1.07327 2.79727 2.9738
1400 880 0.0155293 1.06643 2.79965 2.96988
1400 930 0.0143164 1.07314 2.79747 2.97385
1400 980 0.012136 1.07806 2.79416 2.97434
1450 1030 0.014065 1.07364 2.79721 2.97414
1450 1080 0.0158144 1.07501 2.79631 2.97532
1450 1130 0.0108363 1.07057 2.79837 2.97258
1450 1180 0.0120696 1.10934 2.78924 2.99564
1450 1230 0.0104089 1.08129 2.79166 2.97611
1450 280 0.0124388 1.08273 2.79127 2.97804
1450 330 0.0132741 1.08083 2.79224 2.97542
1450 380 0.0129764 1.08774 2.79474 2.9818
1450 430 0.0147117 1.0701 2.79813 2.97158
1450 480 0.0129138 1.08224 2.79128 2.97698
1450 530 0.0114142 1.06582 2.79992 2.9701
1450 580 0.0153277 1.07798 2.79403 2.97434
1450 630 0.0144116 1.07059 2.79826 2.97263
1450 680 0.0133605 1.07805 2.79421 2.97433
1450 730 0.0140273 1.07588 2.79609 2.97555
1450 780 0.0156966 1.06953 2.79833 2.97136
1450 830 0.0128799 1.08546 2.79425 2.97981
1450 880 0.0159642 1.07362 2.79722 2.97421
1450 930 0.0130863 1.06835 2.7994 2.97082
1450 980 0.0140824 1.08273 2.79127 2.97804
1500 1030 0.0158825 1.0678 2.79959 2.97021
1500 1080 0.0134583 1.06135 2.79943 2.9683
1500 1130 0.0135364 1.06634 2.79938 2.96942
1500 1180 0.0144947 1.06631 2.79931 2.96938
1500 1230 0.0138749 1.07108 2.79837 2.97218
1500 1280 0.0104512 1.07079 2.79851 2.97259
1500 280 0.0114972 1.08024 2.79276 2.97601
1500 330 0.0123656 1.07954 2.79305 2.9754
1500 380 0.0121171 1.0814 2.79158 2.9762
1500 430 0.0137382 1.08291 2.79176 2.97836
1500 480 0.0127176 1.0743 2.79685 2.97463
1500 530 0.0120884 1.06988 2.79852 2.97155
1500 580 0.0137592 1.09585 2.79306 2.98676
1500 630 0.0118183 1.09635 2.79366 2.98712
1500 680 0.0139609 1.06971 2.79867 2.97154
1500 730 0.0142444 1.06975 2.79889 2.97167
1500 780 0.0144938 1.07473 2.79666 2.97517
1500 830 0.013753 1.07217 2.79826 2.97277
1500 880 0.0143085 1.07973 2.79268 2.97539
1500 930 0.0140529 1.07088 2.79857 2.97271
1500 980 0.015175 1.07415 2.79756 2.97495
1550 1030 0.0128869 1.07159 2.79909 2.9725
1550 1080 0.0130993 1.06946 2.79809 2.97132
1550 1130 0.0142515 1.07242 2.79843 2.97348
1550 1180 0.0131281 1.06798 2.7996 2.97047
1550 1230 0.0130235 1.07135 2.79856 2.97241
1550 1280 0.0116769 1.08123 2.79172 2.97607
1550 1330 0.0116467 1.07971 2.79259 2.97539
1550 280 0.0112438 1.08587 2.79414 2.98015
1550 330 0.0132915 1.07345 2.79714 2.9742
1550 380 0.0117637 1.08203 2.79095 2.97645
1550 430 0.0157841 1.06904 2.79856 2.97145
1550 480 0.0111972 1.08913 2.79369 2.98168
1550 530 0.0152058 1.09117 2.79117 2.98058
1550 580 0.0117689 1.0822 2.79126 2.97685
1550 630 0.0121771 1.07835 2.79393 2.97454
1550 680 0.0128693 1.08033 2.7929 2.97626
1550 730 0.0152824 1.07836 2.79382 2.97456
1550 780 0.0133609 1.0849 2.79378 2.98016
1550 830 0.0148151 1.07408 2.7974 2.97469
1550 880 0.0150528 1.07699 2.79473 2.9751
1550 930 0.0141405 1.07992 2.79288 2.97613
1550 980 0.0153944 1.07702 2.79463 2.97506
1600 1030 0.0145151 1.0695 2.79833 2.97131
1600 1080 0.0141658 1.07245 2.79847 2.97344
1600 1130 0.0125312 1.07282 2.79817 2.97367
1600 1180 0.0138283 1.07907 2.79383 2.97481
1600 1230 0.0136282 1.06931 2.7981 2.97135
1600 1280 0.0121976 1.085 2.79319 2.98001
1600 1330 0.0119024 1.07676 2.79453 2.97501
1600 1380 0.0101943 1.06966 2.79859 2.97158
1600 280 0.0110074 1.07991 2.79294 2.97606
1600 330 0.010821 1.08342 2.79158 2.97864
1600 380 0.0122051 1.07405 2.79744 2.97468
1600 430 0.0114211 1.08515 2.7936 2.98015
1600 480 0.0115926 1.07686 2.79438 2.9748
1600 530 0.0110671 1.08512 2.79354 2.98015
1600 580 0.0131772 1.07503 2.79622 2.97534
1600 630 0.0107201 1.07589 2.79612 2.97554
1600 680 0.012441 1.07291 2.79787 2.97353
1600 730 0.012725 1.07693 2.79444 2.97493
1600 780 0.0148241 1.07252 2.79839 2.9735
1600 830 0.0136151 1.07706 2.79437 2.97491
1600 880 0.0121551 1.07529 2.7958 2.97533
1600 930 0.0130011 1.07886 2.79421 2.97464
1600 980 0.0151258 1.06668 2.79925 2.9698
1650 1030 0.0161703 1.07315 2.79763 2.97389
1650 1080 0.0176285 1.07302 2.79792 2.97379
1650 1130 0.0140407 1.074 2.79741 2.97462
1650 1180 0.0126057 1.07834 2.7939 2.9746
1650 1230 0.0149722 1.07346 2.79733 2.97451
1650 1280 0.0132883 1.08933 2.79335 2.98217
1650 1330 0.0111057 1.06544 2.79996 2.96979
1650 1380 0.0122762 1.07498 2.79653 2.97555
1650 1430 0.00888231 1.0807 2.79246 2.97527
1650 280 0.0103763 1.07719 2.79417 2.97467
1650 330 0.0121779 1.10399 2.79159 2.99365
1650 380 0.0117358 1.08027 2.79286 2.97592
1650 430 0.00960389 1.08126 2.79176 2.97598
1650 480 0.0116317 1.07792 2.79378 2.97443
1650 530 0.0114033 1.09805 2.79352 2.98892
1650 580 0.0124856 1.0844 2.79255 2.97976
1650 630 0.0122886 1.08685 2.79451 2.98129
1650 680 0.0121864 1.072 2.7988 2.97288
1650 730 0.0128014 1.07267 2.79846 2.97362
1650 780 0.0125893 1.06846 2.79964 2.97125
1650 830 0.0145151 1.07222 2.79813 2.9728
1650 880 0.0136035 1.07912 2.79356 2.97486
1650 930 0.0130863 1.06677 2.79923 2.97
1650 980 0.0137652 1.08057 2.79269 2.97515
1700 1030 0.0148646 1.06982 2.79862 2.9716
1700 1080 0.0121561 1.07365 2.79727 2.97414
1700 1130 0.013313 1.07531 2.79585 2.97548
1700 1180 0.0135702 1.08008 2.79267 2.97576
1700 1230 0.0123545 1.0671 2.79858 2.96956
1700 1280 0.0151683 1.06622 2.7996 2.96965
1700 1330 0.0131307 1.07941 2.79328 2.97504
1700 1380 0.0130637 1.07669 2.79498 2.97497
1700 1430 0.0119046 1.10403 2.79163 2.99382
1700 1480 0.0116562 1.07708 2.79439 2.97474
1700 280 0.00840583 1.08801 2.79452 2.98144
1700 330 0.0104829 1.08384 2.79185 2.97879
1700 380 0.00960995 1.08112 2.79168 2.97562
1700 430 0.014269 1.07936 2.79322 2.97493
1700 480 0.0107877 1.07597 2.79597 2.97544
1700 530 0.00946055 1.08797 2.79432 2.98126
1700 580 0.0110598 1.08876 2.79421 2.98165
1700 630 0.0112562 1.06986 2.79843 2.97139
1700 680 0.0126507 1.0749 2.79679 2.97559
1700 730 0.0116309 1.0894 2.79304 2.98201
1700 780 0.0126605 1.09395 2.79283 2.98476
1700 830 0.012548 1.08279 2.79109 2.9782
1700 880 0.0125901 1.06728 2.79857 2.96971
1700 930 0.0134217 1.07691 2.79432 2.97489
1700 980 0.0109846 1.07429 2.79697 2.97465
1750 1030 0.0119876 1.08274 2.79145 2.97836
1750 1080 0.011956 1.09087 2.7922 2.98088
1750 1130 0.0118211 1.07541 2.7955 2.97517
1750 1180 0.014531 1.07474 2.79676 2.97522
1750 1230 0.0111763 1.08465 2.79344 2.97995
1750 1280 0.0131166 1.07744 2.794 2.97498
1750 1330 0.0149923 1.09927 2.79361 2.98936
1750 1380 0.0133333 1.07488 2.79678 2.97561
1750 1430 0.0116552 1.07492 2.79671 2.97533
1750 1480 0.0124521 1.07259 2.79823 2.97346
1750 1530 0.0102333 1.09018 2.79356 2.98147
1750 280 0.0107773 1.08483 2.79375 2.97991
1750 330 0.0101809 1.07789 2.79398 2.97472
1750 380 0.0102976 1.08739 2.79519 2.98197
1750 430 0.0104016 1.09548 2.79267 2.98639
1750 480 0.00938191 1.07404 2.79744 2.97463
1750 530 0.011908 1.08223 2.79129 2.97697
1750 580 0.0111942 1.08199 2.79075 2.97624
1750 630 0.0106281 1.07828 2.79376 2.97459
1750 680 0.0132136 1.07424 2.79726 2.97494
1750 730 0.0106972 1.0812 2.79173 2.97609
1750 780 0.0115281 1.07463 2.79652 2.97502
1750 830 0.0111362 1.07608 2.79593 2.97534
1750 880 0.0136903 1.07954 2.79305 2.9754
1750 930 0.0142427 1.07953 2.79308 2.97539
1750 980 0.0130225 1.07652 2.795 2.9751
1800 1030 0.0111271 1.07799 2.79403 2.97443
1800 1080 0.0134202 1.08353 2.792 2.97893
1800 1130 0.0143048 1.06558 2.80006 2.97
1800 1180 0.0128171 1.07771 2.79372 2.97499
1800 1230 0.0136002 1.0804 2.79277 2.97589
1800 1280 0.0112912 1.06808 2.79982 2.97076
1800 1330 0.0139287 1.07054 2.79843 2.97259
1800 1380 0.0152124 1.06777 2.79949 2.97024
1800 1430 0.0120886 1.06639 2.79939 2.96979
1800 1480 0.0111051 1.08718 2.79477 2.98171
1800 1530 0.0122032 1.07434 2.7965 2.97449
1800 1580 0.00917277 1.09128 2.79114 2.98073
1800 280 0.00871901 1.08781 2.79439 2.98168
1800 330 0.00935105 1.08576 2.79413 2.98018
1800 380 0.011072 1.08755 2.79478 2.98183
1800 430 0.0116649 1.08181 2.791 2.97624
1800 480 0.008508 1.08369 2.79184 2.9789
1800 530 0.00993084 1.08962 2.7933 2.98177
1800 580 0.0117568 1.07399 2.79735 2.97457
1800 630 0.0100617 1.09164 2.79164 2.98138
1800 680 0.0119041 1.07316 2.79752 2.97392
1800 730 0.0114065 1.08072 2.79246 2.97552
1800 780 0.00979403 1.06961 2.79847 2.97159
1800 830 0.0117687 1.07758 2.79381 2.97503
1800 880 0.00928523 1.09596 2.79311 2.98683
1800 930 0.0128392 1.08371 2.79197 2.97893
1800 980 0.0130084 1.07614 2.79615 2.97528
1850 1030 0.0121994 1.07061 2.79832 2.97283
1850 1080 0.0109496 1.07458 2.79661 2.97498
1850 1130 0.0116637 1.06994 2.7984 2.97152
1850 1180 0.0115472 1.07657 2.79501 2.97516
1850 1230 0.0149955 1.0728 2.79807 2.97373
1850 1280 0.0121902 1.06937 2.79797 2.97127
1850 1330 0.0136979 1.0699 2.79865 2.9715
1850 1380 0.0115313 1.07024 2.7984 2.97193
1850 1430 0.011489 1.07976 2.79263 2.9755
1850 1480 0.0101746 1.07035 2.79852 2.97233
1850 1530 0.0121836 1.07194 2.79887 2.97284
1850 1580 0.0114348 1.08832 2.79428 2.98148
1850 1630 0.00830341 1.09378 2.79244 2.98438
1850 280 0.00900523 1.09601 2.79317 2.98667
1850 330 0.00937608 1.08396 2.79206 2.97916
1850 380 0.00950353 1.08374 2.79193 2.97874
1850 430 0.00875951 1.0724 2.79822 2.97329
1850 480 0.0109429 1.08278 2.79133 2.97849
1850 530 0.0110829 1.07891 2.79417 2.97447
1850 580 0.0107415 1.07007 2.79811 2.97176
1850 630 0.00914261 1.0728 2.79807 2.97373
1850 680 0.0113562 1.0751 2.79617 2.97556
1850 730 0.0123572 1.068 2.79953 2.97063
1850 780 0.00871924 1.07861 2.79377 2.97427
1850 830 0.00979577 1.0793 2.79338 2.97505
1850 880 0.0114403 1.07818 2.79412 2.97452
1850 930 0.012792 1.07202 2.79868 2.97284
1850 980 0.010124 1.08439 2.79262 2.97968
1900 1030 0.0137785 1.0801 2.79263 2.97589
1900 1080 0.012251 1.07181 2.79895 2.97267
1900 1130 0.010919 1.08077 2.79237 2.97542
1900 1180 0.0135524 1.07977 2.79277 2.97559
1900 1230 0.0117581 1.07222 2.79813 2.9728
1900 1280 0.0122733 1.07601 2.7961 2.97539
1900 1330 0.0130804 1.07405 2.79744 2.97468
1900 1380 0.0111231 1.07054 2.79843 2.97259
1900 1430 0.0119649 1.07697 2.79451 2.97508
1900 1480 0.0105629 1.07655 2.79498 2.97513
1900 1530 0.012479 1.06786 2.79981 2.97027
1900 1580 0.0116172 1.07407 2.79735 2.97466
1900 1630 0.0117654 1.08126 2.79176 2.97598
1900 1680 0.00977875 1.08342 2.79158 2.97864
1900 280 0.00759884 1.09282 2.79216 2.98281
1900 330 0.00856086 1.08576 2.79413 2.98018
1900 380 0.00982761 1.10336 2.79136 2.99253
1900 430 0.0093052 1.07593 2.7961 2.97543
1900 480 0.00980788 1.08149 2.79182 2.9766
1900 530 0.00807677 1.07749 2.79378 2.97494
1900 580 0.0087299 1.08893 2.79379 2.98115
1900 630 0.00961344 1.08196 2.7908 2.97616
1900 680 0.00989802 1.08436 2.79262 2.98001
1900 730 0.00888973 1.09868 2.7937 2.98877
1900 780 0.0102513 1.08177 2.79112 2.97639
1900 830 0.0117641 1.08986 2.79382 2.98186
1900 880 0.0122246 1.07389 2.79711 2.97433
1900 930 0.0124393 1.08263 2.79082 2.97752
1900 980 0.0113496 1.07913 2.79355 2.97492
1950 1030 0.0125483 1.07912 2.79356 2.97486
1950 1080 0.0101734 1.07824 2.7939 2.97448
1950 1130 0.0126302 1.07584 2.79607 2.97535
1950 1180 0.0115637 1.07704 2.79444 2.97496
1950 1230 0.0119337 1.07541 2.7955 2.97517
1950 1280 0.0115761 1.07628 2.79579 2.97522
1950 1330 0.0111173 1.07816 2.79401 2.9744
1950 1380 0.0141672 1.07873 2.79397 2.97464
1950 1430 0.0117925 1.07418 2.79742 2.97486
1950 1480 0.0119706 1.07091 2.79838 2.97255
1950 1530 0.0137349 1.07731 2.79418 2.97476
1950 1580 0.0130464 1.08512 2.79354 2.98015
1950 1630 0.0128553 1.07429 2.79697 2.97465
1950 1680 0.0100829 1.09034 2.79328 2.98153
1950 1730 0.00747637 1.08629 2.79412 2.9811
1950 280 0.00687076 1.09192 2.79176 2.98187
1950 330 0.00868529 1.09542 2.79305 2.98658
1950 380 0.0102036 1.08382 2.79185 2.97885
1950 430 0.0104609 1.07537 2.7956 2.97527
1950 480 0.0103561 1.08068 2.79265 2.97521
1950 530 0.0106954 1.07878 2.79423 2.97486
1950 580 0.0104211 1.07702 2.79463 2.97506
1950 630 0.0104389 1.07795 2.79395 2.97437
1950 680 0.0116062 1.09092 2.79249 2.98068
1950 730 0.00867113 1.08291 2.79176 2.97836
1950 780 0.00836695 1.07901 2.79408 2.97466
1950 830 0.0105868 1.07446 2.79642 2.97446
1950 880 0.00982599 1.08335 2.79169 2.97866
1950 930 0.0127252 1.07846 2.79341 2.97422
1950 980 0.0114585 1.07459 2.79664 2.97487
2000 1030 0.00878072 1.07904 2.79394 2.97458
2000 1080 0.00992321 1.08609 2.79442 2.98069
2000 1130 0.0112455 1.07219 2.79822 2.9728
2000 1180 0.0101386 1.07084 2.7985 2.97274
2000 1230 0.0104571 1.07515 2.79616 2.97581
2000 1280 0.0107861 1.0781 2.79429 2.97459
2000 1330 0.0122325 1.07237 2.79828 2.97318
2000 1380 0.0130573 1.07414 2.79759 2.97484
2000 1430 0.0111889 1.08737 2.79518 2.98186
2000 1480 0.0125341 1.08134 2.79153 2.9762
2000 1530 0.0121004 1.07533 2.79589 2.97533
2000 1580 0.0107085 1.07477 2.79692 2.9753
2000 1630 0.0139222 1.07615 2.796 2.97519
2000 1680 0.0110633 1.06389 2.80021 2.96929
2000 1730 0.0117991 1.08051 2.79245 2.97542
2000 1780 0.00782931 1.0957 2.79286 2.98617
2000 280 0.00862135 1.08293 2.79165 2.97828
2000 330 0.00852893 1.09232 2.79201 2.98222
2000 380 0.00888957 1.07583 2.79602 2.97534
2000 430 0.00981519 1.08465 2.79344 2.97995
2000 480 0.0101471 1.08375 2.79181 2.97865
2000 530 0.00918334 1.08192 2.79085 2.97608
2000 580 0.00915614 1.077 2.79475 2.97505
2000 630 0.0100824 1.08398 2.79213 2.9792
2000 680 0.0100982 1.08112 2.79168 2.97562
2000 730 0.0091702 1.07516 2.7961 2.97573
2000 780 0.00887793 1.08916 2.79363 2.98172
2000 830 0.00994242 1.07574 2.79604 2.97522
2000 880 0.0107274 1.07902 2.79404 2.9747
2000 930 0.00937021 1.08155 2.7916 2.97664
2000 980 0.0117713 1.07556 2.79572 2.97539
500 280 0.00519725 1.27928 2.81852 3.18938
550 280 0.00621541 1.19321 2.77323 3.06878
550 330 0.00452634 1.28738 2.82684 3.20085
600 280 0.00605523 1.19109 2.77598 3.06834
600 330 0.00762886 1.17876 2.77966 3.05805
600 380 0.00690617 1.2184 2.78773 3.10515
650 280 0.00917001 1.13652 2.79226 3.01646
650 330 0.00810202 1.09325 2.7916 2.98316
650 380 0.00862891 1.16084 2.77293 3.03521
650 430 0.00786789 1.1756 2.78215 3.05455
700 280 0.0101706 1.17515 2.78162 3.05436
700 330 0.00876834 1.13256 2.79429 3.01445
700 380 0.0118117 1.15311 2.78402 3.03105
700 430 0.00939999 1.18692 2.77473 3.06296
700 480 0.00784935 1.1545 2.77638 3.0315
750 280 0.0143864 1.12298 2.7893 3.00354
750 330 0.0116307 1.14386 2.78653 3.02237
750 380 0.0104953 1.11957 2.78967 3.00271
750 430 0.0119191 1.13459 2.79344 3.01646
750 480 0.0110934 1.15092 2.78662 3.03061
750 530 0.0101989 1.13836 2.78104 3.01695
800 280 0.0119623 1.13082 2.7929 3.01116
800 330 0.0136277 1.09369 2.79253 2.98433
800 380 0.0113312 1.1108 2.78879 2.99673
800 430 0.0110657 1.0862 2.79431 2.98081
800 480 0.012214 1.07195 2.79881 2.97279
800 530 0.0117749 1.11526 2.79177 3.00056
800 580 0.0099124 1.06422 2.80044 2.96979
850 280 0.0113453 1.07897 2.79392 2.97448
850 330 0.0143143 1.09101 2.79172 2.98063
850 380 0.0139911 1.10969 2.78894 2.99644
850 430 0.0147396 1.10774 2.78983 2.99504
850 480 0.0134082 1.09765 2.79323 2.98843
850 530 0.0109782 1.08847 2.79407 2.98146
850 580 0.0127452 1.08161 2.79136 2.97654
850 630 0.0125012 1.10268 2.79258 2.99211
900 280 0.0134735 1.08555 2.7937 2.9801
900 330 0.0147469 1.145 2.78671 3.02391
900 380 0.0164656 1.08301 2.79147 2.97848
900 430 0.0141159 1.09871 2.79366 2.98869
900 480 0.0162938 1.08449 2.79258 2.97979
900 530 0.014565 1.098 2.79374 2.9891
900 580 0.0133174 1.07622 2.79598 2.9754
900 630 0.0119122 1.06913 2.79847 2.97133
900 680 0.0111022 1.09565 2.79302 2.98642
950 280 0.0142454 1.07414 2.79759 2.97484
950 330 0.0158115 1.10194 2.79145 2.99152
950 380 0.016002 1.08774 2.79474 2.9818
950 430 0.0148161 1.08202 2.79092 2.97653
950 480 0.0143894 1.1161 2.79102 3.00061
950 530 0.0129247 1.08626 2.79437 2.98112
950 580 0.0153918 1.08992 2.79393 2.98187
950 630 0.0138803 1.07462 2.7966 2.97499
950 680 0.0124719 1.10605 2.79029 2.99446
950 730 0.011008 1.12286 2.78898 3.0029
