1000 280 0.0180247 1.06424 7.37277 5.97347
1000 330 0.0157747 1.06053 7.36535 5.96882
1000 380 0.0173598 1.07262 7.39739 5.98647
1000 430 0.014093 1.0674 7.38291 5.97774
1000 480 0.0150229 1.0661 7.37888 5.97653
1000 530 0.0163251 1.06578 7.37608 5.97657
1000 580 0.0156358 1.05765 7.35867 5.96406
1000 630 0.0164899 1.06396 7.37275 5.97392
1000 680 0.0151534 1.08318 7.41931 5.99314
1000 730 0.0172533 1.05576 7.35468 5.96206
1000 780 0.0138084 1.0755 7.40211 5.98798
1050 280 0.0158222 1.07144 7.39428 5.98449
1050 330 0.0175572 1.06718 7.38299 5.97796
1050 380 0.0161381 1.06206 7.36871 5.97178
1050 430 0.0178822 1.06137 7.36811 5.9704
1050 480 0.0191689 1.0693 7.39108 5.98084
1050 530 0.0184665 1.06192 7.36874 5.97193
1050 580 0.0176331 1.05716 7.35788 5.96476
1050 630 0.0178055 1.05557 7.35395 5.96262
1050 680 0.016816 1.06036 7.36432 5.9688
1050 730 0.0172912 1.07175 7.3948 5.98499
1050 780 0.0146732 1.05586 7.35437 5.96177
1050 830 0.0147087 1.06986 7.39164 5.98258
1100 280 0.0166738 1.07217 7.39648 5.98484
1100 330 0.0154367 1.06804 7.38587 5.98025
1100 380 0.017332 1.06937 7.3915 5.98055
1100 430 0.0182509 1.06877 7.3882 5.98023
1100 480 0.016767 1.06989 7.39163 5.98231
1100 530 0.0168924 1.07099 7.39459 5.98436
1100 580 0.0187492 1.0702 7.39284 5.98272
1100 630 0.016991 1.06565 7.37521 5.97603
1100 680 0.0161455 1.06799 7.38551 5.98027
1100 730 0.0180487 1.06531 7.37503 5.97635
1100 780 0.0162298 1.05524 7.35381 5.96241
1100 830 0.0137243 1.06624 7.37913 5.97743
1100 880 0.0133506 1.08306 7.4195 5.99268
1150 280 0.0140251 1.0732 7.39907 5.98625
1150 330 0.0173866 1.06494 7.37513 5.97555
1150 380 0.0183425 1.06818 7.38588 5.98077
1150 430 0.0187547 1.06557 7.3756 5.97531
1150 480 0.0170675 1.06337 7.37134 5.97323
1150 530 0.0180637 1.06722 7.38263 5.97753
1150 580 0.0183473 1.07923 7.41064 5.99098
1150 630 0.0166828 1.06623 7.37926 5.97729
1150 680 0.01676 1.05957 7.36361 5.96733
1150 730 0.0177056 1.05675 7.35691 5.96306
1150 780 0.0162555 1.06382 7.37258 5.97368
1150 830 0.0138612 1.07125 7.39379 5.98402
1150 880 0.0134011 1.07392 7.40075 5.98496
1150 930 0.0111485 1.06839 7.38564 5.9801
1200 280 0.0160167 1.06927 7.39092 5.98022
1200 330 0.0161136 1.06523 7.37503 5.97544
1200 380 0.0161248 1.06799 7.38551 5.98027
1200 430 0.0143103 1.06617 7.37927 5.97663
1200 480 0.0167152 1.06831 7.38549 5.98014
1200 530 0.0153615 1.05829 7.3596 5.96409
1200 580 0.015185 1.06367 7.3718 5.97344
1200 630 0.0166605 1.06692 7.38129 5.97755
1200 680 0.0170563 1.06418 7.37303 5.9735
1200 730 0.015741 1.06726 7.38304 5.97753
1200 780 0.0161817 1.05488 7.35318 5.96057
1200 830 0.0153595 1.06508 7.37497 5.97513
1200 880 0.0146283 1.05919 7.36321 5.96633
1200 930 0.012044 1.06585 7.37654 5.97638
1200 980 0.0132398 1.07315 7.39839 5.98612
1250 1030 0.0140777 1.0664 7.38003 5.97727
1250 280 0.0143723 1.06679 7.3803 5.97795
1250 330 0.0142584 1.07869 7.41069 5.99126
1250 380 0.0148058 1.07392 7.40075 5.98496
1250 430 0.0152556 1.06733 7.38314 5.97772
1250 480 0.0154685 1.08069 7.40897 5.99013
1250 530 0.016616 1.06825 7.38556 5.97977
1250 580 0.014331 1.06836 7.38534 5.98031
1250 630 0.0172556 1.06606 7.37897 5.97685
1250 680 0.0160259 1.06089 7.36615 5.97
1250 730 0.0169563 1.08049 7.40851 5.99335
1250 780 0.0147662 1.05964 7.3632 5.96742
1250 830 0.0159043 1.06342 7.37142 5.97355
1250 880 0.0141632 1.05915 7.36355 5.96636
1250 930 0.0135937 1.05869 7.36034 5.96566
1250 980 0.0143735 1.06116 7.36719 5.96999
1300 1030 0.015549 1.08357 7.4185 5.99199
1300 1080 0.0110643 1.06136 7.36822 5.97058
1300 280 0.0160625 1.07552 7.40186 5.98784
1300 330 0.0148358 1.07728 7.40722 5.99095
1300 380 0.0155747 1.06671 7.3803 5.97817
1300 430 0.0142203 1.06267 7.369 5.97116
1300 480 0.017349 1.07144 7.39428 5.98449
1300 530 0.0174905 1.07172 7.39489 5.98496
1300 580 0.0159001 1.07074 7.39429 5.98371
1300 630 0.014675 1.07123 7.39382 5.98414
1300 680 0.0146587 1.06715 7.38267 5.97783
1300 730 0.0162768 1.07277 7.39767 5.9859
1300 780 0.0164345 1.06492 7.37481 5.97566
1300 830 0.0151037 1.06224 7.36913 5.97078
1300 880 0.0139869 1.06038 7.36409 5.96889
1300 930 0.0149552 1.05626 7.35528 5.96266
1300 980 0.0165955 1.06074 7.36553 5.96968
1350 1030 0.0153482 1.07458 7.40325 5.98631
1350 1080 0.0133343 1.06246 7.36962 5.97081
1350 1130 0.0126975 1.07192 7.39545 5.98525
1350 280 0.0142194 1.07304 7.39851 5.9861
1350 330 0.0144547 1.07552 7.40186 5.98784
1350 380 0.0152545 1.06491 7.3748 5.97563
1350 430 0.0168714 1.07622 7.40483 5.98955
1350 480 0.0161455 1.07318 7.39898 5.98627
1350 530 0.0131326 1.06877 7.3882 5.98023
1350 580 0.0140165 1.08159 7.41331 5.99139
1350 630 0.0150418 1.06883 7.38824 5.97964
1350 680 0.0160036 1.06543 7.37518 5.97549
1350 730 0.0149852 1.06641 7.38011 5.97759
1350 780 0.017877 1.06656 7.38066 5.97834
1350 830 0.016922 1.0635 7.37116 5.97356
1350 880 0.0150033 1.06561 7.37503 5.9755
1350 930 0.0168221 1.06779 7.38365 5.9801
1350 980 0.0168353 1.06005 7.36359 5.96773
1400 1030 0.0168999 1.07177 7.39499 5.98469
1400 1080 0.0133625 1.08657 7.42226 5.99793
1400 1130 0.012846 1.06408 7.3734 5.97361
1400 1180 0.0124556 1.0751 7.40167 5.98865
1400 280 0.012741 1.07967 7.40604 5.9922
1400 330 0.0121868 1.0727 7.39727 5.98601
1400 380 0.0136341 1.07289 7.39818 5.98605
1400 430 0.0150869 1.0712 7.39406 5.98445
1400 480 0.0144119 1.0692 7.39143 5.98019
1400 530 0.0145339 1.07633 7.40453 5.98909
1400 580 0.016034 1.0641 7.37351 5.9734
1400 630 0.0160239 1.0754 7.4027 5.98676
1400 680 0.0160859 1.06591 7.37697 5.97629
1400 730 0.0173316 1.07067 7.39421 5.98362
1400 780 0.0148745 1.06638 7.37993 5.97726
1400 830 0.0148269 1.06438 7.37356 5.97416
1400 880 0.0163115 1.06353 7.37076 5.97344
1400 930 0.0151045 1.06819 7.38559 5.9811
1400 980 0.0130182 1.06729 7.38287 5.97764
1450 1030 0.0146786 1.06531 7.37503 5.97635
1450 1080 0.0171341 1.06336 7.37128 5.97296
1450 1130 0.0109111 1.06722 7.38263 5.97753
1450 1180 0.0128249 1.08871 7.42819 6.00078
1450 1230 0.0118204 1.07815 7.41034 5.99136
1450 280 0.0136493 1.07101 7.39434 5.98412
1450 330 0.0141522 1.0762 7.40493 5.98945
1450 380 0.0143813 1.07477 7.40249 5.9863
1450 430 0.0156807 1.07196 7.39576 5.9846
1450 480 0.0135917 1.06672 7.38012 5.97801
1450 530 0.0121132 1.07173 7.39504 5.98496
1450 580 0.0160328 1.06905 7.38962 5.97982
1450 630 0.015911 1.07122 7.39374 5.98411
1450 680 0.0142331 1.07732 7.40731 5.99101
1450 730 0.0148023 1.07482 7.40236 5.98873
1450 780 0.0173491 1.07081 7.39411 5.98447
1450 830 0.0136546 1.06956 7.39136 5.98157
1450 880 0.0165391 1.07043 7.39327 5.98294
1450 930 0.0141571 1.06178 7.36814 5.9716
1450 980 0.0145858 1.06904 7.38964 5.97988
1500 1030 0.0165922 1.06335 7.37127 5.97305
1500 1080 0.0137172 1.06106 7.36641 5.97038
1500 1130 0.0141659 1.06328 7.37065 5.97258
1500 1180 0.0150069 1.06399 7.37253 5.97372
1500 1230 0.0146702 1.06612 7.37904 5.97673
1500 1280 0.0113134 1.06067 7.36557 5.96931
1500 280 0.0133192 1.07415 7.40181 5.98511
1500 330 0.013359 1.07116 7.39399 5.98458
1500 380 0.012988 1.07397 7.40138 5.98513
1500 430 0.0148107 1.07416 7.40194 5.98523
1500 480 0.0140472 1.07643 7.40515 5.98925
1500 530 0.0131454 1.07064 7.39447 5.984
1500 580 0.0148912 1.07439 7.40181 5.98592
1500 630 0.0131572 1.08092 7.40909 5.99002
1500 680 0.015274 1.06936 7.3915 5.98061
1500 730 0.0146538 1.06734 7.38291 5.97772
1500 780 0.0149145 1.06739 7.38269 5.97781
1500 830 0.0144597 1.07156 7.39449 5.98477
1500 880 0.0152092 1.07103 7.39408 5.98414
1500 930 0.0150956 1.07011 7.39204 5.98218
1500 980 0.0159976 1.06887 7.38828 5.97958
1550 1030 0.014094 1.06939 7.3914 5.98112
1550 1080 0.0135308 1.06739 7.38269 5.97781
1550 1130 0.0149565 1.07147 7.39434 5.98428
1550 1180 0.0135572 1.06328 7.37065 5.97258
1550 1230 0.0135315 1.07354 7.40097 5.98733
1550 1280 0.0122882 1.0797 7.40583 5.99229
1550 1330 0.0124413 1.08292 7.41954 5.99265
1550 280 0.0123221 1.08289 7.41944 5.99284
1550 330 0.0143414 1.07285 7.39815 5.9856
1550 380 0.0125566 1.06995 7.39177 5.98271
1550 430 0.0171356 1.06783 7.38401 5.9806
1550 480 0.0119733 1.08241 7.41513 5.99086
1550 530 0.0157128 1.07771 7.4087 5.99059
1550 580 0.012754 1.07737 7.40727 5.99086
1550 630 0.0127812 1.07253 7.39624 5.98617
1550 680 0.014398 1.06781 7.38386 5.98031
1550 730 0.0162002 1.07304 7.39851 5.9861
1550 780 0.0139979 1.06953 7.39099 5.98111
1550 830 0.0159239 1.06981 7.3912 5.98206
1550 880 0.0161904 1.08339 7.41884 5.99233
1550 930 0.0148239 1.0704 7.39343 5.9831
1550 980 0.0163252 1.08034 7.4112 5.9906
1600 1030 0.0154823 1.07051 7.39372 5.98377
1600 1080 0.0146729 1.07245 7.39625 5.98537
1600 1130 0.0131289 1.06938 7.39146 5.98069
1600 1180 0.0145205 1.07421 7.40202 5.98534
1600 1230 0.0141462 1.0699 7.39178 5.98221
1600 1280 0.0125401 1.08366 7.41831 5.9926
1600 1330 0.012619 1.06567 7.37514 5.97614
1600 1380 0.010345 1.0672 7.38266 5.97792
1600 280 0.0122513 1.07656 7.40529 5.9892
1600 330 0.011975 1.08387 7.41987 5.99202
1600 380 0.0131997 1.07329 7.39936 5.98695
1600 430 0.0124883 1.07578 7.40316 5.98784
1600 480 0.0121174 1.07189 7.39536 5.98504
1600 530 0.0120342 1.07596 7.40321 5.98849
1600 580 0.0137836 1.0706 7.39411 5.98389
1600 630 0.0114154 1.07236 7.39684 5.98493
1600 680 0.0131551 1.07139 7.39437 5.98464
1600 730 0.0135915 1.07732 7.40731 5.99101
1600 780 0.0152445 1.07049 7.39361 5.98339
1600 830 0.0145241 1.07545 7.40246 5.98736
1600 880 0.0130416 1.07829 7.41102 5.99114
1600 930 0.0138681 1.0684 7.38571 5.9801
1600 980 0.0157505 1.06502 7.37515 5.97558
1650 1030 0.0166879 1.07941 7.40595 5.99118
1650 1080 0.0183262 1.07294 7.39866 5.98574
1650 1130 0.0150246 1.07316 7.39861 5.98629
1650 1180 0.0132323 1.07122 7.39374 5.98411
1650 1230 0.0158526 1.07538 7.40275 5.98645
1650 1280 0.0137938 1.08731 7.42261 5.99813
1650 1330 0.0118117 1.06412 7.37336 5.97344
1650 1380 0.0132576 1.07165 7.39456 5.98471
1650 1430 0.0100685 1.0832 7.419 5.99271
1650 280 0.0116858 1.07248 7.39632 5.98588
1650 330 0.0130606 1.08952 7.42989 6.00356
1650 380 0.0126009 1.07379 7.4019 5.98731
1650 430 0.010554 1.07867 7.41079 5.99136
1650 480 0.01196 1.07525 7.40259 5.98889
1650 530 0.0121914 1.08629 7.4206 5.99651
1650 580 0.0131804 1.0777 7.40866 5.991
1650 630 0.0126156 1.07358 7.40154 5.98718
1650 680 0.0124191 1.07088 7.3942 5.98409
1650 730 0.0134296 1.0742 7.40202 5.98536
1650 780 0.013294 1.06833 7.3855 5.98022
1650 830 0.0150117 1.0722 7.39661 5.98473
1650 880 0.0140522 1.07227 7.39629 5.98503
1650 930 0.0142528 1.06876 7.38811 5.98015
1650 980 0.0144297 1.08276 7.4188 5.99237
1700 1030 0.0156602 1.06912 7.39069 5.97975
1700 1080 0.012851 1.07215 7.3966 5.98459
1700 1130 0.0141838 1.07219 7.39677 5.98455
1700 1180 0.0141914 1.07655 7.40542 5.98925
1700 1230 0.0128 1.06638 7.37993 5.97726
1700 1280 0.0158812 1.06752 7.38328 5.97848
1700 1330 0.0135722 1.07258 7.39692 5.98646
1700 1380 0.0136716 1.06842 7.38561 5.98059
1700 1430 0.0125844 1.08341 7.4187 5.9922
1700 1480 0.0120721 1.07101 7.39434 5.98412
1700 280 0.00979819 1.08956 7.43031 6.00399
1700 330 0.011483 1.07449 7.40255 5.9864
1700 380 0.0101435 1.07603 7.4031 5.98867
1700 430 0.0147987 1.07604 7.40315 5.98875
1700 480 0.0113171 1.07422 7.40223 5.98534
1700 530 0.0100745 1.09068 7.43154 6.00663
1700 580 0.0115123 1.07624 7.40479 5.98946
1700 630 0.0119642 1.0715 7.39444 5.98426
1700 680 0.0133404 1.06732 7.38292 5.97811
1700 730 0.0125035 1.09081 7.43303 6.00688
1700 780 0.0132756 1.09189 7.43642 6.0089
1700 830 0.0130802 1.07603 7.4031 5.98867
1700 880 0.0132826 1.06518 7.37501 5.9755
1700 930 0.0141824 1.07227 7.39629 5.98503
1700 980 0.0116639 1.07259 7.39707 5.98658
1750 1030 0.0126804 1.07688 7.40565 5.98969
1750 1080 0.0124105 1.08045 7.40804 5.99104
1750 1130 0.01279 1.07149 7.39432 5.98452
1750 1180 0.0150661 1.07386 7.40079 5.98687
1750 1230 0.0116116 1.07655 7.40542 5.98925
1750 1280 0.0136284 1.07182 7.39497 5.98497
1750 1330 0.015222 1.0804 7.40761 5.99101
1750 1380 0.0138719 1.06349 7.37111 5.97366
1750 1430 0.0120028 1.06603 7.37829 5.97659
1750 1480 0.0127984 1.06915 7.39102 5.97964
1750 1530 0.0106552 1.07815 7.41034 5.99136
1750 280 0.0118627 1.07869 7.41069 5.99126
1750 330 0.0110756 1.0761 7.40382 5.9888
1750 380 0.010544 1.08054 7.40821 5.99217
1750 430 0.0110031 1.07972 7.40572 5.99013
1750 480 0.00990326 1.07419 7.4022 5.98529
1750 530 0.0127744 1.07775 7.40888 5.99033
1750 580 0.0120742 1.07757 7.40787 5.99096
1750 630 0.01136 1.07994 7.41078 5.99073
1750 680 0.0137248 1.07193 7.39571 5.98499
1750 730 0.0110282 1.07796 7.40921 5.99097
1750 780 0.0122501 1.0716 7.39473 5.98497
1750 830 0.011852 1.06846 7.38606 5.98072
1750 880 0.014378 1.0748 7.4022 5.98856
1750 930 0.0145776 1.07378 7.40181 5.98709
1750 980 0.0138114 1.07795 7.40939 5.99091
1800 1030 0.0114761 1.07436 7.40192 5.98547
1800 1080 0.0142376 1.07887 7.411 5.99184
1800 1130 0.0149211 1.06853 7.3865 5.98044
1800 1180 0.0131701 1.07448 7.40234 5.98634
1800 1230 0.0138566 1.07425 7.40228 5.98562
1800 1280 0.0116412 1.06564 7.37523 5.97579
1800 1330 0.0141744 1.06598 7.37779 5.97661
1800 1380 0.0152959 1.07004 7.39172 5.98204
1800 1430 0.0127999 1.06437 7.37322 5.97408
1800 1480 0.0116284 1.07727 7.40717 5.99105
1800 1530 0.0132697 1.0832 7.419 5.99271
1800 1580 0.00959952 1.07686 7.40546 5.98954
1800 280 0.00994702 1.08245 7.41559 5.99052
1800 330 0.010048 1.0785 7.41054 5.99133
1800 380 0.0116539 1.08053 7.40821 5.99
1800 430 0.0124537 1.07627 7.40486 5.9895
1800 480 0.00892225 1.07514 7.4016 5.98876
1800 530 0.0104359 1.09157 7.43426 6.00816
1800 580 0.0122902 1.07294 7.39866 5.98574
1800 630 0.0104971 1.09002 7.43117 6.00476
1800 680 0.0121624 1.07119 7.394 5.98433
1800 730 0.0117434 1.07983 7.41113 5.99244
1800 780 0.0103163 1.07015 7.39206 5.98253
1800 830 0.0122129 1.06999 7.3917 5.98247
1800 880 0.00964268 1.09093 7.4329 6.00748
1800 930 0.0133635 1.07997 7.40612 5.99043
1800 980 0.0134337 1.07267 7.39713 5.98616
1850 1030 0.0127104 1.06983 7.39149 5.98213
1850 1080 0.0117353 1.07301 7.39839 5.98613
1850 1130 0.0120093 1.06839 7.38564 5.9801
1850 1180 0.0124254 1.07585 7.40323 5.98837
1850 1230 0.0153334 1.0711 7.39409 5.98469
1850 1280 0.0127288 1.06889 7.38835 5.9795
1850 1330 0.0142386 1.06963 7.39089 5.98203
1850 1380 0.012157 1.06941 7.39163 5.98089
1850 1430 0.0116505 1.07913 7.41091 5.99202
1850 1480 0.0108855 1.06969 7.3915 5.98214
1850 1530 0.0124625 1.06808 7.38556 5.98047
1850 1580 0.011607 1.07093 7.39464 5.98404
1850 1630 0.00872793 1.07963 7.40588 5.992
1850 280 0.00908777 1.0886 7.42741 6.00044
1850 330 0.0101016 1.0803 7.41132 5.99225
1850 380 0.010313 1.07575 7.40268 5.98812
1850 430 0.00919375 1.07246 7.39613 5.98565
1850 480 0.0114795 1.0821 7.41333 5.99127
1850 530 0.0115271 1.07818 7.41055 5.99055
1850 580 0.0108775 1.06961 7.39108 5.98197
1850 630 0.00922647 1.07257 7.39666 5.98631
1850 680 0.0118052 1.07456 7.40304 5.98632
1850 730 0.0126946 1.06763 7.3834 5.97873
1850 780 0.00914544 1.07593 7.40335 5.9881
1850 830 0.0101109 1.07715 7.40683 5.99059
1850 880 0.0119611 1.07267 7.39713 5.98616
1850 930 0.0130632 1.07048 7.39368 5.98289
1850 980 0.0103798 1.08324 7.41895 5.99258
1900 1030 0.014573 1.07678 7.40523 5.98963
1900 1080 0.0128558 1.06781 7.38386 5.98031
1900 1130 0.0111848 1.07669 7.40506 5.98954
1900 1180 0.0140523 1.07401 7.40082 5.98522
1900 1230 0.0120065 1.06974 7.39161 5.98289
1900 1280 0.0127092 1.07205 7.39627 5.98432
1900 1330 0.013619 1.0691 7.39046 5.97967
1900 1380 0.0115513 1.06978 7.39155 5.98243
1900 1430 0.0122111 1.07068 7.39423 5.98369
1900 1480 0.0109898 1.07596 7.40321 5.98849
1900 1530 0.0131054 1.0639 7.37269 5.97451
1900 1580 0.0119441 1.06825 7.38556 5.97977
1900 1630 0.0121866 1.08018 7.40657 5.99222
1900 1680 0.0102979 1.07213 7.39664 5.98458
1900 280 0.00882159 1.09293 7.4404 6.01202
1900 330 0.00900425 1.08049 7.40851 5.99335
1900 380 0.0103421 1.08283 7.41899 5.99292
1900 430 0.00963341 1.07604 7.40315 5.98875
1900 480 0.0102621 1.08488 7.419 5.9926
1900 530 0.00850826 1.07307 7.39838 5.98611
1900 580 0.00953396 1.08049 7.40851 5.99335
1900 630 0.0103059 1.08078 7.40926 5.98995
1900 680 0.0107117 1.08643 7.42103 5.99804
1900 730 0.00923248 1.08377 7.41977 5.99258
1900 780 0.011043 1.08392 7.41929 5.99224
1900 830 0.0123755 1.08153 7.41293 5.99031
1900 880 0.0127747 1.07379 7.4019 5.98731
1900 930 0.0126909 1.08218 7.41382 5.99107
1900 980 0.0116923 1.06891 7.38815 5.97958
1950 1030 0.0130736 1.07798 7.40901 5.99085
1950 1080 0.0105095 1.07311 7.39836 5.98618
1950 1130 0.0130624 1.07558 7.40208 5.98763
1950 1180 0.0120078 1.07227 7.39629 5.98503
1950 1230 0.0121758 1.06938 7.39146 5.98069
1950 1280 0.011926 1.07527 7.40301 5.98909
1950 1330 0.0112051 1.07507 7.40184 5.98859
1950 1380 0.0146061 1.07355 7.40114 5.98733
1950 1430 0.0119635 1.07242 7.39647 5.98499
1950 1480 0.0121244 1.07059 7.39408 5.98374
1950 1530 0.0141744 1.07668 7.40509 5.9896
1950 1580 0.0134959 1.08083 7.40927 5.98977
1950 1630 0.013107 1.07392 7.40075 5.98496
1950 1680 0.0104367 1.09493 7.44707 6.01303
1950 1730 0.00854953 1.07777 7.40883 5.99069
1950 280 0.00711287 1.08551 7.41909 5.99573
1950 330 0.0090115 1.07889 7.41084 5.99204
1950 380 0.0106231 1.07956 7.40591 5.99068
1950 430 0.0111879 1.07449 7.40255 5.9864
1950 480 0.0109736 1.08273 7.41856 5.99249
1950 530 0.0110592 1.07495 7.40191 5.98817
1950 580 0.0107401 1.07658 7.40503 5.98945
1950 630 0.0106105 1.07562 7.40198 5.9881
1950 680 0.0119413 1.07946 7.40555 5.99049
1950 730 0.00892661 1.08184 7.41286 5.99106
1950 780 0.00892043 1.0796 7.4058 5.99082
1950 830 0.0109361 1.07419 7.4022 5.98529
1950 880 0.0100729 1.07877 7.41043 5.9918
1950 930 0.0129842 1.07812 7.41017 5.99185
1950 980 0.011543 1.07543 7.40237 5.98654
2000 1030 0.00940101 1.08092 7.40909 5.99002
2000 1080 0.0100991 1.0852 7.41864 5.99347
2000 1130 0.0115854 1.07187 7.39525 5.98499
2000 1180 0.0105735 1.06772 7.38324 5.97959
2000 1230 0.0106254 1.07317 7.39888 5.98633
2000 1280 0.0111371 1.07601 7.40293 5.98877
2000 1330 0.0125174 1.07217 7.39648 5.98484
2000 1380 0.0135513 1.0751 7.40167 5.98865
2000 1430 0.0114525 1.08474 7.41909 5.99349
2000 1480 0.0128955 1.07887 7.411 5.99184
2000 1530 0.0126194 1.07512 7.40156 5.98883
2000 1580 0.0109759 1.06863 7.38752 5.98043
2000 1630 0.0142796 1.07671 7.40468 5.98961
2000 1680 0.0116573 1.06601 7.37824 5.97626
2000 1730 0.0119807 1.08394 7.41918 5.99231
2000 1780 0.00819117 1.10108 7.46249 6.01673
2000 280 0.00921118 1.07933 7.41099 5.99098
2000 330 0.00958492 1.07458 7.40325 5.98631
2000 380 0.00966838 1.07572 7.40284 5.98804
2000 430 0.0101628 1.08405 7.41948 5.99278
2000 480 0.0105959 1.08736 7.42331 5.99837
2000 530 0.00954701 1.07832 7.41094 5.99107
2000 580 0.00975925 1.0803 7.41132 5.99225
2000 630 0.0102576 1.07781 7.40965 5.99067
2000 680 0.0106846 1.07479 7.40221 5.98868
2000 730 0.0095317 1.07124 7.39396 5.98406
2000 780 0.00938974 1.07626 7.40491 5.98943
2000 830 0.0105815 1.07541 7.40266 5.98663
2000 880 0.0112273 1.08149 7.41256 5.99043
2000 930 0.00983965 1.07866 7.41089 5.99134
2000 980 0.0122104 1.07079 7.39443 5.98399
500 280 0.0112163 1.09796 7.45448 6.01576
550 280 0.0136227 1.07497 7.40193 5.98837
550 330 0.00915587 1.08113 7.41252 5.99026
600 280 0.0144913 1.07272 7.39725 5.98614
600 330 0.0130462 1.09857 7.45469 6.01517
600 380 0.0112647 1.11038 7.48831 6.03628
650 280 0.0143814 1.06345 7.37145 5.97355
650 330 0.01327 1.05259 7.35317 5.96091
650 380 0.0127385 1.06491 7.3748 5.97563
650 430 0.0116387 1.0674 7.38291 5.97774
700 280 0.0160781 1.0623 7.36913 5.97051
700 330 0.0130184 1.0806 7.40864 5.98977
700 380 0.015841 1.05997 7.36397 5.9676
700 430 0.0140533 1.06659 7.38022 5.97808
700 480 0.0119055 1.09417 7.44532 6.01463
750 280 0.0187715 1.06628 7.37935 5.97718
750 330 0.0151019 1.06069 7.36549 5.96955
750 380 0.0143218 1.06713 7.38217 5.97783
750 430 0.0162633 1.06212 7.36856 5.97132
750 480 0.0138832 1.06875 7.38793 5.98003
750 530 0.0134286 1.06256 7.36901 5.97079
800 280 0.0171158 1.05804 7.35884 5.9647
800 330 0.017705 1.05435 7.35392 5.9598
800 380 0.0153185 1.06245 7.36954 5.97065
800 430 0.0142806 1.06629 7.37927 5.97738
800 480 0.0157672 1.06026 7.36478 5.96817
800 530 0.0147854 1.07111 7.39428 5.98493
800 580 0.012754 1.06229 7.36899 5.97029
850 280 0.015595 1.07109 7.3941 5.98461
850 330 0.0179854 1.05641 7.35596 5.96344
850 380 0.0188865 1.07071 7.39443 5.98355
850 430 0.018132 1.06534 7.37475 5.9762
850 480 0.0170657 1.05799 7.35877 5.96474
850 530 0.0132415 1.06378 7.37183 5.97369
850 580 0.0153928 1.06273 7.36898 5.97106
850 630 0.0141527 1.05451 7.35357 5.95968
900 280 0.0169192 1.06318 7.37013 5.97232
900 330 0.0169229 1.06025 7.36461 5.96816
900 380 0.0197043 1.0739 7.40059 5.98465
900 430 0.0175625 1.06178 7.36814 5.9716
900 480 0.0197602 1.05989 7.36358 5.96744
900 530 0.0168939 1.0704 7.39343 5.9831
900 580 0.0159912 1.06633 7.37951 5.97719
900 630 0.014397 1.05089 7.34844 5.95767
900 680 0.0133765 1.06912 7.39069 5.97975
950 280 0.0170045 1.06443 7.37363 5.97409
950 330 0.0199066 1.05897 7.3624 5.96656
950 380 0.0197315 1.07816 7.41024 5.99119
950 430 0.0171857 1.07238 7.39712 5.98503
950 480 0.0171195 1.06837 7.38556 5.98019
950 530 0.0154086 1.06251 7.36965 5.97086
950 580 0.0170578 1.06541 7.37501 5.97564
950 630 0.0170546 1.06232 7.36887 5.97026
950 680 0.0139388 1.05663 7.35631 5.96309
950 730 0.0130484 1.0868 7.42206 5.99781
