1000 280 0.017847 1.06873 4.74126 4.48748
1000 330 0.0152343 1.06427 4.73427 4.48077
1000 380 0.0168297 1.07342 4.74505 4.4932
1000 430 0.013671 1.06762 4.73951 4.48519
1000 480 0.0147574 1.06976 4.74099 4.48847
1000 530 0.015875 1.08169 4.75582 4.49645
1000 580 0.0154768 1.05928 4.72911 4.47498
1000 630 0.0159543 1.06196 4.73309 4.47929
1000 680 0.0147259 1.08412 4.75831 4.49125
1000 730 0.0164532 1.06117 4.73214 4.47811
1000 780 0.0126804 1.09775 4.76936 4.50359
1050 280 0.0157435 1.07141 4.74225 4.49141
1050 330 0.0174806 1.0686 4.74092 4.48696
1050 380 0.0156987 1.0637 4.73484 4.48089
1050 430 0.0177905 1.06454 4.73429 4.48145
1050 480 0.0190051 1.07797 4.75188 4.49423
1050 530 0.0183082 1.0749 4.74538 4.49197
1050 580 0.0171946 1.06191 4.73295 4.47898
1050 630 0.0174655 1.06044 4.72983 4.47693
1050 680 0.0162912 1.06385 4.73431 4.48075
1050 730 0.0166082 1.08431 4.75807 4.4904
1050 780 0.0139763 1.06383 4.73429 4.48093
1050 830 0.013957 1.08492 4.75795 4.49058
1100 280 0.0165037 1.07433 4.74512 4.4926
1100 330 0.0153628 1.066 4.73759 4.48435
1100 380 0.0171698 1.07089 4.74206 4.49184
1100 430 0.0180016 1.07408 4.74527 4.49261
1100 480 0.0161835 1.07091 4.74219 4.49195
1100 530 0.0164796 1.0781 4.75197 4.49416
1100 580 0.0184827 1.07026 4.7416 4.49004
1100 630 0.0164629 1.06927 4.7416 4.48902
1100 680 0.0155281 1.07189 4.74257 4.49083
1100 730 0.0173519 1.0824 4.7575 4.49807
1100 780 0.015796 1.06509 4.73538 4.4816
1100 830 0.0130951 1.09076 4.76206 4.49272
1100 880 0.0126449 1.10294 4.77716 4.51374
1150 280 0.0140251 1.0732 4.74539 4.49387
1150 330 0.0172045 1.06492 4.73497 4.48183
1150 380 0.017913 1.06832 4.73979 4.48627
1150 430 0.0184875 1.0692 4.74095 4.48814
1150 480 0.0167143 1.06258 4.73324 4.47995
1150 530 0.0178008 1.07199 4.74235 4.49072
1150 580 0.0177467 1.07435 4.74524 4.49288
1150 630 0.01643 1.06829 4.73999 4.48652
1150 680 0.0164146 1.06388 4.73427 4.48071
1150 730 0.0174577 1.05805 4.727 4.47275
1150 780 0.0160093 1.0665 4.73836 4.48542
1150 830 0.0133608 1.06866 4.74095 4.48667
1150 880 0.0131556 1.10542 4.78117 4.51532
1150 930 0.010623 1.06478 4.73505 4.48159
1200 280 0.0158388 1.07514 4.7464 4.49257
1200 330 0.0160261 1.06707 4.73894 4.48496
1200 380 0.0158805 1.07049 4.74215 4.49146
1200 430 0.0139601 1.06872 4.74131 4.48753
1200 480 0.016531 1.07253 4.74344 4.49265
1200 530 0.015196 1.06035 4.72944 4.47619
1200 580 0.0149258 1.06768 4.73972 4.48589
1200 630 0.0163067 1.06521 4.73572 4.48179
1200 680 0.0167939 1.06674 4.73925 4.48616
1200 730 0.0155827 1.06999 4.74123 4.48891
1200 780 0.0160159 1.05751 4.72699 4.47325
1200 830 0.0152755 1.07439 4.74542 4.49272
1200 880 0.0145422 1.06479 4.73497 4.48155
1200 930 0.011791 1.07045 4.7421 4.49114
1200 980 0.0125403 1.07861 4.75264 4.49434
1250 1030 0.013667 1.07427 4.74538 4.49282
1250 280 0.0142857 1.06663 4.7392 4.48573
1250 330 0.0141835 1.08599 4.7579 4.48966
1250 380 0.0147209 1.07392 4.74462 4.49292
1250 430 0.015269 1.07274 4.74395 4.49271
1250 480 0.0153848 1.09139 4.76445 4.495
1250 530 0.01644 1.07073 4.74258 4.49224
1250 580 0.0139952 1.07178 4.74223 4.49021
1250 630 0.0169052 1.06629 4.73856 4.4852
1250 680 0.0158444 1.06266 4.73316 4.47996
1250 730 0.0168893 1.09151 4.76411 4.49509
1250 780 0.0144952 1.06137 4.73251 4.47817
1250 830 0.0156476 1.06373 4.73482 4.48059
1250 880 0.0139822 1.06546 4.73582 4.48261
1250 930 0.0133381 1.06774 4.73966 4.48574
1250 980 0.0136821 1.07117 4.7423 4.49125
1300 1030 0.015311 1.11077 4.78957 4.52187
1300 1080 0.0101972 1.06262 4.73335 4.4797
1300 280 0.0159796 1.0782 4.75198 4.49375
1300 330 0.0148357 1.08035 4.75417 4.49533
1300 380 0.0154032 1.06665 4.73928 4.48612
1300 430 0.0142197 1.06369 4.73503 4.4812
1300 480 0.0171723 1.07329 4.74496 4.49355
1300 530 0.0174174 1.07194 4.74226 4.4907
1300 580 0.0157243 1.07365 4.74484 4.49364
1300 630 0.014596 1.07149 4.74256 4.49159
1300 680 0.0145712 1.06709 4.73924 4.48531
1300 730 0.0159283 1.07677 4.7496 4.49368
1300 780 0.016272 1.0652 4.73577 4.48165
1300 830 0.0149501 1.06752 4.73977 4.48536
1300 880 0.0138076 1.06049 4.73015 4.47705
1300 930 0.0146057 1.05819 4.72738 4.47315
1300 980 0.0162577 1.07387 4.74481 4.49315
1350 1030 0.0150955 1.07459 4.74505 4.49248
1350 1080 0.0131901 1.06637 4.73837 4.48494
1350 1130 0.0121901 1.07387 4.74481 4.49315
1350 280 0.0142194 1.07304 4.74448 4.49314
1350 330 0.0143671 1.07879 4.75294 4.4944
1350 380 0.0152662 1.06607 4.73774 4.48452
1350 430 0.0166999 1.0764 4.7494 4.49271
1350 480 0.0161623 1.07978 4.75495 4.49534
1350 530 0.0130487 1.07395 4.74483 4.49301
1350 580 0.0137576 1.08224 4.75787 4.49758
1350 630 0.0150455 1.07112 4.74232 4.49148
1350 680 0.015916 1.06575 4.73703 4.48387
1350 730 0.0149886 1.06641 4.73836 4.48511
1350 780 0.0176143 1.067 4.73905 4.48512
1350 830 0.0169292 1.06534 4.73579 4.48241
1350 880 0.0149329 1.06816 4.73984 4.48651
1350 930 0.016559 1.07373 4.74479 4.49344
1350 980 0.0165787 1.06755 4.73936 4.48519
1400 1030 0.0165524 1.07235 4.74262 4.49228
1400 1080 0.0131044 1.07859 4.7523 4.49416
1400 1130 0.0124163 1.06469 4.73468 4.48097
1400 1180 0.0120196 1.08253 4.75772 4.49824
1400 280 0.0127406 1.08353 4.75886 4.49199
1400 330 0.0121021 1.07467 4.74533 4.49211
1400 380 0.0134616 1.07546 4.74739 4.49282
1400 430 0.0150031 1.0711 4.74219 4.4914
1400 480 0.014327 1.06919 4.74116 4.48837
1400 530 0.0143532 1.07661 4.74959 4.49287
1400 580 0.015957 1.06418 4.73438 4.48034
1400 630 0.015944 1.07554 4.74792 4.49264
1400 680 0.0160859 1.06946 4.74123 4.48912
1400 730 0.017245 1.07237 4.74248 4.49211
1400 780 0.0148815 1.06727 4.73929 4.48465
1400 830 0.0145744 1.06636 4.7384 4.48506
1400 880 0.0161294 1.06603 4.73787 4.4847
1400 930 0.0149265 1.06912 4.74122 4.48812
1400 980 0.0128479 1.06799 4.7401 4.48669
1450 1030 0.0144131 1.06709 4.73924 4.48531
1450 1080 0.0170438 1.06757 4.73928 4.48508
1450 1130 0.0109111 1.07036 4.74213 4.49065
1450 1180 0.0124913 1.09997 4.77438 4.50916
1450 1230 0.0110355 1.07963 4.75473 4.49437
1450 280 0.0136534 1.07241 4.74272 4.49224
1450 330 0.0140653 1.0763 4.74972 4.49228
1450 380 0.0142055 1.07523 4.74629 4.49267
1450 430 0.0155099 1.07499 4.74644 4.49226
1450 480 0.0135105 1.07089 4.74206 4.49184
1450 530 0.0120288 1.07522 4.74634 4.49265
1450 580 0.0159487 1.07121 4.74256 4.49152
1450 630 0.0158343 1.0711 4.74219 4.4914
1450 680 0.0140585 1.074 4.745 4.49261
1450 730 0.0147348 1.07289 4.74353 4.49235
1450 780 0.0170862 1.07023 4.74163 4.4901
1450 830 0.0133886 1.07242 4.74274 4.4924
1450 880 0.0163769 1.07062 4.74252 4.4922
1450 930 0.0138066 1.06412 4.73421 4.48071
1450 980 0.0145965 1.07741 4.7511 4.49425
1500 1030 0.0165045 1.06549 4.73601 4.48286
1500 1080 0.0137246 1.06106 4.73181 4.47787
1500 1130 0.0139837 1.06455 4.73422 4.48145
1500 1180 0.0148423 1.06607 4.73774 4.48452
1500 1230 0.0143268 1.06534 4.73579 4.48241
1500 1280 0.0110709 1.06439 4.73457 4.48128
1500 280 0.0133192 1.07415 4.7454 4.49281
1500 330 0.0132714 1.07131 4.74239 4.49155
1500 380 0.0129004 1.07413 4.74522 4.49265
1500 430 0.0147258 1.07602 4.74908 4.4927
1500 480 0.0138729 1.0735 4.74469 4.49288
1500 530 0.0131494 1.07064 4.74218 4.49231
1500 580 0.0146277 1.07503 4.7462 4.49246
1500 630 0.0128944 1.0815 4.75535 4.49644
1500 680 0.0151053 1.06841 4.74026 4.4868
1500 730 0.0144989 1.06734 4.73937 4.48457
1500 780 0.0147393 1.06758 4.73933 4.48523
1500 830 0.0141947 1.07197 4.74229 4.49076
1500 880 0.0151117 1.0712 4.74259 4.49156
1500 930 0.0148389 1.06842 4.74051 4.48706
1500 980 0.0159107 1.06909 4.74147 4.48791
1550 1030 0.0135797 1.06707 4.73894 4.48496
1550 1080 0.0133645 1.0673 4.73957 4.48476
1550 1130 0.0148687 1.07773 4.752 4.49385
1550 1180 0.0134795 1.07029 4.74158 4.4899
1550 1230 0.0133669 1.07686 4.74982 4.49366
1550 1280 0.0118668 1.08075 4.75561 4.4961
1550 1330 0.0120979 1.08381 4.75896 4.49194
1550 280 0.0123221 1.08289 4.758 4.49115
1550 330 0.0143414 1.07285 4.74376 4.49266
1550 380 0.0124727 1.0741 4.74541 4.49304
1550 430 0.017139 1.06958 4.74121 4.48881
1550 480 0.0119806 1.08241 4.75753 4.49805
1550 530 0.0156262 1.08055 4.75439 4.49534
1550 580 0.012754 1.08398 4.75885 4.49123
1550 630 0.0126866 1.07513 4.74632 4.49219
1550 680 0.0143075 1.0733 4.74494 4.49353
1550 730 0.0162002 1.07486 4.74561 4.49213
1550 780 0.013813 1.07147 4.74253 4.49149
1550 830 0.0155817 1.0722 4.74167 4.49096
1550 880 0.0159234 1.08134 4.75497 4.496
1550 930 0.0145801 1.07392 4.74462 4.49292
1550 980 0.0162348 1.08052 4.75451 4.49525
1600 1030 0.0154957 1.07051 4.74235 4.49194
1600 1080 0.0145012 1.07072 4.74262 4.49231
1600 1130 0.0128669 1.07226 4.74241 4.49177
1600 1180 0.0144302 1.07835 4.75186 4.49415
1600 1230 0.0140641 1.06913 4.74128 4.48806
1600 1280 0.0123659 1.08456 4.75796 4.49074
1600 1330 0.0121795 1.06827 4.73987 4.48637
1600 1380 0.0101812 1.06966 4.74154 4.48929
1600 280 0.0121727 1.07689 4.75002 4.49402
1600 330 0.0118847 1.08864 4.76068 4.49022
1600 380 0.0131056 1.07362 4.74487 4.49351
1600 430 0.0124881 1.08181 4.7567 4.497
1600 480 0.0121173 1.0737 4.74448 4.49319
1600 530 0.0119541 1.08314 4.75833 4.49118
1600 580 0.0136954 1.07087 4.74208 4.49155
1600 630 0.0114154 1.07523 4.74629 4.49267
1600 680 0.0129796 1.0714 4.74223 4.49148
1600 730 0.0135915 1.07732 4.75121 4.49431
1600 780 0.0152445 1.07164 4.74219 4.49087
1600 830 0.0145241 1.07545 4.74744 4.49309
1600 880 0.0128691 1.07836 4.7519 4.49416
1600 930 0.0138773 1.07404 4.74487 4.49262
1600 980 0.01576 1.06671 4.73939 4.48611
1650 1030 0.0166879 1.07941 4.75412 4.49434
1650 1080 0.0182548 1.07482 4.74522 4.4919
1650 1130 0.0148532 1.07343 4.74504 4.49316
1650 1180 0.0130544 1.07286 4.74353 4.49265
1650 1230 0.0155898 1.08126 4.75485 4.49594
1650 1280 0.013637 1.08791 4.7605 4.49046
1650 1330 0.0115539 1.06443 4.7345 4.48172
1650 1380 0.0128166 1.07729 4.75117 4.49426
1650 1430 0.00926079 1.07505 4.74621 4.49207
1650 280 0.0116857 1.07442 4.74514 4.49275
1650 330 0.012966 1.09292 4.76064 4.49642
1650 380 0.0125235 1.07649 4.74958 4.49325
1650 430 0.010554 1.07867 4.75269 4.49458
1650 480 0.0119635 1.07525 4.74633 4.49266
1650 530 0.0120258 1.08689 4.7593 4.49053
1650 580 0.0131804 1.0777 4.75168 4.49394
1650 630 0.0126196 1.0822 4.75773 4.4974
1650 680 0.0124191 1.07268 4.7438 4.49287
1650 730 0.0134296 1.0742 4.74551 4.49283
1650 780 0.013294 1.06833 4.73973 4.48651
1650 830 0.0149286 1.07232 4.74259 4.49184
1650 880 0.0140522 1.07375 4.74477 4.49333
1650 930 0.0139114 1.06766 4.73964 4.48549
1650 980 0.014261 1.08302 4.75757 4.49086
1700 1030 0.015664 1.06912 4.74122 4.48812
1700 1080 0.0126794 1.07306 4.74432 4.49317
1700 1130 0.0141023 1.07364 4.74491 4.49326
1700 1180 0.0138409 1.07399 4.7449 4.4925
1700 1230 0.0128072 1.06638 4.7385 4.48523
1700 1280 0.0157936 1.06761 4.73964 4.48556
1700 1330 0.0135722 1.07625 4.74968 4.49282
1700 1380 0.0135835 1.07169 4.74227 4.49093
1700 1430 0.0123374 1.09698 4.76855 4.50236
1700 1480 0.0117249 1.07669 4.74987 4.49306
1700 280 0.00971422 1.09002 4.76235 4.49239
1700 330 0.0114867 1.07449 4.74499 4.49279
1700 380 0.0101435 1.07603 4.74902 4.4926
1700 430 0.0147154 1.07633 4.7497 4.49238
1700 480 0.0113171 1.07422 4.74547 4.49341
1700 530 0.00990587 1.09143 4.76424 4.49488
1700 580 0.0115157 1.07624 4.74972 4.49275
1700 630 0.0119682 1.07047 4.74232 4.49167
1700 680 0.0132564 1.06685 4.73935 4.48578
1700 730 0.0124297 1.09585 4.76604 4.50001
1700 780 0.0132756 1.10118 4.77632 4.51037
1700 830 0.0130891 1.07854 4.75227 4.49427
1700 880 0.0132826 1.06608 4.73767 4.48441
1700 930 0.0140977 1.0724 4.74282 4.49227
1700 980 0.0115836 1.07275 4.74388 4.49263
1750 1030 0.0124197 1.07755 4.75144 4.49395
1750 1080 0.0124103 1.08462 4.75767 4.49027
1750 1130 0.0126996 1.07163 4.74219 4.49082
1750 1180 0.0150697 1.07386 4.74507 4.49346
1750 1230 0.0114364 1.07666 4.74993 4.49347
1750 1280 0.0135581 1.07557 4.74811 4.4929
1750 1330 0.0151343 1.08362 4.75907 4.49212
1750 1380 0.0137846 1.07374 4.74473 4.49333
1750 1430 0.0119125 1.06827 4.73987 4.48637
1750 1480 0.012717 1.07237 4.74248 4.49211
1750 1530 0.010321 1.08478 4.75801 4.49044
1750 280 0.0117751 1.08129 4.75492 4.49575
1750 330 0.0109004 1.07653 4.74988 4.49279
1750 380 0.010459 1.08045 4.75405 4.49501
1750 430 0.0108182 1.08677 4.75915 4.48999
1750 480 0.00990688 1.07419 4.74554 4.49278
1750 530 0.0127744 1.07775 4.75199 4.49392
1750 580 0.0119904 1.08027 4.75409 4.49447
1750 630 0.0111821 1.07708 4.7505 4.49442
1750 680 0.013641 1.07219 4.74171 4.491
1750 730 0.0110282 1.08013 4.7543 4.49526
1750 780 0.0121625 1.06968 4.74139 4.48916
1750 830 0.0117616 1.06966 4.74154 4.48929
1750 880 0.0142965 1.07494 4.74558 4.49186
1750 930 0.0144873 1.07393 4.74467 4.49311
1750 980 0.0136361 1.07834 4.75197 4.49435
1800 1030 0.0113821 1.0775 4.7514 4.49408
1800 1080 0.0141528 1.0789 4.75295 4.49465
1800 1130 0.0147468 1.06682 4.7393 4.48596
1800 1180 0.0130825 1.07465 4.74538 4.4923
1800 1230 0.0138566 1.0783 4.7521 4.49468
1800 1280 0.0115536 1.06542 4.73527 4.48242
1800 1330 0.0140946 1.06614 4.73787 4.48449
1800 1380 0.0152993 1.07004 4.74132 4.48948
1800 1430 0.0124505 1.06487 4.73523 4.48148
1800 1480 0.0112842 1.0916 4.76424 4.49515
1800 1530 0.0130025 1.07632 4.74969 4.49242
1800 1580 0.00934795 1.09095 4.76316 4.49312
1800 280 0.00994686 1.08245 4.75771 4.49819
1800 330 0.010048 1.08075 4.75561 4.4961
1800 380 0.0114062 1.08073 4.75528 4.49598
1800 430 0.0122785 1.07642 4.74937 4.49257
1800 480 0.00892225 1.07702 4.75049 4.49447
1800 530 0.0104466 1.09157 4.76429 4.49494
1800 580 0.0122902 1.07294 4.74394 4.49257
1800 630 0.0104096 1.09055 4.76155 4.49247
1800 680 0.0121624 1.07308 4.74442 4.49323
1800 730 0.0115839 1.08037 4.7539 4.49518
1800 780 0.0102287 1.07016 4.74149 4.49021
1800 830 0.0122129 1.06999 4.74123 4.48891
1800 880 0.00964268 1.09481 4.76495 4.49858
1800 930 0.0133635 1.07997 4.75422 4.49523
1800 980 0.0133629 1.07295 4.74396 4.49259
1850 1030 0.0124449 1.0684 4.74025 4.48711
1850 1080 0.0117413 1.07514 4.7464 4.49257
1850 1130 0.0120093 1.06949 4.74108 4.48886
1850 1180 0.0124254 1.07585 4.74844 4.49213
1850 1230 0.0151707 1.0714 4.74223 4.49148
1850 1280 0.0126439 1.06902 4.74164 4.48814
1850 1330 0.014242 1.06963 4.74127 4.48913
1850 1380 0.0120653 1.07211 4.74183 4.49065
1850 1430 0.0116578 1.07913 4.75354 4.49483
1850 1480 0.0105332 1.07348 4.74454 4.49294
1850 1530 0.0123727 1.07168 4.74235 4.49092
1850 1580 0.0116175 1.08744 4.76048 4.4903
1850 1630 0.00839801 1.093 4.76057 4.49624
1850 280 0.00908777 1.0886 4.7609 4.4904
1850 330 0.0101016 1.0803 4.75413 4.49472
1850 380 0.010313 1.07575 4.74811 4.49229
1850 430 0.00919375 1.07246 4.74314 4.49282
1850 480 0.0114795 1.0821 4.75716 4.49683
1850 530 0.0114367 1.08095 4.75501 4.49581
1850 580 0.0107963 1.0699 4.74087 4.48888
1850 630 0.00922647 1.07257 4.74344 4.4925
1850 680 0.0118052 1.07456 4.74511 4.49254
1850 730 0.0126946 1.06763 4.73948 4.48511
1850 780 0.00915261 1.07593 4.74847 4.49195
1850 830 0.0101109 1.07715 4.75091 4.49449
1850 880 0.0117922 1.07786 4.75197 4.49399
1850 930 0.0130632 1.07095 4.74225 4.49202
1850 980 0.0102895 1.07896 4.75345 4.49535
1900 1030 0.0144784 1.07695 4.74972 4.49425
1900 1080 0.0128558 1.06781 4.73964 4.48569
1900 1130 0.0110999 1.07705 4.75055 4.49463
1900 1180 0.0140521 1.08009 4.75408 4.49563
1900 1230 0.0120065 1.06974 4.74125 4.48887
1900 1280 0.0127161 1.07205 4.74202 4.49093
1900 1330 0.0134475 1.06917 4.74111 4.48823
1900 1380 0.0113832 1.07008 4.74128 4.48965
1900 1430 0.0121229 1.07678 4.74956 4.49353
1900 1480 0.0109121 1.07582 4.74814 4.49226
1900 1530 0.0127523 1.06599 4.73744 4.48429
1900 1580 0.0117827 1.07353 4.74499 4.49338
1900 1630 0.0120185 1.0809 4.75534 4.49595
1900 1680 0.00995474 1.07834 4.75197 4.49435
1900 280 0.00882159 1.09293 4.76069 4.49631
1900 330 0.00900425 1.08049 4.75423 4.49522
1900 380 0.0103421 1.08646 4.75828 4.48912
1900 430 0.00963341 1.07604 4.74903 4.4929
1900 480 0.0102656 1.08488 4.75807 4.49067
1900 530 0.00850826 1.07307 4.74442 4.49323
1900 580 0.00953841 1.08049 4.75423 4.49522
1900 630 0.0103207 1.08078 4.7555 4.49585
1900 680 0.0107117 1.08643 4.75797 4.48891
1900 730 0.00923233 1.08722 4.76006 4.49033
1900 780 0.010959 1.08423 4.75808 4.49028
1900 830 0.0122916 1.08482 4.75808 4.49045
1900 880 0.0126871 1.07498 4.74638 4.49211
1900 930 0.0126909 1.08218 4.75748 4.49714
1900 980 0.0116923 1.06927 4.7416 4.48902
1950 1030 0.0130736 1.07798 4.75193 4.49417
1950 1080 0.010513 1.07378 4.74473 4.49326
1950 1130 0.0130624 1.07558 4.74803 4.49256
1950 1180 0.0119269 1.07399 4.7449 4.4925
1950 1230 0.0121829 1.07073 4.74258 4.49224
1950 1280 0.0117516 1.07579 4.74802 4.49235
1950 1330 0.0111175 1.07816 4.75184 4.49382
1950 1380 0.0145185 1.07352 4.74508 4.49327
1950 1430 0.0119635 1.07445 4.74507 4.49255
1950 1480 0.0120468 1.07062 4.74252 4.4922
1950 1530 0.0140895 1.08014 4.75442 4.49552
1950 1580 0.0133203 1.08416 4.75844 4.49071
1950 1630 0.0128478 1.07429 4.74524 4.49302
1950 1680 0.010259 1.09624 4.76612 4.49966
1950 1730 0.0079311 1.08368 4.7589 4.49195
1950 280 0.00712272 1.08551 4.75739 4.48884
1950 330 0.0090115 1.08796 4.76038 4.49023
1950 380 0.0106231 1.07956 4.75498 4.49523
1950 430 0.0111003 1.07436 4.74538 4.49296
1950 480 0.0109736 1.08273 4.75795 4.49154
1950 530 0.0110592 1.07773 4.752 4.49385
1950 580 0.0106498 1.07659 4.74978 4.49296
1950 630 0.0106142 1.07562 4.74864 4.49317
1950 680 0.0119413 1.07946 4.75452 4.49485
1950 730 0.00892645 1.08239 4.75758 4.49821
1950 780 0.00882288 1.08013 4.7543 4.49526
1950 830 0.0109361 1.07654 4.74981 4.49279
1950 880 0.00998536 1.08058 4.75446 4.49534
1950 930 0.0129842 1.07812 4.75207 4.49415
1950 980 0.011543 1.07543 4.74744 4.49307
2000 1030 0.00931342 1.07837 4.75193 4.49396
2000 1080 0.0101026 1.0852 4.75834 4.4901
2000 1130 0.0115854 1.07187 4.74251 4.49064
2000 1180 0.0104032 1.06762 4.73951 4.48519
2000 1230 0.0105351 1.07397 4.7449 4.49245
2000 1280 0.0110522 1.07619 4.74934 4.49257
2000 1330 0.0125172 1.07217 4.74163 4.49105
2000 1380 0.0134693 1.07698 4.74999 4.49441
2000 1430 0.011365 1.0847 4.75763 4.49055
2000 1480 0.0128992 1.08155 4.75541 4.49691
2000 1530 0.0125449 1.07543 4.74744 4.49307
2000 1580 0.0107934 1.07441 4.74516 4.49275
2000 1630 0.0142796 1.07671 4.74976 4.49338
2000 1680 0.0114929 1.06489 4.73501 4.48172
2000 1730 0.011988 1.08394 4.75876 4.49144
2000 1780 0.00781992 1.0957 4.76645 4.49981
2000 280 0.0092148 1.07933 4.75403 4.49486
2000 330 0.00949733 1.07497 4.74624 4.49216
2000 380 0.00967212 1.07753 4.75156 4.49414
2000 430 0.0101628 1.08405 4.75827 4.49108
2000 480 0.0105958 1.08736 4.76057 4.49039
2000 530 0.00954701 1.08108 4.75477 4.49532
2000 580 0.00967166 1.0806 4.75453 4.49528
2000 630 0.0102576 1.07781 4.75215 4.49425
2000 680 0.010597 1.075 4.74651 4.49256
2000 730 0.0095317 1.07124 4.74255 4.4914
2000 780 0.00938974 1.07792 4.75169 4.49377
2000 830 0.0105813 1.07541 4.74736 4.49339
2000 880 0.0110521 1.07978 4.75495 4.49534
2000 930 0.00983965 1.07866 4.75277 4.49463
2000 980 0.0122176 1.07253 4.74344 4.49265
500 280 0.00896174 1.1547 4.87429 4.58493
550 280 0.0123963 1.12243 4.80636 4.53413
550 330 0.00750899 1.21787 5.00351 4.70931
600 280 0.0140056 1.13575 4.83269 4.54843
600 330 0.0117421 1.13259 4.82402 4.54456
600 380 0.00900442 1.15059 4.86363 4.57327
650 280 0.0136148 1.07751 4.75152 4.49411
650 330 0.0126935 1.06504 4.73517 4.48173
650 380 0.0116263 1.12312 4.80675 4.53488
650 430 0.00988437 1.1346 4.83056 4.54772
700 280 0.0151792 1.08454 4.75819 4.4905
700 330 0.0121462 1.08989 4.76273 4.49281
700 380 0.0147079 1.10454 4.78118 4.5152
700 430 0.0125697 1.10355 4.77811 4.5139
700 480 0.0100818 1.14637 4.85601 4.56669
750 280 0.017931 1.07959 4.75482 4.49511
750 330 0.0146019 1.07061 4.74256 4.49223
750 380 0.0133901 1.08835 4.76134 4.49091
750 430 0.0152281 1.09367 4.76396 4.49951
750 480 0.0128718 1.09675 4.76757 4.50167
750 530 0.0124995 1.11008 4.789 4.52075
800 280 0.016772 1.05886 4.72778 4.47347
800 330 0.0171093 1.06079 4.73143 4.47706
800 380 0.0146212 1.07712 4.75059 4.49419
800 430 0.0139445 1.07141 4.74225 4.49141
800 480 0.0149735 1.05742 4.7268 4.47305
800 530 0.0142553 1.09266 4.76017 4.49591
800 580 0.0115735 1.07001 4.74122 4.48927
850 280 0.0153448 1.07548 4.74741 4.49251
850 330 0.0176456 1.05701 4.72607 4.4717
850 380 0.0184625 1.08462 4.75767 4.49027
850 430 0.0172489 1.08292 4.75791 4.49114
850 480 0.0160117 1.09131 4.76413 4.49426
850 530 0.0125509 1.08525 4.75812 4.48969
850 580 0.0146347 1.07597 4.74861 4.49234
850 630 0.0136448 1.07533 4.74678 4.49322
900 280 0.0168388 1.06761 4.73964 4.48556
900 330 0.0166748 1.09331 4.76261 4.49688
900 380 0.0192681 1.08842 4.76123 4.49107
900 430 0.0169458 1.06862 4.74084 4.48672
900 480 0.0190601 1.06011 4.72934 4.47535
900 530 0.0163655 1.08225 4.75774 4.49726
900 580 0.015459 1.07424 4.74545 4.49292
900 630 0.0136315 1.05617 4.72596 4.47313
900 680 0.0125161 1.07703 4.75042 4.49442
950 280 0.0169099 1.06679 4.73919 4.48605
950 330 0.0193972 1.06846 4.74054 4.48699
950 380 0.0193832 1.0822 4.75773 4.4974
950 430 0.0169274 1.07611 4.74935 4.49242
950 480 0.0161579 1.08459 4.75787 4.4905
950 530 0.0151519 1.0629 4.73331 4.48028
950 580 0.0170861 1.0773 4.75117 4.49426
950 630 0.0160053 1.06955 4.7411 4.48878
950 680 0.0136067 1.0682 4.73994 4.48661
950 730 0.0120877 1.12084 4.80219 4.53038
