         500         280     0.01285     1.09848     7.34779     7.81589
         550         280     0.01577     1.06459     7.28803     7.75345
         550         330     0.01057     1.08191     7.30936     7.77714
         600         280     0.01663     1.05202     7.27504     7.73903
         600         330     0.01612     1.06615     7.28979     7.75540
         600         380     0.01228     1.07388     7.29901     7.76564
         650         280     0.01473     1.09256     7.32935     7.79797
         650         330     0.01677     1.06881     7.29288     7.75883
         650         380     0.01370     1.06620     7.28985     7.75547
         650         430     0.01483     1.06025     7.28329     7.74819
         700         280     0.01914     1.05869     7.28165     7.74636
         700         330     0.01444     1.06055     7.28360     7.74853
         700         380     0.01716     1.06438     7.28779     7.75319
         700         430     0.01428     1.06822     7.29218     7.75806
         700         480     0.01289     1.08546     7.31417     7.78247
         750         230     0.01829     1.05002     7.27319     7.73697
         750         250     0.01653     1.06246     7.28566     7.75082
         750         280     0.02044     1.07366     7.29874     7.76535
         750         330     0.01718     1.08559     7.31434     7.78267
         750         380     0.01546     1.06675     7.29049     7.75618
         750         430     0.01719     1.05780     7.28073     7.74535
         750         480     0.01585     1.07192     7.29660     7.76297
         750         530     0.01408     1.07404     7.29921     7.76586
         800         230     0.01897     1.06076     7.28383     7.74879
         800         250     0.01616     1.06013     7.28316     7.74804
         800         280     0.01732     1.06256     7.28578     7.75095
         800         330     0.02012     1.05536     7.27827     7.74261
         800         380     0.01831     1.06447     7.28790     7.75330
         800         430     0.01602     1.05535     7.27826     7.74260
         800         480     0.01643     1.05715     7.28007     7.74461
         800         530     0.01522     1.07913     7.30569     7.77306
         800         580     0.01346     1.08049     7.30748     7.77505
         850         230     0.01820     1.07057     7.29497     7.76115
         850         250     0.01918     1.07478     7.30013     7.76689
         850         280     0.01665     1.05967     7.28267     7.74750
         850         330     0.01835     1.05940     7.28239     7.74719
         850         380     0.01968     1.07429     7.29952     7.76621
         850         430     0.01895     1.06306     7.28632     7.75156
         850         480     0.01818     1.05328     7.27624     7.74036
         850         530     0.01282     1.06615     7.28979     7.75541
         850         580     0.01694     1.05598     7.27888     7.74329
         850         630     0.01495     1.07028     7.29463     7.76078
         900         280     0.01769     1.06034     7.28339     7.74829
         900         330     0.01860     1.07058     7.29499     7.76117
         900         380     0.02007     1.06523     7.28875     7.75425
         900         430     0.01789     1.06163     7.28476     7.74982
         900         480     0.02023     1.06229     7.28549     7.75062
         900         530     0.01887     1.06944     7.29363     7.75966
         900         580     0.01620     1.06232     7.28552     7.75066
         900         630     0.01622     1.05779     7.28072     7.74533
         900         680     0.01408     1.05744     7.28036     7.74493
         950         280     0.01937     1.06052     7.28358     7.74850
         950         330     0.02100     1.05656     7.27946     7.74394
         950         380     0.02041     1.06927     7.29342     7.75943
         950         430     0.01864     1.05836     7.28130     7.74598
         950         480     0.01697     1.07762     7.30374     7.77089
         950         530     0.01556     1.06157     7.28470     7.74975
         950         580     0.01846     1.06705     7.29082     7.75655
         950         630     0.01807     1.05974     7.28275     7.74759
         950         680     0.01490     1.07038     7.29474     7.76091
         950         730     0.01239     1.07241     7.29720     7.76363
        1000         280     0.01877     1.06589     7.28949     7.75507
        1000         330     0.01550     1.08087     7.30797     7.77560
        1000         380     0.01842     1.06118     7.28428     7.74929
        1000         430     0.01458     1.06923     7.29337     7.75938
        1000         480     0.01716     1.07117     7.29570     7.76196
        1000         530     0.01751     1.06133     7.28444     7.74946
        1000         580     0.01543     1.06133     7.28445     7.74947
        1000         630     0.01693     1.05968     7.28268     7.74751
        1000         680     0.01518     1.07648     7.30228     7.76927
        1000         730     0.01673     1.06355     7.28687     7.75216
        1000         780     0.01450     1.07494     7.30033     7.76711
        1050         280     0.01607     1.06752     7.29137     7.75716
        1050         330     0.01683     1.07454     7.29983     7.76655
        1050         380     0.01765     1.05936     7.28235     7.74715
        1050         430     0.01789     1.07216     7.29690     7.76330
        1050         480     0.02032     1.07235     7.29712     7.76355
        1050         530     0.01951     1.06192     7.28508     7.75017
        1050         580     0.01841     1.06053     7.28359     7.74852
        1050         630     0.01858     1.05713     7.28004     7.74458
        1050         680     0.01722     1.06159     7.28472     7.74977
        1050         730     0.01787     1.06807     7.29201     7.75787
        1050         780     0.01558     1.05810     7.28104     7.74569
        1050         830     0.01619     1.07280     7.29768     7.76417
        1100         280     0.01788     1.07621     7.30193     7.76888
        1100         330     0.01687     1.07063     7.29504     7.76124
        1100         380     0.01715     1.07448     7.29976     7.76647
        1100         430     0.02082     1.06730     7.29112     7.75688
        1100         480     0.01886     1.06800     7.29193     7.75779
        1100         530     0.01676     1.06481     7.28828     7.75373
        1100         580     0.01808     1.07151     7.29611     7.76242
        1100         630     0.01652     1.05958     7.28258     7.74740
        1100         680     0.01647     1.06512     7.28863     7.75411
        1100         730     0.01777     1.06833     7.29231     7.75820
        1100         780     0.01597     1.05375     7.27669     7.74086
        1100         830     0.01392     1.06966     7.29389     7.75995
        1100         880     0.01473     1.06734     7.29116     7.75692
        1150         280     0.01532     1.07182     7.29647     7.76283
        1150         330     0.01839     1.06105     7.28414     7.74913
        1150         380     0.01801     1.06606     7.28969     7.75530
        1150         430     0.01913     1.06511     7.28861     7.75409
        1150         480     0.01730     1.06341     7.28671     7.75198
        1150         530     0.01799     1.07288     7.29777     7.76427
        1150         580     0.01971     1.07047     7.29485     7.76103
        1150         630     0.01680     1.07036     7.29472     7.76088
        1150         680     0.01772     1.06133     7.28444     7.74946
        1150         730     0.01816     1.05476     7.27767     7.74195
        1150         780     0.01798     1.06253     7.28574     7.75091
        1150         830     0.01552     1.07398     7.29914     7.76579
        1150         880     0.01276     1.06580     7.28939     7.75496
        1150         930     0.01104     1.06739     7.29123     7.75700
        1200         280     0.01851     1.07142     7.29599     7.76229
        1200         330     0.01741     1.06641     7.29009     7.75574
        1200         380     0.01737     1.09281     7.33010     7.79871
        1200         430     0.01360     1.06629     7.28995     7.75559
        1200         480     0.01840     1.07270     7.29755     7.76402
        1200         530     0.01707     1.06735     7.29117     7.75694
        1200         580     0.01550     1.06044     7.28349     7.74841
        1200         630     0.01674     1.06189     7.28505     7.75014
        1200         680     0.01713     1.06375     7.28709     7.75241
        1200         730     0.01551     1.08064     7.30767     7.77527
        1200         780     0.01699     1.05637     7.27927     7.74373
        1200         830     0.01363     1.06093     7.28401     7.74899
        1200         880     0.01452     1.06735     7.29117     7.75694
        1200         930     0.01357     1.07286     7.29775     7.76424
        1200         980     0.01490     1.06268     7.28591     7.75110
        1250         280     0.01391     1.06852     7.29254     7.75846
        1250         330     0.01511     1.07381     7.29892     7.76554
        1250         380     0.01494     1.06874     7.29279     7.75874
        1250         430     0.01503     1.07677     7.30265     7.76968
        1250         480     0.01756     1.08262     7.31030     7.77819
        1250         530     0.01693     1.06574     7.28933     7.75489
        1250         580     0.01429     1.07950     7.30617     7.77359
        1250         630     0.01705     1.06101     7.28410     7.74908
        1250         680     0.01863     1.06428     7.28768     7.75306
        1250         730     0.01740     1.07114     7.29565     7.76191
        1250         780     0.01605     1.06711     7.29089     7.75663
        1250         830     0.01727     1.06268     7.28591     7.75109
        1250         880     0.01459     1.05441     7.27733     7.74157
        1250         930     0.01344     1.06249     7.28570     7.75087
        1250         980     0.01528     1.07251     7.29732     7.76377
