         700         480     0.00604     1.16970     7.10444     6.43363
         750         480     0.00703     1.07603     6.90006     6.26267
         750         530     0.00620     1.12993     6.99905     6.34652
         800         480     0.00616     1.09696     6.93310     6.29172
         800         530     0.00836     1.05641     6.87575     6.24045
         800         580     0.00839     1.07160     6.89409     6.25721
         850         480     0.00932     1.05916     6.87881     6.24325
         850         530     0.00634     1.05651     6.87585     6.24055
         850         580     0.00681     1.06089     6.88080     6.24507
         850         630     0.00664     1.07390     6.89715     6.26001
         900         480     0.00948     1.07046     6.89260     6.25585
         900         530     0.00892     1.05962     6.87933     6.24372
         900         580     0.00714     1.08704     6.91596     6.27719
         900         630     0.00880     1.05419     6.87336     6.23827
         900         680     0.00859     1.05516     6.87439     6.23921
         950         480     0.00783     1.05542     6.87467     6.23946
         950         530     0.00837     1.06036     6.88019     6.24451
         950         580     0.00707     1.05328     6.87240     6.23739
         950         630     0.00750     1.09545     6.93034     6.28943
         950         680     0.00792     1.06560     6.88644     6.25022
         950         730     0.00498     1.05399     6.87315     6.23807
        1000         480     0.01047     1.06119     6.88115     6.24539
        1000         530     0.00795     1.08488     6.91271     6.27423
        1000         580     0.00789     1.05096     6.87003     6.23522
        1000         630     0.00820     1.05988     6.87963     6.24400
        1000         680     0.00803     1.06722     6.88846     6.25207
        1000         730     0.00685     1.07487     6.89847     6.26122
        1000         780     0.00724     1.06572     6.88658     6.25035
        1050         480     0.00765     1.06243     6.88261     6.24672
        1050         530     0.00888     1.07897     6.90415     6.26641
        1050         580     0.01035     1.05843     6.87799     6.24249
        1050         630     0.00880     1.05935     6.87902     6.24344
        1050         680     0.00983     1.05463     6.87383     6.23870
        1050         730     0.00930     1.07856     6.90358     6.26588
        1050         780     0.00685     1.07013     6.89218     6.25546
        1050         830     0.00703     1.06747     6.88877     6.25235
        1100         480     0.00832     1.06258     6.88279     6.24688
        1100         530     0.00955     1.05580     6.87508     6.23984
        1100         580     0.00904     1.05482     6.87403     6.23888
        1100         630     0.00895     1.05958     6.87928     6.24368
        1100         680     0.00669     1.10301     6.94440     6.30111
        1100         730     0.00890     1.07709     6.90152     6.26400
        1100         780     0.00747     1.05592     6.87521     6.23996
        1100         830     0.00827     1.06117     6.88113     6.24537
        1100         880     0.00822     1.06043     6.88027     6.24458
        1150         480     0.00759     1.06214     6.88226     6.24640
        1150         530     0.00840     1.06020     6.88000     6.24433
        1150         580     0.00870     1.07718     6.90165     6.26412
        1150         630     0.00868     1.05754     6.87699     6.24158
        1150         680     0.00877     1.06280     6.88305     6.24712
        1150         730     0.00782     1.05944     6.87913     6.24354
        1150         780     0.00904     1.07001     6.89202     6.25532
        1150         830     0.00804     1.06316     6.88348     6.24752
        1150         880     0.00709     1.11101     6.95994     6.31403
        1150         930     0.00791     1.10802     6.95406     6.30914
        1200         480     0.00869     1.06061     6.88048     6.24477
        1200         530     0.01034     1.06286     6.88312     6.24718
        1200         580     0.00784     1.06929     6.89108     6.25446
        1200         630     0.01264     1.06397     6.88446     6.24841
        1200         680     0.01045     1.07033     6.89243     6.25569
        1200         730     0.00795     1.05879     6.87839     6.24287
        1200         780     0.00984     1.05794     6.87744     6.24200
        1200         830     0.00960     1.05923     6.87889     6.24332
        1200         880     0.00829     1.05452     6.87371     6.23858
        1200         930     0.00790     1.07077     6.89301     6.25622
        1200         980     0.00837     1.06626     6.88726     6.25097
        1250         480     0.00895     1.07506     6.89873     6.26145
        1250         530     0.00663     1.06102     6.88095     6.24520
        1250         580     0.00759     1.06031     6.88013     6.24446
        1250         630     0.00956     1.07732     6.90184     6.26429
        1250         680     0.00964     1.07156     6.89404     6.25716
        1250         730     0.00895     1.06562     6.88646     6.25024
        1250         780     0.00811     1.06479     6.88544     6.24931
        1250         830     0.00726     1.05999     6.87976     6.24411
        1250         880     0.00959     1.06806     6.88952     6.25303
        1250         930     0.00739     1.07330     6.89635     6.25928
        1250         980     0.00742     1.06543     6.88624     6.25004
