         500         280     0.00859     1.18836     4.92566     4.63893
         550         280     0.01377     1.14872     4.84281     4.57015
         550         330     0.00782     1.21418     4.98425     4.68704
         600         280     0.01543     1.12092     4.79365     4.52794
         600         330     0.01379     1.15311     4.85095     4.57713
         600         380     0.00963     1.15938     4.86275     4.58726
         650         280     0.01292     1.10109     4.76177     4.50058
         650         330     0.01447     1.08219     4.73769     4.47949
         650         380     0.01161     1.13359     4.81548     4.54669
         650         430     0.01185     1.14342     4.83309     4.56180
         700         280     0.01675     1.09801     4.75711     4.49659
         700         330     0.01255     1.08602     4.74127     4.48279
         700         380     0.01526     1.13424     4.81663     4.54768
         700         430     0.01191     1.13454     4.81716     4.54813
         700         480     0.01017     1.16324     4.87089     4.59396
         750         230     0.01578     1.11704     4.78717     4.52239
         750         250     0.01572     1.09190     4.74814     4.48889
         750         280     0.01834     1.07860     4.73443     4.47648
         750         330     0.01573     1.10215     4.76340     4.50198
         750         380     0.01372     1.09852     4.75789     4.49725
         750         430     0.01516     1.09008     4.74554     4.48665
         750         480     0.01402     1.10640     4.77001     4.50765
         750         530     0.01269     1.12625     4.80272     4.53573
         800         230     0.01793     1.07300     4.72956     4.47199
         800         250     0.01482     1.07994     4.73563     4.47759
         800         280     0.01609     1.06653     4.72425     4.46710
         800         330     0.01842     1.06296     4.72149     4.46455
         800         380     0.01626     1.09025     4.74577     4.48685
         800         430     0.01445     1.07444     4.73078     4.47311
         800         480     0.01524     1.06340     4.72183     4.46486
         800         530     0.01380     1.08731     4.74250     4.48392
         800         580     0.01211     1.10330     4.76517     4.50351
         850         230     0.01663     1.07281     4.72940     4.47184
         850         250     0.01648     1.08461     4.73994     4.48156
         850         280     0.01523     1.08028     4.73594     4.47787
         850         330     0.01721     1.06158     4.72046     4.46360
         850         380     0.01876     1.08394     4.73931     4.48098
         850         430     0.01762     1.07561     4.73179     4.47405
         850         480     0.01666     1.07335     4.72985     4.47226
         850         530     0.01086     1.10502     4.76785     4.50580
         850         580     0.01540     1.07542     4.73163     4.47390
         850         630     0.01384     1.08246     4.73793     4.47971
         900         280     0.01719     1.06981     4.72690     4.46953
         900         330     0.01790     1.08778     4.74296     4.48434
         900         380     0.01937     1.08526     4.74056     4.48213
         900         430     0.01635     1.07092     4.72781     4.47038
         900         480     0.01902     1.07803     4.73392     4.47601
         900         530     0.01821     1.07638     4.73247     4.47467
         900         580     0.01471     1.06749     4.72501     4.46780
         900         630     0.01554     1.06633     4.72410     4.46695
         900         680     0.01240     1.06950     4.72664     4.46930
         950         280     0.01812     1.07011     4.72714     4.46976
         950         330     0.02007     1.07304     4.72959     4.47202
         950         380     0.01981     1.07874     4.73456     4.47660
         950         430     0.01769     1.07140     4.72821     4.47074
         950         480     0.01670     1.08443     4.73978     4.48141
         950         530     0.01493     1.05831     4.71808     4.46140
         950         580     0.01833     1.08334     4.73875     4.48047
         950         630     0.01648     1.06933     4.72650     4.46917
         950         680     0.01412     1.08229     4.73778     4.47957
         950         730     0.01141     1.14574     4.83732     4.56544
        1000         280     0.01815     1.07172     4.72848     4.47099
        1000         330     0.01475     1.08750     4.74268     4.48409
        1000         380     0.01759     1.07964     4.73537     4.47734
        1000         430     0.01390     1.08169     4.73723     4.47906
        1000         480     0.01685     1.07185     4.72859     4.47109
        1000         530     0.01627     1.06983     4.72691     4.46954
        1000         580     0.01532     1.06015     4.71940     4.46262
        1000         630     0.01608     1.06396     4.72225     4.46525
        1000         680     0.01477     1.08403     4.73940     4.48106
        1000         730     0.01578     1.06752     4.72505     4.46783
        1000         780     0.01329     1.09532     4.75312     4.49316
        1050         280     0.01547     1.06958     4.72671     4.46936
        1050         330     0.01634     1.07617     4.73229     4.47450
        1050         380     0.01642     1.06380     4.72214     4.46514
        1050         430     0.01746     1.07373     4.73017     4.47255
        1050         480     0.01980     1.08530     4.74059     4.48216
        1050         530     0.01930     1.07912     4.73489     4.47691
        1050         580     0.01775     1.06283     4.72140     4.46446
        1050         630     0.01837     1.06745     4.72499     4.46777
        1050         680     0.01679     1.07105     4.72792     4.47048
        1050         730     0.01648     1.07716     4.73316     4.47530
        1050         780     0.01500     1.06747     4.72500     4.46779
        1050         830     0.01505     1.09838     4.75767     4.49707
        1100         280     0.01748     1.07955     4.73528     4.47727
        1100         330     0.01612     1.08174     4.73728     4.47910
        1100         380     0.01649     1.07693     4.73295     4.47511
        1100         430     0.02021     1.07339     4.72989     4.47229
        1100         480     0.01789     1.07795     4.73385     4.47594
        1100         530     0.01617     1.08269     4.73815     4.47991
        1100         580     0.01738     1.07916     4.73493     4.47694
        1100         630     0.01575     1.07293     4.72950     4.47193
        1100         680     0.01527     1.08171     4.73725     4.47908
        1100         730     0.01676     1.08823     4.74339     4.48474
        1100         780     0.01553     1.06961     4.72673     4.46938
        1100         830     0.01266     1.10367     4.76575     4.50400
        1100         880     0.01399     1.10751     4.77175     4.50915
        1150         280     0.01469     1.06426     4.72248     4.46546
        1150         330     0.01778     1.06246     4.72111     4.46420
        1150         380     0.01671     1.06635     4.72411     4.46697
        1150         430     0.01811     1.07181     4.72855     4.47106
        1150         480     0.01652     1.06550     4.72345     4.46635
        1150         530     0.01761     1.07894     4.73473     4.47676
        1150         580     0.01860     1.07480     4.73110     4.47340
        1150         630     0.01650     1.06938     4.72655     4.46921
        1150         680     0.01744     1.05808     4.71791     4.46125
        1150         730     0.01716     1.06315     4.72163     4.46468
        1150         780     0.01748     1.06563     4.72354     4.46644
        1150         830     0.01493     1.06402     4.72230     4.46529
        1150         880     0.01246     1.08624     4.74148     4.48298
        1150         930     0.01051     1.06783     4.72529     4.46805
        1200         280     0.01785     1.08198     4.73749     4.47930
        1200         330     0.01723     1.06996     4.72702     4.46964
        1200         380     0.01670     1.09319     4.75001     4.49049
        1200         430     0.01336     1.06737     4.72492     4.46771
        1200         480     0.01797     1.07763     4.73356     4.47568
        1200         530     0.01667     1.06365     4.72202     4.46504
        1200         580     0.01489     1.07044     4.72742     4.47001
        1200         630     0.01625     1.06950     4.72664     4.46930
        1200         680     0.01633     1.08399     4.73935     4.48102
        1200         730     0.01480     1.06815     4.72554     4.46828
        1200         780     0.01661     1.05905     4.71860     4.46189
        1200         830     0.01345     1.07419     4.73057     4.47292
        1200         880     0.01430     1.07623     4.73233     4.47454
        1200         930     0.01282     1.09140     4.74741     4.48826
        1200         980     0.01392     1.08387     4.73924     4.48092
        1250         280     0.01304     1.08199     4.73750     4.47931
        1250         330     0.01487     1.08155     4.73710     4.47894
        1250         380     0.01456     1.07148     4.72828     4.47081
        1250         430     0.01442     1.07174     4.72849     4.47100
        1250         480     0.01676     1.09124     4.74718     4.48806
        1250         530     0.01642     1.06513     4.72316     4.46608
        1250         580     0.01399     1.08233     4.73781     4.47960
        1250         630     0.01669     1.06865     4.72595     4.46866
        1250         680     0.01808     1.06719     4.72478     4.46758
        1250         730     0.01706     1.08202     4.73753     4.47934
        1250         780     0.01550     1.06869     4.72598     4.46869
        1250         830     0.01664     1.06929     4.72647     4.46914
        1250         880     0.01439     1.05760     4.71757     4.46093
        1250         930     0.01301     1.06473     4.72285     4.46580
        1250         980     0.01429     1.07898     4.73477     4.47679
