         500         280     0.01160     1.12451     7.42911     6.10170
         550         280     0.01477     1.08676     7.34360     6.04222
         550         330     0.00999     1.09108     7.35224     6.04723
         600         280     0.01581     1.06959     7.31275     6.02729
         600         330     0.01523     1.10609     7.38509     6.07051
         600         380     0.01151     1.09750     7.36592     6.05692
         650         280     0.01327     1.07667     7.32489     6.03317
         650         330     0.01512     1.07407     7.32032     6.03096
         650         380     0.01325     1.08493     7.34008     6.04052
         650         430     0.01376     1.08684     7.34376     6.04230
         700         280     0.01775     1.06657     7.30783     6.02491
         700         330     0.01355     1.06872     7.31131     6.02660
         700         380     0.01676     1.06359     7.30315     6.02265
         700         430     0.01376     1.06286     7.30203     6.02211
         700         480     0.01223     1.13036     7.44380     6.11212
         750         230     0.01622     1.11415     7.40389     6.08383
         750         250     0.01632     1.06718     7.30881     6.02539
         750         280     0.01971     1.07065     7.31451     6.02814
         750         330     0.01627     1.07979     7.33051     6.03589
         750         380     0.01459     1.07016     7.31369     6.02775
         750         430     0.01670     1.06660     7.30789     6.02494
         750         480     0.01527     1.07072     7.31463     6.02820
         750         530     0.01386     1.06549     7.30612     6.02408
         800         230     0.01797     1.07623     7.32411     6.03279
         800         250     0.01541     1.06751     7.30934     6.02564
         800         280     0.01634     1.06748     7.30929     6.02562
         800         330     0.01907     1.06272     7.30182     6.02200
         800         380     0.01712     1.06804     7.31021     6.02606
         800         430     0.01506     1.07186     7.31655     6.02913
         800         480     0.01596     1.06195     7.30065     6.02144
         800         530     0.01425     1.08596     7.34206     6.04147
         800         580     0.01296     1.09620     7.36311     6.05493
         850         230     0.01677     1.07120     7.31543     6.02859
         850         250     0.01730     1.07596     7.32364     6.03256
         850         280     0.01566     1.07069     7.31458     6.02818
         850         330     0.01752     1.06084     7.29899     6.02064
         850         380     0.01937     1.07515     7.32221     6.03187
         850         430     0.01838     1.06257     7.30160     6.02190
         850         480     0.01782     1.05368     7.28882     6.01572
         850         530     0.01182     1.06205     7.30080     6.02151
         850         580     0.01635     1.06263     7.30168     6.02194
         850         630     0.01426     1.09089     7.35185     6.04695
         900         280     0.01723     1.06449     7.30454     6.02332
         900         330     0.01813     1.07370     7.31969     6.03065
         900         380     0.02002     1.07069     7.31457     6.02818
         900         430     0.01702     1.06813     7.31035     6.02613
         900         480     0.01987     1.06382     7.30351     6.02282
         900         530     0.01846     1.06663     7.30793     6.02496
         900         580     0.01535     1.06170     7.30027     6.02125
         900         630     0.01623     1.05780     7.29455     6.01849
         900         680     0.01358     1.05459     7.29006     6.01632
         950         280     0.01830     1.06750     7.30933     6.02564
         950         330     0.02066     1.05993     7.29763     6.01998
         950         380     0.01996     1.07208     7.31692     6.02931
         950         430     0.01811     1.06488     7.30517     6.02362
         950         480     0.01697     1.07800     7.32725     6.03431
         950         530     0.01516     1.05639     7.29255     6.01752
         950         580     0.01829     1.06923     7.31216     6.02701
         950         630     0.01713     1.06291     7.30210     6.02214
         950         680     0.01435     1.07995     7.33080     6.03603
         950         730     0.01236     1.09021     7.35043     6.04594
        1000         280     0.01828     1.06822     7.31049     6.02620
        1000         330     0.01513     1.07605     7.32379     6.03264
        1000         380     0.01815     1.07034     7.31398     6.02789
        1000         430     0.01454     1.07051     7.31427     6.02803
        1000         480     0.01691     1.07132     7.31564     6.02869
        1000         530     0.01693     1.06616     7.30718     6.02460
        1000         580     0.01535     1.05990     7.29759     6.01996
        1000         630     0.01668     1.06155     7.30004     6.02114
        1000         680     0.01500     1.08089     7.33251     6.03686
        1000         730     0.01648     1.06394     7.30369     6.02291
        1000         780     0.01447     1.08385     7.33805     6.03954
        1050         280     0.01550     1.06903     7.31182     6.02684
        1050         330     0.01643     1.07967     7.33028     6.03578
        1050         380     0.01715     1.06241     7.30135     6.02178
        1050         430     0.01749     1.07265     7.31788     6.02978
        1050         480     0.01992     1.07644     7.32448     6.03297
        1050         530     0.01950     1.06357     7.30313     6.02264
        1050         580     0.01803     1.06037     7.29828     6.02029
        1050         630     0.01858     1.05713     7.29359     6.01802
        1050         680     0.01704     1.06401     7.30381     6.02297
        1050         730     0.01755     1.07519     7.32227     6.03190
        1050         780     0.01554     1.05936     7.29680     6.01958
        1050         830     0.01580     1.07642     7.32445     6.03296
        1100         280     0.01751     1.07952     7.33001     6.03565
        1100         330     0.01627     1.08132     7.33332     6.03725
        1100         380     0.01652     1.07615     7.32397     6.03272
        1100         430     0.02054     1.06511     7.30552     6.02379
        1100         480     0.01861     1.07267     7.31792     6.02980
        1100         530     0.01643     1.07547     7.32278     6.03214
        1100         580     0.01745     1.07681     7.32513     6.03328
        1100         630     0.01645     1.06946     7.31254     6.02719
        1100         680     0.01597     1.08116     7.33302     6.03710
        1100         730     0.01772     1.06462     7.30475     6.02342
        1100         780     0.01582     1.05451     7.28995     6.01626
        1100         830     0.01364     1.08032     7.33148     6.03636
        1100         880     0.01467     1.07906     7.32918     6.03524
        1150         280     0.01469     1.06426     7.30418     6.02315
        1150         330     0.01781     1.06212     7.30091     6.02156
        1150         380     0.01718     1.06627     7.30736     6.02469
        1150         430     0.01838     1.07156     7.31603     6.02888
        1150         480     0.01678     1.06526     7.30576     6.02391
        1150         530     0.01772     1.07052     7.31430     6.02804
        1150         580     0.01945     1.07536     7.32257     6.03204
        1150         630     0.01665     1.06820     7.31046     6.02619
        1150         680     0.01772     1.05741     7.29399     6.01822
        1150         730     0.01737     1.05829     7.29524     6.01882
        1150         780     0.01774     1.06274     7.30185     6.02202
        1150         830     0.01535     1.06846     7.31088     6.02639
        1150         880     0.01268     1.07071     7.31460     6.02819
        1150         930     0.01091     1.06813     7.31035     6.02613
        1200         280     0.01797     1.08177     7.33416     6.03765
        1200         330     0.01737     1.06699     7.30851     6.02524
        1200         380     0.01708     1.10059     7.37271     6.06174
        1200         430     0.01349     1.06629     7.30739     6.02470
        1200         480     0.01813     1.07160     7.31610     6.02892
        1200         530     0.01676     1.06384     7.30354     6.02284
        1200         580     0.01529     1.06526     7.30576     6.02391
        1200         630     0.01660     1.07462     7.32128     6.03142
        1200         680     0.01693     1.06418     7.30407     6.02309
        1200         730     0.01487     1.06790     7.30998     6.02595
        1200         780     0.01677     1.05438     7.28977     6.01618
        1200         830     0.01366     1.06462     7.30476     6.02343
        1200         880     0.01452     1.06735     7.30909     6.02552
        1200         930     0.01319     1.07111     7.31527     6.02851
        1200         980     0.01463     1.06843     7.31084     6.02637
        1250         280     0.01326     1.08189     7.33437     6.03775
        1250         330     0.01503     1.07843     7.32804     6.03469
        1250         380     0.01458     1.07108     7.31524     6.02850
        1250         430     0.01441     1.07033     7.31397     6.02788
        1250         480     0.01698     1.08090     7.33254     6.03687
        1250         530     0.01653     1.06486     7.30513     6.02361
        1250         580     0.01417     1.07989     7.33068     6.03597
        1250         630     0.01705     1.06808     7.31027     6.02609
        1250         680     0.01846     1.06515     7.30558     6.02383
        1250         730     0.01719     1.07190     7.31661     6.02916
        1250         780     0.01593     1.06293     7.30213     6.02216
        1250         830     0.01670     1.06823     7.31051     6.02621
        1250         880     0.01446     1.05506     7.29070     6.01663
        1250         930     0.01342     1.06324     7.30261     6.02239
        1250         980     0.01523     1.07252     7.31767     6.02967
