         740         220     0.01622     1.11415     7.47796     6.03658
         740         240     0.01632     1.06718     7.37567     5.97061
         740         320     0.01470     1.10035     7.44175     6.01285
         740         340     0.01493     1.08046     7.39822     5.98478
         800         220     0.01797     1.07623     7.39073     5.98008
         800         240     0.01541     1.06751     7.37619     5.97094
         800         320     0.01908     1.07118     7.38214     5.97468
         800         340     0.01787     1.06373     7.37032     5.96725
         840         220     0.01677     1.07120     7.38218     5.97471
         840         240     0.01730     1.07596     7.39026     5.97978
         840         320     0.01825     1.06327     7.36962     5.96681
         840         340     0.01688     1.07040     7.38086     5.97388
