         600         380     0.01335     1.10084     7.44300     6.01367
         650         380     0.01537     1.08278     7.40245     5.98744
         650         430     0.01185     1.08049     7.39827     5.98481
         700         380     0.01474     1.08391     7.40454     5.98875
         700         430     0.01360     1.08312     7.40308     5.98783
         700         480     0.01306     1.05487     7.35759     5.95926
         750         330     0.01470     1.10035     7.44175     6.01285
         750         350     0.01493     1.08046     7.39822     5.98478
         750         380     0.01627     1.06290     7.36905     5.96645
         750         430     0.01368     1.08314     7.40313     5.98786
         750         480     0.01437     1.05481     7.35750     5.95920
         750         530     0.01155     1.07714     7.39232     5.98107
         800         330     0.01908     1.07118     7.38214     5.97468
         800         350     0.01787     1.06373     7.37032     5.96725
         800         380     0.01684     1.06419     7.37101     5.96769
         800         430     0.01465     1.07796     7.39376     5.98198
         800         480     0.01050     1.06984     7.37995     5.97330
         800         530     0.01321     1.07749     7.39293     5.98146
         800         580     0.01341     1.07142     7.38255     5.97494
         850         330     0.01825     1.06327     7.36962     5.96681
         850         350     0.01688     1.07040     7.38086     5.97388
         850         380     0.01915     1.07742     7.39281     5.98138
         850         430     0.01465     1.05841     7.36249     5.96234
         850         480     0.01943     1.05845     7.36254     5.96237
         850         530     0.01542     1.05384     7.35620     5.95839
         850         580     0.01534     1.06579     7.37348     5.96924
         850         630     0.01644     1.07095     7.38176     5.97444
         900         380     0.01650     1.06470     7.37180     5.96818
         900         430     0.01712     1.06808     7.37710     5.97152
         900         480     0.01825     1.06324     7.36956     5.96678
         900         530     0.01589     1.06950     7.37939     5.97295
         900         580     0.01650     1.06097     7.36619     5.96466
         900         630     0.01325     1.06506     7.37235     5.96853
         900         680     0.01015     1.06207     7.36781     5.96568
         950         380     0.01593     1.06538     7.37284     5.96884
         950         430     0.01759     1.05809     7.36204     5.96205
         950         480     0.01552     1.05267     7.35467     5.95743
         950         530     0.01750     1.06549     7.37302     5.96895
         950         580     0.01673     1.07705     7.39215     5.98097
         950         630     0.01546     1.06619     7.37411     5.96964
         950         680     0.01341     1.07653     7.39125     5.98040
         950         730     0.01578     1.07037     7.38081     5.97384
        1000         380     0.01639     1.08694     7.41025     5.99234
        1000         430     0.01953     1.07977     7.39697     5.98400
        1000         480     0.01780     1.06751     7.37620     5.97095
        1000         530     0.01834     1.06049     7.36548     5.96422
        1000         580     0.01753     1.05898     7.36330     5.96284
        1000         630     0.01817     1.07834     7.39443     5.98240
        1000         680     0.01769     1.05814     7.36210     5.96209
        1000         730     0.01520     1.07220     7.38385     5.97575
        1000         780     0.01316     1.05480     7.35749     5.95919
        1050         380     0.01796     1.05742     7.36109     5.96146
        1050         430     0.01646     1.06814     7.37720     5.97158
        1050         480     0.01785     1.07905     7.39570     5.98320
        1050         530     0.01799     1.05866     7.36285     5.96256
        1050         580     0.01729     1.06963     7.37960     5.97308
        1050         630     0.02015     1.06367     7.37022     5.96719
        1050         680     0.01544     1.06333     7.36970     5.96687
        1050         730     0.02017     1.05810     7.36205     5.96206
        1050         780     0.01467     1.07524     7.38901     5.97900
        1050         830     0.01474     1.05633     7.35958     5.96051
        1100         380     0.01825     1.06264     7.36866     5.96621
        1100         430     0.02000     1.06864     7.37800     5.97208
        1100         480     0.01737     1.07184     7.38324     5.97537
        1100         530     0.01885     1.06725     7.37577     5.97068
        1100         580     0.01695     1.06030     7.36521     5.96404
        1100         630     0.01497     1.06774     7.37656     5.97117
        1100         680     0.01719     1.06041     7.36536     5.96414
        1100         730     0.01727     1.05808     7.36202     5.96204
        1100         780     0.01522     1.06782     7.37669     5.97126
        1100         830     0.01790     1.05948     7.36401     5.96329
        1100         880     0.01489     1.08056     7.39840     5.98490
        1150         380     0.01544     1.06657     7.37471     5.97001
        1150         430     0.01559     1.06331     7.36967     5.96685
        1150         480     0.01562     1.06342     7.36985     5.96696
        1150         530     0.01733     1.06680     7.37507     5.97024
        1150         580     0.01636     1.06370     7.37026     5.96721
        1150         630     0.01575     1.05933     7.36379     5.96315
        1150         680     0.01756     1.06782     7.37669     5.97126
        1150         730     0.01831     1.05628     7.35950     5.96046
        1150         780     0.01551     1.05792     7.36179     5.96189
        1150         830     0.01578     1.05659     7.35993     5.96073
        1150         880     0.01577     1.06757     7.37629     5.97100
        1150         930     0.01213     1.08259     7.40211     5.98723
        1200         380     0.01799     1.06147     7.36692     5.96512
        1200         430     0.01464     1.08914     7.41447     5.99499
        1200         480     0.01617     1.06849     7.37776     5.97193
        1200         530     0.01686     1.06381     7.37043     5.96732
        1200         580     0.01716     1.06559     7.37317     5.96905
        1200         630     0.01586     1.06596     7.37375     5.96941
        1200         680     0.01597     1.06650     7.37460     5.96994
        1200         730     0.01583     1.07593     7.39019     5.97974
        1200         780     0.01746     1.06482     7.37198     5.96830
        1200         830     0.01692     1.06480     7.37194     5.96827
        1200         880     0.01484     1.06388     7.37053     5.96739
        1200         930     0.01412     1.06931     7.37908     5.97275
        1200         980     0.01407     1.09563     7.43001     6.00516
        1250         380     0.01573     1.06842     7.37764     5.97185
        1250         430     0.01374     1.07221     7.38386     5.97576
        1250         480     0.01606     1.07069     7.38134     5.97418
        1250         530     0.01499     1.07426     7.38733     5.97794
        1250         580     0.01760     1.07003     7.38026     5.97350
        1250         630     0.01482     1.06769     7.37647     5.97112
        1250         680     0.01667     1.07145     7.38259     5.97496
        1250         730     0.01789     1.05508     7.35787     5.95943
        1250         780     0.01688     1.06189     7.36754     5.96551
        1250         830     0.01897     1.07061     7.38120     5.97409
        1250         880     0.01460     1.06183     7.36746     5.96546
        1250         930     0.01681     1.06582     7.37352     5.96927
        1250         980     0.01291     1.08103     7.39926     5.98543
