         740         220     0.00966     1.15727     2.78109     3.03011
         740         240     0.01065     1.08871     2.79410     2.98772
         740         320     0.00844     1.18388     2.78134     3.05337
         740         340     0.00980     1.15163     2.78228     3.02621
         800         220     0.01349     1.13905     2.78485     3.01773
         800         240     0.01126     1.22200     2.78382     3.09032
         800         320     0.01406     1.11223     2.78999     3.00079
         800         340     0.01223     1.10201     2.79180     2.99484
         840         220     0.01062     1.10392     2.79147     2.99593
         840         240     0.01251     1.15939     2.78065     3.03159
         840         320     0.01314     1.10075     2.79201     2.99413
         840         340     0.01260     1.15740     2.78107     3.03020
