         740         220     0.00944     1.05180     6.94908     6.21627
         740         240     0.00657     1.06453     6.96446     6.23100
         740         320     0.00766     1.08868     7.00040     6.26542
         740         340     0.00938     1.07045     6.97250     6.23870
         800         220     0.00806     1.06265     6.96202     6.22866
         800         240     0.00822     1.07587     6.98033     6.24620
         800         320     0.01133     1.07575     6.98016     6.24603
         800         340     0.01062     1.06667     6.96730     6.23372
         840         220     0.01030     1.06820     6.96939     6.23572
         840         240     0.00941     1.06982     6.97162     6.23785
         840         320     0.01070     1.06311     6.96262     6.22924
         840         340     0.00851     1.05898     6.95742     6.22426
