         700         480     0.00690     1.29199     2.81973     3.19035
         750         480     0.00688     1.21328     2.78228     3.08073
         750         530     0.00729     1.25397     2.79862     3.13552
         800         480     0.00986     1.16306     2.78070     3.03475
         800         530     0.00913     1.16095     2.78064     3.03291
         800         580     0.00922     1.16347     2.78072     3.03511
         850         480     0.01187     1.07539     2.79841     2.98338
         850         530     0.00948     1.14392     2.78387     3.02097
         850         580     0.00958     1.18042     2.78123     3.05023
         850         630     0.01174     1.12476     2.78766     3.00848
         900         480     0.01237     1.11398     2.78968     3.00184
         900         530     0.01110     1.13420     2.78582     3.01454
         900         580     0.01200     1.18621     2.78142     3.05550
         900         630     0.01274     1.10963     2.79046     2.99925
         900         680     0.01221     1.08477     2.79542     2.98638
         950         480     0.01319     1.09655     2.79272     2.99180
         950         530     0.01585     1.08338     2.79588     2.98592
         950         580     0.01059     1.09294     2.79332     2.98984
         950         630     0.01461     1.12114     2.78835     3.00622
         950         680     0.01106     1.10842     2.79068     2.99853
         950         730     0.00909     1.09872     2.79236     2.99299
        1000         480     0.01443     1.08283     2.79606     2.98574
        1000         530     0.01465     1.08877     2.79408     2.98774
        1000         580     0.01466     1.11049     2.79031     2.99975
        1000         630     0.01211     1.06453     2.80153     2.98022
        1000         680     0.01368     1.08811     2.79431     2.98751
        1000         730     0.01236     1.11020     2.79036     2.99958
        1000         780     0.01093     1.08688     2.79472     2.98709
        1050         480     0.01411     1.07713     2.79787     2.98392
        1050         530     0.01564     1.08707     2.79466     2.98716
        1050         580     0.01684     1.09823     2.79244     2.99272
        1050         630     0.01711     1.07890     2.79732     2.98448
        1050         680     0.01561     1.10232     2.79175     2.99502
        1050         730     0.01484     1.12798     2.78704     3.01053
        1050         780     0.01094     1.08193     2.79635     2.98545
        1050         830     0.01214     1.11136     2.79015     3.00027
        1100         480     0.01404     1.12226     2.78813     3.00692
        1100         530     0.01579     1.06973     2.80008     2.98169
        1100         580     0.01372     1.07051     2.79986     2.98192
        1100         630     0.01754     1.06371     2.80176     2.98000
        1100         680     0.01288     1.09272     2.79335     2.98973
        1100         730     0.01520     1.09230     2.79342     2.98950
        1100         780     0.01338     1.12252     2.78809     3.00708
        1100         830     0.01318     1.09280     2.79334     2.98977
        1100         880     0.01342     1.11082     2.79025     2.99995
        1150         480     0.01472     1.07182     2.79947     2.98230
        1150         530     0.01300     1.10990     2.79041     2.99940
        1150         580     0.01439     1.08563     2.79514     2.98667
        1150         630     0.01682     1.08136     2.79653     2.98526
        1150         680     0.01531     1.09338     2.79325     2.99008
        1150         730     0.01395     1.09990     2.79216     2.99365
        1150         780     0.01637     1.07247     2.79928     2.98250
        1150         830     0.01435     1.07649     2.79807     2.98372
        1150         880     0.01476     1.08761     2.79447     2.98734
        1150         930     0.01262     1.12256     2.78808     3.00710
        1200         480     0.01341     1.08808     2.79432     2.98750
        1200         530     0.01489     1.07735     2.79780     2.98399
        1200         580     0.01519     1.08900     2.79400     2.98782
        1200         630     0.01868     1.09810     2.79246     2.99265
        1200         680     0.01620     1.07430     2.79873     2.98305
        1200         730     0.01466     1.08508     2.79532     2.98649
        1200         780     0.01870     1.07689     2.79794     2.98384
        1200         830     0.01364     1.10580     2.79114     2.99701
        1200         880     0.01553     1.07509     2.79850     2.98329
        1200         930     0.01260     1.08981     2.79382     2.98818
        1200         980     0.01402     1.09347     2.79323     2.99013
        1250         480     0.01707     1.08113     2.79661     2.98519
        1250         530     0.01199     1.07113     2.79968     2.98210
        1250         580     0.01576     1.07728     2.79782     2.98396
        1250         630     0.01553     1.07861     2.79741     2.98438
        1250         680     0.01571     1.07978     2.79704     2.98476
        1250         730     0.01669     1.08069     2.79675     2.98505
        1250         780     0.01539     1.07696     2.79792     2.98386
        1250         830     0.01325     1.06251     2.80208     2.97968
        1250         880     0.01370     1.08333     2.79590     2.98591
        1250         930     0.01261     1.08660     2.79482     2.98700
        1250         980     0.01320     1.08651     2.79485     2.98697
