         740         220     0.01829     1.05002     7.43082     7.73818
         740         240     0.01653     1.06246     7.44291     7.75158
         740         320     0.01619     1.06405     7.44461     7.75346
         740         340     0.01600     1.07346     7.45534     7.76536
         800         220     0.01897     1.06076     7.44114     7.74961
         800         240     0.01616     1.06013     7.44048     7.74889
         800         320     0.02115     1.07597     7.45838     7.76872
         800         340     0.01881     1.05929     7.43963     7.74794
         840         220     0.01820     1.07057     7.45193     7.76157
         840         240     0.01918     1.07478     7.45693     7.76712
         840         320     0.01877     1.05596     7.43632     7.74427
         840         340     0.01745     1.05869     7.43902     7.74726
