         600         380     0.00513     1.15974     2.77910     2.88227
         650         380     0.00563     1.17774     2.77873     2.88868
         650         430     0.00527     1.12635     2.78607     2.87322
         700         380     0.00483     1.16712     2.77895     2.88487
         700         430     0.00476     1.16435     2.77900     2.88388
         700         480     0.00487     1.10579     2.78998     2.86816
         750         330     0.00720     1.15443     2.78023     2.88076
         750         350     0.00545     1.13649     2.78402     2.87587
         750         380     0.00557     1.10944     2.78931     2.86903
         750         430     0.00500     1.12478     2.78638     2.87282
         750         480     0.00581     1.23153     2.78070     2.91431
         750         530     0.00428     1.20966     2.77805     2.90054
         800         330     0.00758     1.11674     2.78794     2.87080
         800         350     0.00652     1.12121     2.78708     2.87191
         800         380     0.00587     1.11116     2.78899     2.86944
         800         430     0.00630     1.12022     2.78727     2.87166
         800         480     0.00321     1.15122     2.78092     2.87987
         800         530     0.00487     1.10086     2.79086     2.86703
         800         580     0.00619     1.11682     2.78792     2.87082
         850         330     0.00773     1.13752     2.78380     2.87614
         850         350     0.00654     1.12808     2.78572     2.87366
         850         380     0.00874     1.18607     2.77856     2.89172
         850         430     0.00554     1.10530     2.79006     2.86805
         850         480     0.00895     1.14371     2.78252     2.87781
         850         530     0.00647     1.10078     2.79087     2.86701
         850         580     0.00641     1.14448     2.78235     2.87802
         850         630     0.00495     1.21249     2.77799     2.90161
         900         380     0.00689     1.11621     2.78804     2.87067
         900         430     0.00647     1.12930     2.78548     2.87398
         900         480     0.00800     1.11477     2.78831     2.87031
         900         530     0.00567     1.12316     2.78670     2.87240
         900         580     0.00617     1.16439     2.77900     2.88390
         900         630     0.00529     1.14738     2.78174     2.87881
         900         680     0.00391     1.09919     2.79115     2.86665
         950         380     0.00652     1.13505     2.78431     2.87549
         950         430     0.00820     1.12171     2.78698     2.87204
         950         480     0.00689     1.12694     2.78595     2.87337
         950         530     0.00773     1.11593     2.78809     2.87060
         950         580     0.00800     1.15141     2.78088     2.87992
         950         630     0.00661     1.12962     2.78541     2.87406
         950         680     0.00452     1.11726     2.78784     2.87093
         950         730     0.00544     1.14109     2.78306     2.87710
        1000         380     0.00623     1.17063     2.77888     2.88612
        1000         430     0.00774     1.18585     2.77856     2.89164
        1000         480     0.00705     1.11323     2.78860     2.86994
        1000         530     0.00778     1.13423     2.78448     2.87527
        1000         580     0.00692     1.11327     2.78860     2.86995
        1000         630     0.00661     1.12710     2.78592     2.87341
        1000         680     0.00722     1.12557     2.78622     2.87302
        1000         730     0.00524     1.14427     2.78240     2.87796
        1000         780     0.00564     1.14721     2.78177     2.87876
        1050         380     0.00644     1.17412     2.77881     2.88737
        1050         430     0.00656     1.16073     2.77908     2.88261
        1050         480     0.00635     1.12022     2.78727     2.87166
        1050         530     0.00707     1.12422     2.78649     2.87267
        1050         580     0.00716     1.13730     2.78385     2.87608
        1050         630     0.00830     1.11387     2.78848     2.87009
        1050         680     0.00572     1.10949     2.78930     2.86904
        1050         730     0.00947     1.10982     2.78924     2.86912
        1050         780     0.00621     1.13480     2.78436     2.87542
        1050         830     0.00538     1.13391     2.78454     2.87518
        1100         380     0.00825     1.17203     2.77885     2.88662
        1100         430     0.00973     1.12685     2.78597     2.87335
        1100         480     0.00699     1.13626     2.78406     2.87581
        1100         530     0.00694     1.12967     2.78540     2.87407
        1100         580     0.00687     1.13492     2.78434     2.87545
        1100         630     0.00600     1.11914     2.78748     2.87139
        1100         680     0.00669     1.12491     2.78635     2.87285
        1100         730     0.00609     1.11702     2.78788     2.87087
        1100         780     0.00629     1.11627     2.78803     2.87068
        1100         830     0.00702     1.10965     2.78927     2.86908
        1100         880     0.00574     1.14449     2.78235     2.87802
        1150         380     0.00585     1.14597     2.78204     2.87842
        1150         430     0.00569     1.17330     2.77882     2.88707
        1150         480     0.00663     1.12788     2.78576     2.87361
        1150         530     0.00615     1.14903     2.78139     2.87927
        1150         580     0.00679     1.11526     2.78822     2.87044
        1150         630     0.00629     1.12267     2.78679     2.87228
        1150         680     0.00757     1.11653     2.78798     2.87075
        1150         730     0.00630     1.14895     2.78141     2.87924
        1150         780     0.00632     1.12002     2.78731     2.87161
        1150         830     0.00616     1.12647     2.78604     2.87325
        1150         880     0.00609     1.13544     2.78423     2.87559
        1150         930     0.00565     1.14505     2.78223     2.87817
        1200         380     0.00763     1.12176     2.78697     2.87205
        1200         430     0.00766     1.13866     2.78357     2.87645
        1200         480     0.00711     1.14572     2.78209     2.87835
        1200         530     0.00630     1.11767     2.78776     2.87103
        1200         580     0.00639     1.13550     2.78422     2.87561
        1200         630     0.00673     1.13292     2.78475     2.87492
        1200         680     0.00697     1.13121     2.78509     2.87448
        1200         730     0.00558     1.13691     2.78393     2.87598
        1200         780     0.00682     1.15125     2.78091     2.87988
        1200         830     0.00667     1.13059     2.78522     2.87431
        1200         880     0.00579     1.12416     2.78650     2.87266
        1200         930     0.00521     1.14705     2.78181     2.87872
        1200         980     0.00523     1.13395     2.78454     2.87519
        1250         380     0.00675     1.14029     2.78323     2.87688
        1250         430     0.00400     1.13832     2.78364     2.87635
        1250         480     0.00605     1.15557     2.77998     2.88108
        1250         530     0.00617     1.13873     2.78355     2.87646
        1250         580     0.00570     1.13383     2.78456     2.87516
        1250         630     0.00733     1.12755     2.78583     2.87353
        1250         680     0.00705     1.11320     2.78861     2.86993
        1250         730     0.00824     1.11176     2.78888     2.86958
        1250         780     0.00660     1.12158     2.78700     2.87201
        1250         830     0.00697     1.13638     2.78404     2.87584
        1250         880     0.00647     1.13412     2.78450     2.87524
        1250         930     0.00665     1.13806     2.78369     2.87629
        1250         980     0.00558     1.12140     2.78704     2.87196
