         740         220     0.00986     1.14699     5.35700     3.86457
         740         240     0.01118     1.07464     5.21914     3.79386
         740         320     0.00962     1.19269     5.48518     3.92830
         740         340     0.01004     1.13086     5.32115     3.84750
         800         220     0.01349     1.13905     5.33912     3.85606
         800         240     0.01170     1.21410     5.55200     3.96193
         800         320     0.01433     1.11033     5.27844     3.82717
         800         340     0.01250     1.09175     5.24334     3.81046
         840         220     0.01066     1.10101     5.26035     3.81856
         840         240     0.01299     1.16602     5.40490     3.88789
         840         320     0.01340     1.09828     5.25524     3.81612
         840         340     0.01319     1.14115     5.34381     3.85829
