         600         380     0.00766     1.09586     7.01497     6.27536
         650         380     0.00884     1.06186     6.96101     6.22770
         650         430     0.00583     1.06630     6.96681     6.23325
         700         380     0.00790     1.05224     6.94957     6.21674
         700         430     0.00782     1.07397     6.97754     6.24353
         700         480     0.00712     1.05408     6.95163     6.21872
         750         330     0.00766     1.08868     7.00040     6.26542
         750         350     0.00938     1.07045     6.97250     6.23870
         750         380     0.00846     1.06637     6.96691     6.23334
         750         430     0.00606     1.05206     6.94937     6.21655
         750         480     0.00704     1.04699     6.94401     6.21142
         750         530     0.00718     1.06886     6.97029     6.23659
         800         330     0.01133     1.07575     6.98016     6.24603
         800         350     0.01062     1.06667     6.96730     6.23372
         800         380     0.00953     1.06689     6.96760     6.23401
         800         430     0.00754     1.04952     6.94662     6.21392
         800         480     0.00514     1.10636     7.03783     6.29049
         800         530     0.00782     1.08802     6.99932     6.26438
         800         580     0.00704     1.07841     6.98414     6.24984
         850         330     0.01070     1.06311     6.96262     6.22924
         850         350     0.00851     1.05898     6.95742     6.22426
         850         380     0.00886     1.06457     6.96451     6.23105
         850         430     0.00872     1.05928     6.95779     6.22462
         850         480     0.01051     1.06049     6.95929     6.22605
         850         530     0.00898     1.04830     6.94534     6.21270
         850         580     0.00776     1.05209     6.94940     6.21658
         850         630     0.00912     1.09086     7.00460     6.26850
         900         380     0.00786     1.06222     6.96147     6.22814
         900         430     0.00748     1.06225     6.96150     6.22817
         900         480     0.00786     1.07248     6.97538     6.24146
         900         530     0.00866     1.06370     6.96338     6.22996
         900         580     0.00894     1.05428     6.95185     6.21893
         900         630     0.00563     1.06287     6.96230     6.22893
         900         680     0.00427     1.06625     6.96675     6.23319
         950         380     0.00897     1.06577     6.96611     6.23258
         950         430     0.00956     1.06094     6.95985     6.22658
         950         480     0.00889     1.05658     6.95453     6.22149
         950         530     0.00747     1.05736     6.95546     6.22239
         950         580     0.00836     1.09300     7.00900     6.27142
         950         630     0.00743     1.09679     7.01694     6.27666
         950         680     0.00648     1.05116     6.94838     6.21560
         950         730     0.00761     1.07804     6.98358     6.24930
        1000         380     0.00899     1.07183     6.97446     6.24057
        1000         430     0.00993     1.05842     6.95673     6.22360
        1000         480     0.00768     1.11486     7.05731     6.30338
        1000         530     0.00999     1.06188     6.96104     6.22773
        1000         580     0.01026     1.07288     6.97597     6.24202
        1000         630     0.00804     1.07778     6.98318     6.24893
        1000         680     0.00882     1.05109     6.94831     6.21554
        1000         730     0.00721     1.07649     6.98126     6.24708
        1000         780     0.00626     1.05645     6.95438     6.22135
        1050         380     0.00753     1.06108     6.96002     6.22675
        1050         430     0.00765     1.06636     6.96688     6.23332
        1050         480     0.00763     1.09394     7.01096     6.27271
        1050         530     0.00919     1.06464     6.96461     6.23114
        1050         580     0.00860     1.07945     6.98572     6.25136
        1050         630     0.00962     1.06179     6.96092     6.22761
        1050         680     0.00817     1.06479     6.96481     6.23133
        1050         730     0.01032     1.05325     6.95070     6.21782
        1050         780     0.00748     1.07853     6.98431     6.25001
        1050         830     0.00713     1.05542     6.95317     6.22019
        1100         380     0.00955     1.05746     6.95557     6.22249
        1100         430     0.00944     1.06495     6.96502     6.23153
        1100         480     0.01024     1.07522     6.97937     6.24528
        1100         530     0.01044     1.07143     6.97388     6.24003
        1100         580     0.00952     1.06466     6.96463     6.23116
        1100         630     0.00766     1.06114     6.96009     6.22682
        1100         680     0.00905     1.05763     6.95578     6.22269
        1100         730     0.00803     1.05737     6.95548     6.22240
        1100         780     0.00823     1.07926     6.98543     6.25108
        1100         830     0.00895     1.06312     6.96262     6.22924
        1100         880     0.00714     1.10250     7.02926     6.28482
        1150         380     0.00651     1.06428     6.96414     6.23069
        1150         430     0.00854     1.06201     6.96119     6.22787
        1150         480     0.00725     1.06238     6.96167     6.22833
        1150         530     0.01100     1.06167     6.96077     6.22747
        1150         580     0.00851     1.05753     6.95566     6.22258
        1150         630     0.00843     1.07095     6.97320     6.23937
        1150         680     0.00878     1.05300     6.95041     6.21755
        1150         730     0.00978     1.05701     6.95504     6.22198
        1150         780     0.00753     1.05543     6.95318     6.22020
        1150         830     0.00747     1.05060     6.94777     6.21502
        1150         880     0.00868     1.07128     6.97368     6.23983
        1150         930     0.00601     1.06118     6.96015     6.22687
        1200         380     0.01038     1.06203     6.96122     6.22790
        1200         430     0.00660     1.06637     6.96690     6.23333
        1200         480     0.00879     1.06638     6.96691     6.23335
        1200         530     0.00835     1.06297     6.96243     6.22905
        1200         580     0.00889     1.05842     6.95674     6.22361
        1200         630     0.00822     1.07050     6.97257     6.23877
        1200         680     0.00848     1.08236     6.99023     6.25568
        1200         730     0.00843     1.07931     6.98551     6.25115
        1200         780     0.00788     1.07197     6.97465     6.24076
        1200         830     0.00842     1.06188     6.96103     6.22772
        1200         880     0.00773     1.06621     6.96669     6.23314
        1200         930     0.00672     1.04713     6.94414     6.21155
        1200         980     0.00767     1.09397     7.01102     6.27275
        1250         380     0.00729     1.06445     6.96435     6.23089
        1250         430     0.00734     1.07863     6.98447     6.25016
        1250         480     0.00838     1.08751     6.99848     6.26358
        1250         530     0.00747     1.06569     6.96600     6.23248
        1250         580     0.00808     1.08182     6.98939     6.25487
        1250         630     0.00733     1.08447     6.99358     6.25888
        1250         680     0.00820     1.06527     6.96544     6.23194
        1250         730     0.00760     1.05391     6.95144     6.21854
        1250         780     0.00792     1.06130     6.96030     6.22701
        1250         830     0.00916     1.06332     6.96288     6.22949
        1250         880     0.00694     1.06223     6.96148     6.22815
        1250         930     0.00784     1.06106     6.96000     6.22673
        1250         980     0.00583     1.11001     7.04609     6.29595
