         600         380     0.01478     1.09503     7.48673     7.80044
         650         380     0.01674     1.05838     7.43870     7.74692
         650         430     0.01228     1.05609     7.43645     7.74442
         700         380     0.01590     1.07570     7.45806     7.76836
         700         430     0.01485     1.06612     7.44688     7.75598
         700         480     0.01347     1.05500     7.43540     7.74325
         750         330     0.01619     1.06405     7.44461     7.75346
         750         350     0.01600     1.07346     7.45534     7.76536
         750         380     0.01698     1.06142     7.44182     7.75037
         750         430     0.01449     1.07800     7.46090     7.77151
         750         480     0.01476     1.05374     7.43420     7.74193
         750         530     0.01250     1.06368     7.44422     7.75303
         800         330     0.02115     1.07597     7.45838     7.76872
         800         350     0.01881     1.05929     7.43963     7.74794
         800         380     0.01753     1.06215     7.44259     7.75122
         800         430     0.01552     1.05999     7.44034     7.74873
         800         480     0.01113     1.06643     7.44722     7.75635
         800         530     0.01395     1.10238     7.50147     7.81718
         800         580     0.01401     1.06991     7.45117     7.76073
         850         330     0.01877     1.05596     7.43632     7.74427
         850         350     0.01745     1.05869     7.43902     7.74726
         850         380     0.01939     1.06156     7.44197     7.75054
         850         430     0.01483     1.06021     7.44057     7.74898
         850         480     0.02010     1.06694     7.44780     7.75699
         850         530     0.01588     1.05361     7.43408     7.74179
         850         580     0.01580     1.05448     7.43490     7.74270
         850         630     0.01710     1.06897     7.45009     7.75954
         900         380     0.01712     1.06422     7.44480     7.75367
         900         430     0.01775     1.06106     7.44145     7.74996
         900         480     0.01834     1.05803     7.43836     7.74653
         900         530     0.01688     1.05786     7.43819     7.74634
         900         580     0.01685     1.05771     7.43804     7.74618
         900         630     0.01328     1.06247     7.44293     7.75159
         900         680     0.01084     1.05857     7.43890     7.74714
         950         380     0.01614     1.06346     7.44398     7.75276
         950         430     0.01814     1.05976     7.44010     7.74847
         950         480     0.01600     1.05262     7.43316     7.74077
         950         530     0.01814     1.05748     7.43781     7.74592
         950         580     0.01718     1.07207     7.45369     7.76353
         950         630     0.01547     1.06616     7.44693     7.75603
         950         680     0.01361     1.07570     7.45806     7.76837
         950         730     0.01599     1.06410     7.44467     7.75353
        1000         380     0.01709     1.07670     7.45928     7.76972
        1000         430     0.02021     1.06282     7.44330     7.75201
        1000         480     0.01785     1.07334     7.45521     7.76520
        1000         530     0.01846     1.05808     7.43841     7.74659
        1000         580     0.01834     1.06338     7.44390     7.75267
        1000         630     0.01846     1.07573     7.45809     7.76840
        1000         680     0.01788     1.06065     7.44102     7.74949
        1000         730     0.01536     1.07190     7.45349     7.76330
        1000         780     0.01330     1.05402     7.43447     7.74222
        1050         380     0.01815     1.05785     7.43818     7.74633
        1050         430     0.01693     1.06473     7.44535     7.75428
        1050         480     0.01828     1.07281     7.45456     7.76449
        1050         530     0.01840     1.05980     7.44015     7.74852
        1050         580     0.01776     1.06795     7.44892     7.75824
        1050         630     0.02025     1.05637     7.43672     7.74471
        1050         680     0.01633     1.05825     7.43857     7.74677
        1050         730     0.02057     1.06694     7.44779     7.75698
        1050         780     0.01491     1.06916     7.45030     7.75977
        1050         830     0.01486     1.05070     7.43142     7.73885
        1100         380     0.01870     1.06531     7.44599     7.75499
        1100         430     0.02044     1.06751     7.44843     7.75769
        1100         480     0.01737     1.06963     7.45084     7.76037
        1100         530     0.01897     1.06715     7.44803     7.75725
        1100         580     0.01704     1.05978     7.44013     7.74849
        1100         630     0.01532     1.06719     7.44807     7.75730
        1100         680     0.01742     1.06052     7.44089     7.74934
        1100         730     0.01735     1.05453     7.43495     7.74276
        1100         780     0.01551     1.06547     7.44616     7.75518
        1100         830     0.01824     1.06195     7.44237     7.75098
        1100         880     0.01507     1.08319     7.46754     7.77888
        1150         380     0.01580     1.06560     7.44631     7.75534
        1150         430     0.01561     1.06328     7.44379     7.75255
        1150         480     0.01578     1.06321     7.44371     7.75247
        1150         530     0.01763     1.06255     7.44302     7.75170
        1150         580     0.01681     1.06169     7.44211     7.75069
        1150         630     0.01595     1.05977     7.44011     7.74848
        1150         680     0.01764     1.06293     7.44342     7.75214
        1150         730     0.01859     1.05594     7.43630     7.74425
        1150         780     0.01570     1.05781     7.43814     7.74629
        1150         830     0.01588     1.05652     7.43687     7.74488
        1150         880     0.01618     1.06380     7.44435     7.75317
        1150         930     0.01226     1.07114     7.45260     7.76232
        1200         380     0.01836     1.06159     7.44200     7.75057
        1200         430     0.01510     1.06829     7.44931     7.75867
        1200         480     0.01628     1.06731     7.44820     7.75744
        1200         530     0.01737     1.06407     7.44464     7.75350
        1200         580     0.01733     1.06638     7.44717     7.75629
        1200         630     0.01621     1.06728     7.44818     7.75741
        1200         680     0.01611     1.06784     7.44880     7.75810
        1200         730     0.01638     1.07212     7.45375     7.76359
        1200         780     0.01758     1.06439     7.44498     7.75388
        1200         830     0.01703     1.06460     7.44521     7.75413
        1200         880     0.01497     1.06162     7.44203     7.75061
        1200         930     0.01438     1.06144     7.44185     7.75040
        1200         980     0.01452     1.09364     7.48402     7.79736
        1250         380     0.01627     1.06553     7.44623     7.75525
        1250         430     0.01389     1.07437     7.45644     7.76657
        1250         480     0.01651     1.06895     7.45006     7.75950
        1250         530     0.01499     1.05962     7.43996     7.74831
        1250         580     0.01774     1.06997     7.45123     7.76080
        1250         630     0.01500     1.06977     7.45101     7.76055
        1250         680     0.01715     1.06105     7.44144     7.74995
        1250         730     0.01828     1.05499     7.43539     7.74324
        1250         780     0.01719     1.06040     7.44076     7.74919
        1250         830     0.01899     1.06594     7.44668     7.75575
        1250         880     0.01530     1.05741     7.43775     7.74585
        1250         930     0.01688     1.06361     7.44414     7.75294
        1250         980     0.01291     1.09040     7.47780     7.79030
