         500         280     0.00415     1.33454     2.81317     3.30546
         550         280     0.00819     1.14314     2.77909     3.02743
         550         330     0.00482     1.29916     2.79502     3.23944
         600         280     0.00712     1.25810     2.77586     3.16887
         600         330     0.00928     1.20338     2.76408     3.08927
         600         380     0.00784     1.23659     2.76717     3.13620
         650         280     0.00936     1.14404     2.77885     3.02777
         650         330     0.00946     1.12521     2.78389     3.02087
         650         380     0.00865     1.15629     2.77541     3.03247
         650         430     0.00913     1.18892     2.76759     3.07049
         700         280     0.01087     1.15992     2.77439     3.03414
         700         330     0.00896     1.13647     2.78091     3.02495
         700         380     0.01181     1.20290     2.76419     3.08864
         700         430     0.00906     1.22022     2.76067     3.11175
         700         480     0.00797     1.15192     2.77665     3.03078
         750         230     0.00966     1.15727     2.77513     3.03286
         750         250     0.01065     1.08871     2.79277     3.00905
         750         280     0.01554     1.13184     2.78215     3.02325
         750         330     0.01232     1.17261     2.77146     3.04981
         750         380     0.01090     1.14638     2.77820     3.02866
         750         430     0.01163     1.13666     2.78086     3.02502
         750         480     0.01236     1.16566     2.77307     3.04118
         750         530     0.01053     1.14281     2.77919     3.02731
         800         230     0.01349     1.13905     2.78021     3.02590
         800         250     0.01126     1.22200     2.76137     3.11437
         800         280     0.01173     1.13275     2.78191     3.02359
         800         330     0.01513     1.09862     2.79039     3.01199
         800         380     0.01293     1.13068     2.78246     3.02283
         800         430     0.01114     1.11528     2.78641     3.01742
         800         480     0.01246     1.06955     2.80217     3.00549
         800         530     0.01157     1.10085     2.78988     3.01269
         800         580     0.01028     1.08533     2.79454     3.00838
         850         230     0.01062     1.10392     2.78916     3.01366
         850         250     0.01251     1.15939     2.77452     3.03369
         850         280     0.01166     1.09416     2.79139     3.01062
         850         330     0.01461     1.09415     2.79139     3.01061
         850         380     0.01436     1.12434     2.78412     3.02056
         850         430     0.01533     1.09832     2.79046     3.01189
         850         480     0.01398     1.09165     2.79194     3.00986
         850         530     0.00903     1.16135     2.77406     3.03589
         850         580     0.01322     1.07451     2.79989     3.00635
         850         630     0.01268     1.09684     2.79079     3.01144
         900         280     0.01352     1.10122     2.78979     3.01280
         900         330     0.01619     1.13376     2.78164     3.02395
         900         380     0.01638     1.09220     2.79182     3.01003
         900         430     0.01379     1.09017     2.79226     3.00942
         900         480     0.01653     1.10348     2.78927     3.01352
         900         530     0.01613     1.09780     2.79058     3.01173
         900         580     0.01259     1.07649     2.79895     3.00671
         900         630     0.01357     1.08114     2.79667     3.00757
         900         680     0.01033     1.11093     2.78749     3.01596
         950         280     0.01474     1.08162     2.79643     3.00766
         950         330     0.01658     1.10450     2.78903     3.01385
         950         380     0.01602     1.09463     2.79129     3.01076
         950         430     0.01512     1.08413     2.79516     3.00814
         950         480     0.01460     1.13245     2.78199     3.02348
         950         530     0.01245     1.07556     2.79939     3.00654
         950         580     0.01677     1.09662     2.79084     3.01137
         950         630     0.01382     1.07572     2.79932     3.00657
         950         680     0.01292     1.11655     2.78610     3.01786
         950         730     0.01028     1.15537     2.77567     3.03212
        1000         280     0.01557     1.09190     2.79189     3.00994
        1000         330     0.01251     1.14929     2.77739     3.02977
        1000         380     0.01473     1.09351     2.79154     3.01042
        1000         430     0.01210     1.08430     2.79507     3.00818
        1000         480     0.01528     1.11002     2.78771     3.01566
        1000         530     0.01431     1.06950     2.80219     3.00548
        1000         580     0.01286     1.06946     2.80221     3.00547
        1000         630     0.01428     1.08596     2.79421     3.00850
        1000         680     0.01290     1.11085     2.78750     3.01593
        1000         730     0.01381     1.10147     2.78973     3.01288
        1000         780     0.01235     1.11232     2.78715     3.01642
        1050         280     0.01256     1.08760     2.79335     3.00883
        1050         330     0.01340     1.09864     2.79038     3.01199
        1050         380     0.01386     1.09240     2.79178     3.01009
        1050         430     0.01566     1.08568     2.79436     3.00845
        1050         480     0.01820     1.09029     2.79224     3.00946
        1050         530     0.01620     1.07231     2.80092     3.00596
        1050         580     0.01612     1.06456     2.80434     3.00466
        1050         630     0.01727     1.07014     2.80190     3.00559
        1050         680     0.01566     1.07362     2.80031     3.00619
        1050         730     0.01479     1.07590     2.79923     3.00660
        1050         780     0.01383     1.07258     2.80079     3.00601
        1050         830     0.01287     1.07708     2.79867     3.00681
        1100         280     0.01402     1.08893     2.79265     3.00909
        1100         330     0.01387     1.09690     2.79078     3.01146
        1100         380     0.01456     1.09151     2.79197     3.00982
        1100         430     0.01741     1.06993     2.80200     3.00555
        1100         480     0.01649     1.08233     2.79607     3.00780
        1100         530     0.01424     1.09150     2.79198     3.00982
        1100         580     0.01606     1.08936     2.79244     3.00919
        1100         630     0.01424     1.09932     2.79023     3.01221
        1100         680     0.01249     1.07074     2.80163     3.00569
        1100         730     0.01584     1.10554     2.78878     3.01419
        1100         780     0.01406     1.08133     2.79657     3.00761
        1100         830     0.01198     1.12521     2.78389     3.02087
        1100         880     0.01330     1.10689     2.78846     3.01463
        1150         280     0.01212     1.07771     2.79836     3.00693
        1150         330     0.01508     1.08694     2.79370     3.00870
        1150         380     0.01430     1.07292     2.80063     3.00607
        1150         430     0.01561     1.07051     2.80174     3.00565
        1150         480     0.01545     1.08644     2.79396     3.00860
        1150         530     0.01619     1.08656     2.79390     3.00862
        1150         580     0.01726     1.09348     2.79154     3.01041
        1150         630     0.01470     1.08087     2.79681     3.00752
        1150         680     0.01632     1.06222     2.80532     3.00429
        1150         730     0.01609     1.06716     2.80323     3.00509
        1150         780     0.01652     1.07418     2.80005     3.00629
        1150         830     0.01394     1.06366     2.80472     3.00452
        1150         880     0.01184     1.08266     2.79590     3.00786
        1150         930     0.00923     1.06177     2.80551     3.00422
        1200         280     0.01492     1.08464     2.79489     3.00824
        1200         330     0.01527     1.09005     2.79229     3.00939
        1200         380     0.01574     1.09310     2.79163     3.01030
        1200         430     0.01190     1.07354     2.80035     3.00618
        1200         480     0.01617     1.08354     2.79546     3.00803
        1200         530     0.01513     1.07488     2.79972     3.00642
        1200         580     0.01383     1.07091     2.80156     3.00572
        1200         630     0.01420     1.07232     2.80091     3.00596
        1200         680     0.01511     1.10057     2.78994     3.01260
        1200         730     0.01416     1.07555     2.79940     3.00654
        1200         780     0.01487     1.06010     2.80618     3.00397
        1200         830     0.01252     1.09122     2.79204     3.00974
        1200         880     0.01359     1.07717     2.79862     3.00683
        1200         930     0.01205     1.11561     2.78633     3.01754
        1200         980     0.01345     1.08477     2.79483     3.00827
        1250         280     0.01084     1.07686     2.79877     3.00677
        1250         330     0.01301     1.09472     2.79127     3.01079
        1250         380     0.01367     1.08743     2.79344     3.00879
        1250         430     0.01286     1.07144     2.80132     3.00581
        1250         480     0.01527     1.10710     2.78841     3.01469
        1250         530     0.01529     1.07003     2.80196     3.00557
        1250         580     0.01179     1.09098     2.79209     3.00966
        1250         630     0.01547     1.06842     2.80267     3.00530
        1250         680     0.01750     1.06503     2.80414     3.00474
        1250         730     0.01644     1.09450     2.79132     3.01072
        1250         780     0.01457     1.07143     2.80132     3.00581
        1250         830     0.01592     1.06439     2.80441     3.00464
        1250         880     0.01373     1.06340     2.80483     3.00448
        1250         930     0.01257     1.06359     2.80475     3.00451
        1250         980     0.01397     1.08157     2.79646     3.00765
