         500         280     0.00413     1.22180     2.77848     2.90635
         550         280     0.00591     1.15604     2.77988     2.88121
         550         330     0.00273     1.12745     2.78585     2.87350
         600         280     0.00619     1.12867     2.78560     2.87382
         600         330     0.00610     1.15738     2.77959     2.88159
         600         380     0.00564     1.10213     2.79063     2.86732
         650         280     0.00500     1.12813     2.78571     2.87368
         650         330     0.00553     1.11747     2.78780     2.87098
         650         380     0.00489     1.19891     2.77829     2.89648
         650         430     0.00394     1.11820     2.78766     2.87116
         700         280     0.00776     1.12093     2.78713     2.87184
         700         330     0.00457     1.13110     2.78512     2.87445
         700         380     0.00706     1.11353     2.78855     2.87001
         700         430     0.00541     1.12814     2.78571     2.87368
         700         480     0.00357     1.17498     2.77879     2.88768
         750         230     0.00721     1.15169     2.78082     2.88000
         750         250     0.00653     1.11291     2.78866     2.86986
         750         280     0.00603     1.18003     2.77868     2.88951
         750         330     0.00670     1.11298     2.78865     2.86988
         750         380     0.00581     1.12942     2.78545     2.87401
         750         430     0.00544     1.15704     2.77966     2.88149
         750         480     0.00569     1.14805     2.78160     2.87899
         750         530     0.00551     1.12586     2.78616     2.87309
         800         230     0.00678     1.12378     2.78657     2.87256
         800         250     0.00694     1.12439     2.78645     2.87272
         800         280     0.00758     1.11308     2.78863     2.86990
         800         330     0.00814     1.11852     2.78760     2.87124
         800         380     0.00617     1.14323     2.78262     2.87768
         800         430     0.00690     1.11793     2.78771     2.87109
         800         480     0.00609     1.10841     2.78950     2.86878
         800         530     0.00607     1.12674     2.78599     2.87332
         800         580     0.00365     1.14118     2.78304     2.87712
         850         230     0.00788     1.15357     2.78041     2.88052
         850         250     0.00613     1.12243     2.78684     2.87222
         850         280     0.00588     1.12955     2.78543     2.87404
         850         330     0.00790     1.12282     2.78676     2.87232
         850         380     0.00791     1.14642     2.78194     2.87855
         850         430     0.00801     1.11318     2.78861     2.86993
         850         480     0.00729     1.12127     2.78707     2.87193
         850         530     0.00543     1.12116     2.78709     2.87190
         850         580     0.00661     1.11516     2.78824     2.87041
         850         630     0.00628     1.11590     2.78810     2.87059
         900         280     0.00737     1.12611     2.78611     2.87316
         900         330     0.00781     1.11966     2.78738     2.87152
         900         380     0.00746     1.13637     2.78404     2.87583
         900         430     0.00707     1.14902     2.78139     2.87926
         900         480     0.00806     1.11253     2.78873     2.86977
         900         530     0.00747     1.12467     2.78640     2.87279
         900         580     0.00632     1.10868     2.78945     2.86885
         900         630     0.00798     1.12165     2.78699     2.87202
         900         680     0.00588     1.11169     2.78889     2.86957
         950         280     0.00771     1.12277     2.78677     2.87230
         950         330     0.00839     1.12179     2.78696     2.87206
         950         380     0.00763     1.13638     2.78404     2.87584
         950         430     0.00830     1.12740     2.78586     2.87349
         950         480     0.00710     1.11154     2.78892     2.86953
         950         530     0.00650     1.12828     2.78568     2.87371
         950         580     0.00747     1.11738     2.78782     2.87096
         950         630     0.00596     1.11316     2.78862     2.86992
         950         680     0.00550     1.15196     2.78076     2.88008
         950         730     0.00533     1.12808     2.78572     2.87366
        1000         280     0.00911     1.13572     2.78417     2.87566
        1000         330     0.00615     1.12152     2.78702     2.87199
        1000         380     0.00726     1.12583     2.78617     2.87308
        1000         430     0.00567     1.12708     2.78592     2.87340
        1000         480     0.00738     1.13579     2.78416     2.87568
        1000         530     0.00752     1.13886     2.78353     2.87650
        1000         580     0.00666     1.11687     2.78791     2.87083
        1000         630     0.00619     1.12305     2.78672     2.87238
        1000         680     0.00660     1.09798     2.79136     2.86638
        1000         730     0.00742     1.13712     2.78389     2.87604
        1000         780     0.00514     1.13888     2.78352     2.87650
        1050         280     0.00562     1.15161     2.78084     2.87998
        1050         330     0.00707     1.15808     2.77944     2.88179
        1050         380     0.00708     1.12904     2.78553     2.87391
        1050         430     0.00665     1.12666     2.78601     2.87330
        1050         480     0.00753     1.15640     2.77980     2.88132
        1050         530     0.00877     1.12657     2.78602     2.87327
        1050         580     0.00793     1.13420     2.78448     2.87526
        1050         630     0.00771     1.15047     2.78108     2.87966
        1050         680     0.00725     1.11967     2.78738     2.87153
        1050         730     0.00709     1.17232     2.77884     2.88672
        1050         780     0.00759     1.11924     2.78746     2.87142
        1050         830     0.00552     1.17338     2.77882     2.88710
        1100         280     0.00861     1.14641     2.78194     2.87854
        1100         330     0.00577     1.11839     2.78762     2.87121
        1100         380     0.00608     1.15801     2.77945     2.88177
        1100         430     0.00945     1.12808     2.78572     2.87366
        1100         480     0.00570     1.13082     2.78517     2.87437
        1100         530     0.00657     1.15122     2.78092     2.87987
        1100         580     0.00679     1.14385     2.78248     2.87785
        1100         630     0.00729     1.14556     2.78212     2.87831
        1100         680     0.00554     1.15307     2.78052     2.88038
        1100         730     0.00667     1.13008     2.78532     2.87418
        1100         780     0.00654     1.11957     2.78739     2.87150
        1100         830     0.00475     1.12375     2.78658     2.87255
        1100         880     0.00546     1.12410     2.78651     2.87264
        1150         280     0.00670     1.15884     2.77927     2.88200
        1150         330     0.00824     1.13804     2.78370     2.87628
        1150         380     0.00674     1.14438     2.78237     2.87799
        1150         430     0.00581     1.14657     2.78191     2.87859
        1150         480     0.00688     1.12288     2.78675     2.87233
        1150         530     0.00617     1.12539     2.78626     2.87297
        1150         580     0.00782     1.12596     2.78614     2.87312
        1150         630     0.00648     1.11647     2.78799     2.87073
        1150         680     0.00742     1.12245     2.78683     2.87222
        1150         730     0.00720     1.12564     2.78621     2.87303
        1150         780     0.00745     1.12810     2.78572     2.87367
        1150         830     0.00596     1.11305     2.78864     2.86990
        1150         880     0.00472     1.17299     2.77883     2.88696
        1150         930     0.00405     1.12525     2.78628     2.87294
        1200         280     0.00702     1.15595     2.77990     2.88119
        1200         330     0.00496     1.13579     2.78416     2.87568
        1200         380     0.00737     1.14295     2.78267     2.87760
        1200         430     0.00512     1.16070     2.77908     2.88260
        1200         480     0.00655     1.13380     2.78457     2.87515
        1200         530     0.00711     1.12177     2.78697     2.87205
        1200         580     0.00573     1.13389     2.78455     2.87518
        1200         630     0.00755     1.12540     2.78626     2.87297
        1200         680     0.00613     1.11355     2.78854     2.87002
        1200         730     0.00618     1.14773     2.78167     2.87891
        1200         780     0.00706     1.13728     2.78385     2.87608
        1200         830     0.00451     1.12125     2.78707     2.87192
        1200         880     0.00678     1.13077     2.78518     2.87436
        1200         930     0.00443     1.13131     2.78507     2.87450
        1200         980     0.00474     1.13709     2.78389     2.87603
        1250         280     0.00521     1.16133     2.77907     2.88282
        1250         330     0.00513     1.13826     2.78365     2.87634
        1250         380     0.00565     1.26162     2.78769     2.93931
        1250         430     0.00633     1.13631     2.78405     2.87582
        1250         480     0.00657     1.15238     2.78067     2.88019
        1250         530     0.00743     1.13429     2.78447     2.87529
        1250         580     0.00481     1.13569     2.78418     2.87565
        1250         630     0.00763     1.15817     2.77941     2.88181
        1250         680     0.00825     1.11762     2.78777     2.87102
        1250         730     0.00573     1.13152     2.78503     2.87456
        1250         780     0.00586     1.12323     2.78668     2.87242
        1250         830     0.00565     1.14523     2.78219     2.87822
        1250         880     0.00573     1.13470     2.78438     2.87539
        1250         930     0.00537     1.11988     2.78734     2.87158
        1250         980     0.00504     1.13016     2.78530     2.87420
