         600         380     0.00819     1.16228     2.78068     3.03407
         650         380     0.00948     1.15540     2.78149     3.02881
         650         430     0.00753     1.18650     2.78142     3.05576
         700         380     0.00747     1.37438     2.87483     3.31170
         700         430     0.00976     1.18169     2.78127     3.05138
         700         480     0.00910     1.14673     2.78329     3.02287
         750         330     0.00844     1.18388     2.78134     3.05337
         750         350     0.00980     1.15163     2.78228     3.02621
         750         380     0.01053     1.13123     2.78641     3.01261
         750         430     0.00961     1.14289     2.78408     3.02029
         750         480     0.01114     1.08703     2.79467     2.98714
         750         530     0.00937     1.13822     2.78502     3.01718
         800         330     0.01406     1.11223     2.78999     3.00079
         800         350     0.01223     1.10201     2.79180     2.99484
         800         380     0.01311     1.14010     2.78464     3.01842
         800         430     0.01111     1.08148     2.79650     2.98530
         800         480     0.00886     1.09679     2.79268     2.99193
         800         530     0.00965     1.10676     2.79097     2.99757
         800         580     0.00969     1.12985     2.78668     3.01172
         850         330     0.01314     1.10075     2.79201     2.99413
         850         350     0.01260     1.15740     2.78107     3.03020
         850         380     0.01361     1.11369     2.78973     3.00166
         850         430     0.01150     1.12250     2.78809     3.00706
         850         480     0.01585     1.13429     2.78580     3.01460
         850         530     0.01234     1.09377     2.79318     2.99029
         850         580     0.01245     1.10853     2.79066     2.99860
         850         630     0.01185     1.16926     2.78089     3.04021
         900         380     0.01276     1.09364     2.79320     2.99022
         900         430     0.01456     1.08241     2.79620     2.98560
         900         480     0.01454     1.08756     2.79449     2.98732
         900         530     0.01306     1.07983     2.79702     2.98477
         900         580     0.01386     1.09009     2.79377     2.98833
         900         630     0.01125     1.09617     2.79279     2.99159
         900         680     0.00886     1.12202     2.78818     3.00677
         950         380     0.01301     1.11740     2.78905     3.00391
         950         430     0.01457     1.09087     2.79365     2.98874
         950         480     0.01283     1.08307     2.79598     2.98582
         950         530     0.01374     1.08249     2.79617     2.98563
         950         580     0.01440     1.12244     2.78810     3.00703
         950         630     0.01285     1.10901     2.79057     2.99888
         950         680     0.01209     1.08001     2.79697     2.98483
         950         730     0.01330     1.11488     2.78951     3.00238
        1000         380     0.01293     1.11170     2.79009     3.00047
        1000         430     0.01571     1.11689     2.78914     3.00360
        1000         480     0.01395     1.12842     2.78695     3.01081
        1000         530     0.01595     1.06789     2.80061     2.98116
        1000         580     0.01465     1.09305     2.79330     2.98990
        1000         630     0.01573     1.10423     2.79142     2.99610
        1000         680     0.01478     1.10382     2.79149     2.99587
        1000         730     0.01332     1.09972     2.79219     2.99355
        1000         780     0.01166     1.07849     2.79745     2.98434
        1050         380     0.01457     1.08691     2.79471     2.98710
        1050         430     0.01349     1.10250     2.79172     2.99512
        1050         480     0.01433     1.16707     2.78082     3.03828
        1050         530     0.01607     1.10054     2.79205     2.99401
        1050         580     0.01536     1.07971     2.79706     2.98473
        1050         630     0.01739     1.06948     2.80015     2.98162
        1050         680     0.01351     1.08245     2.79618     2.98562
        1050         730     0.01854     1.05824     2.80317     2.97857
        1050         780     0.01236     1.09029     2.79374     2.98844
        1050         830     0.01230     1.07724     2.79784     2.98395
        1100         380     0.01508     1.08314     2.79596     2.98585
        1100         430     0.01693     1.08435     2.79556     2.98624
        1100         480     0.01462     1.09753     2.79256     2.99234
        1100         530     0.01686     1.09142     2.79356     2.98903
        1100         580     0.01493     1.07668     2.79801     2.98378
        1100         630     0.01341     1.07092     2.79974     2.98203
        1100         680     0.01521     1.06748     2.80072     2.98105
        1100         730     0.01475     1.08046     2.79682     2.98497
        1100         780     0.01381     1.10798     2.79076     2.99828
        1100         830     0.01646     1.06874     2.80036     2.98140
        1100         880     0.01241     1.12407     2.78779     3.00805
        1150         380     0.01381     1.09408     2.79313     2.99046
        1150         430     0.01313     1.11220     2.79000     3.00077
        1150         480     0.01397     1.10243     2.79173     2.99508
        1150         530     0.01503     1.07487     2.79856     2.98322
        1150         580     0.01480     1.06350     2.80181     2.97994
        1150         630     0.01387     1.07591     2.79825     2.98354
        1150         680     0.01588     1.06421     2.80162     2.98014
        1150         730     0.01535     1.07991     2.79700     2.98480
        1150         780     0.01423     1.06134     2.80238     2.97937
        1150         830     0.01457     1.07827     2.79752     2.98427
        1150         880     0.01421     1.09564     2.79287     2.99130
        1150         930     0.01020     1.10450     2.79137     2.99626
        1200         380     0.01584     1.06640     2.80102     2.98074
        1200         430     0.01247     1.07921     2.79722     2.98457
        1200         480     0.01504     1.07679     2.79798     2.98381
        1200         530     0.01475     1.06929     2.80021     2.98156
        1200         580     0.01518     1.07025     2.79993     2.98184
        1200         630     0.01493     1.08029     2.79688     2.98492
        1200         680     0.01431     1.08754     2.79450     2.98732
        1200         730     0.01397     1.08156     2.79647     2.98533
        1200         780     0.01582     1.08957     2.79386     2.98806
        1200         830     0.01506     1.06726     2.80078     2.98098
        1200         880     0.01354     1.06907     2.80027     2.98150
        1200         930     0.01305     1.07275     2.79920     2.98258
        1200         980     0.01341     1.10029     2.79209     2.99387
        1250         380     0.01434     1.09923     2.79227     2.99328
        1250         430     0.01219     1.08168     2.79643     2.98537
        1250         480     0.01452     1.07876     2.79736     2.98443
        1250         530     0.01333     1.06747     2.80072     2.98104
        1250         580     0.01658     1.07758     2.79773     2.98406
        1250         630     0.01436     1.08278     2.79608     2.98573
        1250         680     0.01467     1.07476     2.79860     2.98319
        1250         730     0.01644     1.08715     2.79463     2.98718
        1250         780     0.01624     1.06583     2.80118     2.98058
        1250         830     0.01771     1.07712     2.79787     2.98391
        1250         880     0.01304     1.05872     2.80305     2.97869
        1250         930     0.01530     1.07915     2.79724     2.98456
        1250         980     0.01118     1.09847     2.79240     2.99286
