         700         480     0.00794     1.22816     5.59888     3.98800
         750         480     0.00832     1.17031     5.41753     3.89425
         750         530     0.00843     1.16122     5.39085     3.88082
         800         480     0.01031     1.13654     5.33356     3.85341
         800         530     0.01047     1.09436     5.24804     3.81270
         800         580     0.01006     1.11310     5.28399     3.82981
         850         480     0.01259     1.06731     5.21016     3.78730
         850         530     0.01048     1.08058     5.22690     3.79954
         850         580     0.01026     1.11167     5.28112     3.82844
         850         630     0.01334     1.08368     5.23111     3.80261
         900         480     0.01337     1.08764     5.23665     3.80667
         900         530     0.01227     1.11003     5.27785     3.82689
         900         580     0.01336     1.15069     5.36546     3.86860
         900         630     0.01383     1.08826     5.23752     3.80730
         900         680     0.01300     1.06292     5.20512     3.78362
         950         480     0.01399     1.06691     5.20970     3.78696
         950         530     0.01655     1.06566     5.20824     3.78589
         950         580     0.01098     1.07392     5.21823     3.79320
         950         630     0.01579     1.09755     5.25388     3.81548
         950         680     0.01153     1.08943     5.23924     3.80851
         950         730     0.00916     1.09702     5.25291     3.81501
        1000         480     0.01480     1.08500     5.23294     3.80396
        1000         530     0.01492     1.07453     5.21900     3.79376
        1000         580     0.01498     1.07229     5.21618     3.79170
        1000         630     0.01220     1.06761     5.21052     3.78756
        1000         680     0.01448     1.07066     5.21418     3.79024
        1000         730     0.01342     1.09045     5.24104     3.80936
        1000         780     0.01175     1.08406     5.23163     3.80299
        1050         480     0.01444     1.07530     5.21998     3.79448
        1050         530     0.01585     1.08579     5.23404     3.80476
        1050         580     0.01760     1.09642     5.25180     3.81449
        1050         630     0.01709     1.07051     5.21399     3.79010
        1050         680     0.01628     1.08041     5.22666     3.79937
        1050         730     0.01560     1.09245     5.24459     3.81105
        1050         780     0.01168     1.07654     5.22157     3.79564
        1050         830     0.01258     1.07341     5.21758     3.79273
        1100         480     0.01433     1.09609     5.25120     3.81420
        1100         530     0.01606     1.06608     5.20873     3.78625
        1100         580     0.01425     1.06861     5.21170     3.78843
        1100         630     0.01784     1.06141     5.20345     3.78240
        1100         680     0.01312     1.09092     5.24187     3.80976
        1100         730     0.01571     1.08018     5.22636     3.79915
        1100         780     0.01381     1.07436     5.21878     3.79360
        1100         830     0.01380     1.07967     5.22567     3.79864
        1100         880     0.01396     1.08047     5.22675     3.79943
        1150         480     0.01488     1.06880     5.21193     3.78860
        1150         530     0.01328     1.09861     5.25585     3.81641
        1150         580     0.01470     1.08213     5.22898     3.80106
        1150         630     0.01700     1.07363     5.21785     3.79293
        1150         680     0.01529     1.07294     5.21699     3.79229
        1150         730     0.01452     1.08855     5.23794     3.80761
        1150         780     0.01662     1.06486     5.20732     3.78522
        1150         830     0.01458     1.06688     5.20965     3.78693
        1150         880     0.01513     1.07767     5.22304     3.79672
        1150         930     0.01330     1.12138     5.30098     3.83790
        1200         480     0.01360     1.08212     5.22897     3.80105
        1200         530     0.01544     1.07139     5.21507     3.79089
        1200         580     0.01532     1.08630     5.23476     3.80529
        1200         630     0.01876     1.07544     5.22015     3.79461
        1200         680     0.01651     1.06597     5.20860     3.78616
        1200         730     0.01467     1.05983     5.20174     3.78114
        1200         780     0.01891     1.07517     5.21981     3.79435
        1200         830     0.01377     1.09354     5.24656     3.81199
        1200         880     0.01577     1.07549     5.22022     3.79465
        1200         930     0.01329     1.08047     5.22675     3.79943
        1200         980     0.01442     1.07758     5.22292     3.79663
        1250         480     0.01734     1.08049     5.22677     3.79945
        1250         530     0.01202     1.06785     5.21080     3.78777
        1250         580     0.01593     1.07425     5.21864     3.79350
        1250         630     0.01562     1.06970     5.21301     3.78938
        1250         680     0.01583     1.07938     5.22530     3.79837
        1250         730     0.01696     1.08042     5.22668     3.79937
        1250         780     0.01552     1.07879     5.22451     3.79779
        1250         830     0.01395     1.05592     5.19766     3.77816
        1250         880     0.01376     1.08310     5.23031     3.80203
        1250         930     0.01267     1.08641     5.23491     3.80540
        1250         980     0.01338     1.08574     5.23397     3.80471
