         700         480     0.01170     1.15052     7.49668     6.14959
         750         480     0.01275     1.11308     7.40136     6.08204
         750         530     0.01192     1.10688     7.38691     6.07180
         800         480     0.01378     1.08065     7.33207     6.03664
         800         530     0.01477     1.08126     7.33321     6.03719
         800         580     0.01343     1.08185     7.33430     6.03772
         850         480     0.01591     1.08607     7.34227     6.04158
         850         530     0.01331     1.06184     7.30048     6.02136
         850         580     0.01350     1.05588     7.29183     6.01717
         850         630     0.01558     1.07457     7.32120     6.03138
         900         480     0.01588     1.08212     7.33481     6.03796
         900         530     0.01547     1.06463     7.30477     6.02343
         900         580     0.01643     1.06046     7.29842     6.02036
         900         630     0.01644     1.05797     7.29478     6.01860
         900         680     0.01412     1.06058     7.29859     6.02044
         950         480     0.01659     1.07614     7.32394     6.03271
         950         530     0.01916     1.06352     7.30305     6.02260
         950         580     0.01389     1.05703     7.29345     6.01796
         950         630     0.01696     1.07197     7.31673     6.02922
         950         680     0.01385     1.05056     7.28474     6.01374
         950         730     0.01062     1.05568     7.29155     6.01704
        1000         480     0.01905     1.06186     7.30052     6.02137
        1000         530     0.01745     1.07465     7.32133     6.03145
        1000         580     0.01648     1.05996     7.29768     6.02000
        1000         630     0.01396     1.05874     7.29590     6.01914
        1000         680     0.01693     1.06429     7.30423     6.02317
        1000         730     0.01582     1.07257     7.31775     6.02971
        1000         780     0.01308     1.07784     7.32698     6.03418
        1050         480     0.01667     1.05991     7.29761     6.01997
        1050         530     0.01789     1.07014     7.31366     6.02774
        1050         580     0.01878     1.06603     7.30698     6.02450
        1050         630     0.01865     1.05381     7.28900     6.01580
        1050         680     0.01830     1.06033     7.29822     6.02026
        1050         730     0.01744     1.08589     7.34193     6.04141
        1050         780     0.01313     1.08278     7.33603     6.03856
        1050         830     0.01363     1.06187     7.30053     6.02138
        1100         480     0.01682     1.07915     7.32934     6.03532
        1100         530     0.01763     1.06661     7.30791     6.02495
        1100         580     0.01607     1.06684     7.30827     6.02513
        1100         630     0.01977     1.05523     7.29093     6.01674
        1100         680     0.01595     1.07167     7.31622     6.02897
        1100         730     0.01750     1.06924     7.31217     6.02701
        1100         780     0.01562     1.06781     7.30983     6.02588
        1100         830     0.01568     1.05727     7.29380     6.01812
        1100         880     0.01475     1.06189     7.30056     6.02139
        1150         480     0.01735     1.07388     7.31999     6.03080
        1150         530     0.01547     1.07596     7.32363     6.03256
        1150         580     0.01676     1.07391     7.32005     6.03083
        1150         630     0.01900     1.06360     7.30317     6.02266
        1150         680     0.01652     1.07119     7.31541     6.02858
        1150         730     0.01606     1.06586     7.30671     6.02437
        1150         780     0.01887     1.06660     7.30788     6.02494
        1150         830     0.01592     1.05903     7.29631     6.01934
        1150         880     0.01650     1.07414     7.32044     6.03102
        1150         930     0.01368     1.11983     7.41757     6.09353
        1200         480     0.01527     1.07135     7.31569     6.02871
        1200         530     0.01725     1.06653     7.30777     6.02488
        1200         580     0.01718     1.07222     7.31715     6.02942
        1200         630     0.02150     1.06973     7.31298     6.02740
        1200         680     0.01844     1.07471     7.32143     6.03149
        1200         730     0.01565     1.05547     7.29127     6.01690
        1200         780     0.02039     1.06023     7.29808     6.02019
        1200         830     0.01517     1.07330     7.31901     6.03032
        1200         880     0.01725     1.05616     7.29223     6.01736
        1200         930     0.01395     1.08730     7.34464     6.04272
        1200         980     0.01592     1.06056     7.29857     6.02043
        1250         480     0.01878     1.07021     7.31377     6.02779
        1250         530     0.01257     1.06417     7.30406     6.02309
        1250         580     0.01659     1.06552     7.30617     6.02411
        1250         630     0.01824     1.06328     7.30268     6.02242
        1250         680     0.01742     1.08111     7.33293     6.03706
        1250         730     0.01837     1.06701     7.30854     6.02526
        1250         780     0.01720     1.06424     7.30416     6.02314
        1250         830     0.01504     1.06163     7.30017     6.02121
        1250         880     0.01490     1.06978     7.31306     6.02744
        1250         930     0.01410     1.07425     7.32064     6.03111
        1250         980     0.01452     1.07015     7.31367     6.02774
