         500         280     0.00642     1.07250     6.89529     6.25831
         550         280     0.00739     1.06190     6.88198     6.24614
         550         330     0.00548     1.07153     6.89400     6.25713
         600         280     0.00772     1.06218     6.88231     6.24645
         600         330     0.00715     1.05922     6.87888     6.24331
         600         380     0.00672     1.08579     6.91408     6.27547
         650         280     0.00706     1.10926     6.95648     6.31115
         650         330     0.00837     1.08316     6.91019     6.27192
         650         380     0.00531     1.05420     6.87337     6.23828
         650         430     0.00674     1.08186     6.90830     6.27019
         700         280     0.01021     1.06061     6.88047     6.24477
         700         330     0.00739     1.05614     6.87545     6.24018
         700         380     0.00950     1.06656     6.88764     6.25131
         700         430     0.00762     1.07217     6.89484     6.25790
         700         480     0.00779     1.11444     6.96679     6.31972
         750         230     0.00944     1.05180     6.87088     6.23600
         750         250     0.00657     1.06453     6.88513     6.24902
         750         280     0.01098     1.08388     6.91125     6.27289
         750         330     0.00809     1.10510     6.94840     6.30444
         750         380     0.00748     1.07890     6.90406     6.26632
         750         430     0.00795     1.06568     6.88654     6.25031
         750         480     0.00881     1.06802     6.88946     6.25298
         750         530     0.00652     1.07475     6.89831     6.26107
         800         230     0.00806     1.06265     6.88287     6.24696
         800         250     0.00822     1.07587     6.89984     6.26246
         800         280     0.00929     1.06085     6.88075     6.24502
         800         330     0.01002     1.05491     6.87412     6.23897
         800         380     0.01091     1.06094     6.88086     6.24512
         800         430     0.00707     1.07115     6.89351     6.25668
         800         480     0.00861     1.06733     6.88860     6.25219
         800         530     0.00832     1.08955     6.91983     6.28070
         800         580     0.00613     1.08792     6.91729     6.27841
         850         230     0.01030     1.06820     6.88970     6.25320
         850         250     0.00941     1.06982     6.89176     6.25509
         850         280     0.00818     1.07143     6.89387     6.25701
         850         330     0.00879     1.06616     6.88713     6.25085
         850         380     0.01081     1.07141     6.89384     6.25698
         850         430     0.00913     1.08512     6.91308     6.27457
         850         480     0.00963     1.05738     6.87682     6.24143
         850         530     0.00680     1.07520     6.89892     6.26162
         850         580     0.00870     1.05257     6.87167     6.23672
         850         630     0.00868     1.05674     6.87611     6.24078
         900         280     0.00913     1.05923     6.87890     6.24333
         900         330     0.00990     1.10116     6.94090     6.29820
         900         380     0.01191     1.06007     6.87985     6.24420
         900         430     0.00799     1.06635     6.88738     6.25108
         900         480     0.00972     1.05623     6.87555     6.24027
         900         530     0.00812     1.06757     6.88890     6.25247
         900         580     0.00833     1.06338     6.88374     6.24775
         900         630     0.00899     1.05801     6.87752     6.24207
         900         680     0.00596     1.07222     6.89491     6.25796
         950         280     0.01118     1.06099     6.88092     6.24518
         950         330     0.00878     1.06330     6.88365     6.24767
         950         380     0.01033     1.08338     6.91051     6.27222
         950         430     0.00981     1.05245     6.87155     6.23661
         950         480     0.00818     1.07308     6.89605     6.25900
         950         530     0.00758     1.05552     6.87478     6.23957
         950         580     0.00875     1.07039     6.89251     6.25577
         950         630     0.01017     1.05930     6.87897     6.24340
         950         680     0.00747     1.09223     6.92456     6.28463
         950         730     0.00680     1.05965     6.87937     6.24376
        1000         280     0.00828     1.06303     6.88332     6.24737
        1000         330     0.00757     1.08856     6.91826     6.27930
        1000         380     0.00912     1.05746     6.87691     6.24151
        1000         430     0.00874     1.08561     6.91381     6.27523
        1000         480     0.00829     1.07949     6.90489     6.26708
        1000         530     0.00929     1.06484     6.88551     6.24937
        1000         580     0.00697     1.05698     6.87637     6.24102
        1000         630     0.00803     1.05547     6.87472     6.23951
        1000         680     0.00792     1.10287     6.94413     6.30089
        1000         730     0.00994     1.07909     6.90433     6.26657
        1000         780     0.00719     1.07900     6.90420     6.26645
        1050         280     0.00863     1.07263     6.89546     6.25846
        1050         330     0.00752     1.06998     6.89198     6.25528
        1050         380     0.00969     1.06130     6.88128     6.24551
        1050         430     0.00831     1.07268     6.89553     6.25853
        1050         480     0.01075     1.08221     6.90880     6.27066
        1050         530     0.00855     1.06951     6.89137     6.25473
        1050         580     0.00911     1.05885     6.87845     6.24292
        1050         630     0.00835     1.06148     6.88149     6.24570
        1050         680     0.00874     1.06170     6.88175     6.24594
        1050         730     0.00985     1.08195     6.90842     6.27030
        1050         780     0.00803     1.05201     6.87109     6.23620
        1050         830     0.00838     1.06137     6.88136     6.24558
        1100         280     0.00875     1.06833     6.88986     6.25335
        1100         330     0.00900     1.06704     6.88824     6.25186
        1100         380     0.00805     1.08082     6.90679     6.26882
        1100         430     0.00964     1.06429     6.88484     6.24876
        1100         480     0.00991     1.06837     6.88991     6.25340
        1100         530     0.00744     1.05975     6.87948     6.24386
        1100         580     0.00969     1.07068     6.89289     6.25612
        1100         630     0.00884     1.07303     6.89599     6.25895
        1100         680     0.00789     1.06510     6.88583     6.24966
        1100         730     0.00890     1.06348     6.88386     6.24786
        1100         780     0.00952     1.05180     6.87088     6.23600
        1100         830     0.00686     1.09471     6.92899     6.28831
        1100         880     0.00662     1.07158     6.89407     6.25719
        1150         280     0.00791     1.06519     6.88594     6.24977
        1150         330     0.00931     1.06459     6.88521     6.24909
        1150         380     0.00839     1.06270     6.88293     6.24701
        1150         430     0.00867     1.06232     6.88248     6.24660
        1150         480     0.00832     1.06589     6.88680     6.25055
        1150         530     0.00854     1.08941     6.91958     6.28049
        1150         580     0.01137     1.05977     6.87951     6.24389
        1150         630     0.00838     1.07068     6.89288     6.25611
        1150         680     0.01071     1.05296     6.87207     6.23709
        1150         730     0.00887     1.05677     6.87615     6.24081
        1150         780     0.00884     1.06097     6.88089     6.24515
        1150         830     0.00871     1.08181     6.90822     6.27012
        1150         880     0.00557     1.08858     6.91830     6.27934
        1150         930     0.00575     1.08617     6.91465     6.27599
        1200         280     0.00788     1.06998     6.89198     6.25528
        1200         330     0.01008     1.06805     6.88951     6.25302
        1200         380     0.00885     1.07880     6.90391     6.26619
        1200         430     0.00574     1.07259     6.89540     6.25841
        1200         480     0.00847     1.08418     6.91169     6.27329
        1200         530     0.00772     1.07475     6.89830     6.26106
        1200         580     0.00866     1.06083     6.88073     6.24500
        1200         630     0.00928     1.06334     6.88370     6.24771
        1200         680     0.00874     1.05396     6.87311     6.23804
        1200         730     0.00794     1.08081     6.90677     6.26880
        1200         780     0.00804     1.06613     6.88710     6.25082
        1200         830     0.00662     1.05526     6.87450     6.23931
        1200         880     0.00787     1.07759     6.90222     6.26464
        1200         930     0.00735     1.07200     6.89463     6.25770
        1200         980     0.00732     1.06897     6.89068     6.25409
        1250         280     0.00694     1.07020     6.89226     6.25554
        1250         330     0.00753     1.07494     6.89856     6.26130
        1250         380     0.00667     1.07063     6.89282     6.25605
        1250         430     0.00934     1.07805     6.90287     6.26523
        1250         480     0.00908     1.08795     6.91733     6.27845
        1250         530     0.00855     1.06992     6.89189     6.25521
        1250         580     0.00632     1.10656     6.95120     6.30677
        1250         630     0.00647     1.06165     6.88169     6.24588
        1250         680     0.00934     1.05047     6.86954     6.23478
        1250         730     0.00944     1.06991     6.89188     6.25519
        1250         780     0.00813     1.08651     6.91516     6.27647
        1250         830     0.00820     1.06401     6.88451     6.24845
        1250         880     0.00727     1.05872     6.87831     6.24279
        1250         930     0.00588     1.06937     6.89120     6.25457
        1250         980     0.00747     1.06804     6.88949     6.25301
