         700         480     0.01010     1.21972     4.99724     4.69786
         750         480     0.01083     1.12358     4.79815     4.53181
         750         530     0.01060     1.19443     4.93926     4.65010
         800         480     0.01295     1.10498     4.76778     4.50575
         800         530     0.01302     1.12938     4.80812     4.54037
         800         580     0.01199     1.13782     4.82300     4.55314
         850         480     0.01479     1.09820     4.75740     4.49684
         850         530     0.01189     1.11738     4.78774     4.52288
         850         580     0.01277     1.10244     4.76385     4.50237
         850         630     0.01371     1.11926     4.79087     4.52556
         900         480     0.01482     1.11269     4.78005     4.51627
         900         530     0.01395     1.09783     4.75685     4.49636
         900         580     0.01479     1.09346     4.75039     4.49082
         900         630     0.01514     1.06523     4.72323     4.46615
         900         680     0.01292     1.08506     4.74036     4.48195
         950         480     0.01547     1.09901     4.75863     4.49788
         950         530     0.01840     1.08083     4.73644     4.47833
         950         580     0.01338     1.08171     4.73725     4.47908
         950         630     0.01579     1.09266     4.74923     4.48982
         950         680     0.01336     1.05966     4.71905     4.46229
         950         730     0.01055     1.07323     4.72975     4.47216
        1000         480     0.01861     1.07834     4.73420     4.47627
        1000         530     0.01693     1.08729     4.74248     4.48390
        1000         580     0.01591     1.09015     4.74563     4.48673
        1000         630     0.01387     1.05712     4.71724     4.46063
        1000         680     0.01609     1.07401     4.73041     4.47277
        1000         730     0.01453     1.08601     4.74126     4.48278
        1000         780     0.01219     1.08866     4.74380     4.48512
        1050         480     0.01618     1.06391     4.72222     4.46522
        1050         530     0.01768     1.07832     4.73418     4.47625
        1050         580     0.01802     1.07283     4.72941     4.47185
        1050         630     0.01866     1.05688     4.71706     4.46047
        1050         680     0.01762     1.07243     4.72907     4.47154
        1050         730     0.01647     1.11405     4.78226     4.51817
        1050         780     0.01239     1.08833     4.74348     4.48483
        1050         830     0.01317     1.09252     4.74903     4.48965
        1100         480     0.01644     1.09988     4.75993     4.49901
        1100         530     0.01719     1.06729     4.72486     4.46765
        1100         580     0.01549     1.07015     4.72717     4.46979
        1100         630     0.01947     1.06508     4.72312     4.46605
        1100         680     0.01573     1.07183     4.72857     4.47108
        1100         730     0.01696     1.07847     4.73431     4.47637
        1100         780     0.01519     1.10768     4.77202     4.50939
        1100         830     0.01506     1.07045     4.72742     4.47001
        1100         880     0.01417     1.08052     4.73616     4.47808
        1150         480     0.01705     1.07980     4.73550     4.47747
        1150         530     0.01520     1.08359     4.73899     4.48068
        1150         580     0.01644     1.08263     4.73809     4.47986
        1150         630     0.01882     1.06394     4.72224     4.46524
        1150         680     0.01657     1.08977     4.74509     4.48627
        1150         730     0.01544     1.07269     4.72929     4.47174
        1150         780     0.01851     1.07391     4.73033     4.47270
        1150         830     0.01568     1.06326     4.72172     4.46476
        1150         880     0.01591     1.08309     4.73852     4.48025
        1150         930     0.01301     1.12089     4.79359     4.52790
        1200         480     0.01508     1.07894     4.73473     4.47676
        1200         530     0.01670     1.07088     4.72778     4.47035
        1200         580     0.01690     1.08235     4.73784     4.47962
        1200         630     0.02124     1.08755     4.74273     4.48413
        1200         680     0.01804     1.07756     4.73351     4.47563
        1200         730     0.01564     1.07555     4.73175     4.47400
        1200         780     0.02018     1.06115     4.72014     4.46330
        1200         830     0.01505     1.08264     4.73811     4.47987
        1200         880     0.01691     1.05668     4.71693     4.46034
        1200         930     0.01328     1.09722     4.75593     4.49557
        1200         980     0.01546     1.07428     4.73065     4.47299
        1250         480     0.01832     1.07104     4.72791     4.47046
        1250         530     0.01254     1.06672     4.72440     4.46723
        1250         580     0.01638     1.06786     4.72531     4.46807
        1250         630     0.01815     1.06639     4.72414     4.46699
        1250         680     0.01716     1.08169     4.73723     4.47906
        1250         730     0.01810     1.06686     4.72452     4.46734
        1250         780     0.01707     1.06312     4.72161     4.46466
        1250         830     0.01429     1.07056     4.72751     4.47010
        1250         880     0.01485     1.06990     4.72697     4.46960
        1250         930     0.01403     1.07437     4.73073     4.47306
        1250         980     0.01417     1.07561     4.73179     4.47405
