         700         480     0.00457     1.15145     2.79085     2.88502
         750         480     0.00516     1.14341     2.79250     2.88365
         750         530     0.00330     1.20360     2.77904     2.89231
         800         480     0.00653     1.15071     2.79100     2.88489
         800         530     0.00654     1.13057     2.79507     2.88153
         800         580     0.00484     1.16756     2.78737     2.88747
         850         480     0.00666     1.12735     2.79569     2.88101
         850         530     0.00546     1.10409     2.79998     2.87747
         850         580     0.00515     1.10277     2.80021     2.87728
         850         630     0.00651     1.18329     2.78379     2.88955
         900         480     0.00589     1.14135     2.79292     2.88330
         900         530     0.00638     1.09366     2.80174     2.87601
         900         580     0.00555     1.16863     2.78713     2.88761
         900         630     0.00643     1.12928     2.79532     2.88132
         900         680     0.00558     1.16152     2.78871     2.88669
         950         480     0.00669     1.13603     2.79399     2.88242
         950         530     0.00789     1.13222     2.79475     2.88179
         950         580     0.00515     1.13059     2.79507     2.88153
         950         630     0.00820     1.11276     2.79843     2.87874
         950         680     0.00414     1.09850     2.80093     2.87668
         950         730     0.00428     1.13622     2.79395     2.88245
        1000         480     0.00884     1.10338     2.80010     2.87736
        1000         530     0.00699     1.11662     2.79773     2.87933
        1000         580     0.00762     1.11533     2.79797     2.87913
        1000         630     0.00542     1.14511     2.79216     2.88394
        1000         680     0.00787     1.16958     2.78691     2.88773
        1000         730     0.00680     1.11581     2.79788     2.87920
        1000         780     0.00460     1.15474     2.79016     2.88559
        1050         480     0.00588     1.13150     2.79489     2.88168
        1050         530     0.00634     1.11253     2.79848     2.87871
        1050         580     0.00756     1.15108     2.79092     2.88496
        1050         630     0.00835     1.13928     2.79334     2.88296
        1050         680     0.00811     1.10504     2.79981     2.87760
        1050         730     0.00677     1.13827     2.79354     2.88279
        1050         780     0.00486     1.18341     2.78377     2.88956
        1050         830     0.00528     1.14404     2.79237     2.88376
        1100         480     0.00652     1.13135     2.79492     2.88165
        1100         530     0.00752     1.13649     2.79390     2.88249
        1100         580     0.00605     1.13156     2.79488     2.88169
        1100         630     0.00820     1.12552     2.79605     2.88072
        1100         680     0.00638     1.10325     2.80012     2.87735
        1100         730     0.00715     1.11726     2.79761     2.87943
        1100         780     0.00669     1.14071     2.79305     2.88320
        1100         830     0.00641     1.11275     2.79844     2.87874
        1100         880     0.00572     1.11901     2.79728     2.87970
        1150         480     0.00688     1.12622     2.79591     2.88083
        1150         530     0.00617     1.15872     2.78932     2.88628
        1150         580     0.00629     1.10513     2.79980     2.87762
        1150         630     0.00779     1.12893     2.79539     2.88126
        1150         680     0.00704     1.12286     2.79656     2.88030
        1150         730     0.00566     1.13289     2.79461     2.88190
        1150         780     0.00785     1.11150     2.79866     2.87855
        1150         830     0.00524     1.12802     2.79556     2.88112
        1150         880     0.00509     1.15193     2.79075     2.88510
        1150         930     0.00484     1.15444     2.79022     2.88554
        1200         480     0.00661     1.13011     2.79516     2.88145
        1200         530     0.00790     1.13458     2.79428     2.88218
        1200         580     0.00693     1.15099     2.79094     2.88494
        1200         630     0.01012     1.14146     2.79290     2.88332
        1200         680     0.00713     1.10653     2.79955     2.87782
        1200         730     0.00812     1.10714     2.79944     2.87791
        1200         780     0.00888     1.13116     2.79495     2.88162
        1200         830     0.00596     1.11747     2.79757     2.87946
        1200         880     0.00756     1.11705     2.79765     2.87940
        1200         930     0.00566     1.15187     2.79076     2.88509
        1200         980     0.00745     1.12399     2.79634     2.88048
        1250         480     0.00790     1.14716     2.79173     2.88429
        1250         530     0.00583     1.11164     2.79864     2.87858
        1250         580     0.00682     1.11753     2.79756     2.87947
        1250         630     0.00874     1.12881     2.79541     2.88124
        1250         680     0.00624     1.13546     2.79411     2.88232
        1250         730     0.00737     1.13071     2.79504     2.88155
        1250         780     0.00708     1.10981     2.79897     2.87830
        1250         830     0.00596     1.13723     2.79375     2.88262
        1250         880     0.00579     1.12114     2.79688     2.88003
        1250         930     0.00509     1.14430     2.79232     2.88380
        1250         980     0.00483     1.12645     2.79587     2.88087
