         740         220     0.00721     1.15169     2.79080     2.88506
         740         240     0.00653     1.11291     2.79841     2.87877
         740         320     0.00720     1.15443     2.79022     2.88553
         740         340     0.00545     1.13649     2.79390     2.88249
         800         220     0.00678     1.12378     2.79638     2.88044
         800         240     0.00694     1.12439     2.79626     2.88054
         800         320     0.00758     1.11674     2.79770     2.87935
         800         340     0.00652     1.12121     2.79687     2.88004
         840         220     0.00788     1.15357     2.79040     2.88539
         840         240     0.00613     1.12243     2.79664     2.88023
         840         320     0.00773     1.13752     2.79369     2.88267
         840         340     0.00654     1.12808     2.79555     2.88113
