         500         280     0.00516     1.22589     5.59108     3.98345
         550         280     0.00848     1.10157     5.26142     3.81906
         550         330     0.00646     1.20414     5.52067     3.94616
         600         280     0.00731     1.22483     5.58745     3.98134
         600         330     0.01021     1.21272     5.54763     3.95973
         600         380     0.00950     1.20829     5.53369     3.95272
         650         280     0.00955     1.14306     5.34811     3.86034
         650         330     0.00963     1.11493     5.28769     3.83157
         650         380     0.00971     1.11610     5.29007     3.83271
         650         430     0.01018     1.13272     5.32518     3.84942
         700         280     0.01150     1.12835     5.31575     3.84493
         700         330     0.00966     1.09183     5.24348     3.81052
         700         380     0.01284     1.11267     5.28312     3.82940
         700         430     0.01022     1.12669     5.31218     3.84323
         700         480     0.00928     1.14262     5.34711     3.85987
         750         230     0.00986     1.14699     5.35700     3.86457
         750         250     0.01118     1.07464     5.21914     3.79386
         750         280     0.01645     1.10436     5.26676     3.82161
         750         330     0.01244     1.16604     5.40494     3.88791
         750         380     0.01155     1.13600     5.33238     3.85285
         750         430     0.01256     1.11175     5.28128     3.82852
         750         480     0.01344     1.11428     5.28637     3.83094
         750         530     0.01164     1.09072     5.24151     3.80959
         800         230     0.01349     1.13905     5.33912     3.85606
         800         250     0.01170     1.21410     5.55200     3.96193
         800         280     0.01196     1.13354     5.32698     3.85028
         800         330     0.01543     1.08612     5.23450     3.80509
         800         380     0.01379     1.09398     5.24735     3.81236
         800         430     0.01176     1.09476     5.24876     3.81304
         800         480     0.01298     1.07346     5.21764     3.79277
         800         530     0.01178     1.09127     5.24249     3.81005
         800         580     0.01070     1.09109     5.24217     3.80990
         850         230     0.01066     1.10101     5.26035     3.81856
         850         250     0.01299     1.16602     5.40490     3.88789
         850         280     0.01206     1.07972     5.22575     3.79870
         850         330     0.01460     1.09402     5.24742     3.81240
         850         380     0.01466     1.10498     5.26795     3.82217
         850         430     0.01575     1.07867     5.22436     3.79768
         850         480     0.01469     1.07293     5.21698     3.79229
         850         530     0.01000     1.10430     5.26664     3.82155
         850         580     0.01377     1.06161     5.20368     3.78256
         850         630     0.01311     1.07868     5.22437     3.79769
         900         280     0.01356     1.10093     5.26021     3.81849
         900         330     0.01637     1.09132     5.24259     3.81010
         900         380     0.01702     1.07390     5.21820     3.79318
         900         430     0.01419     1.08760     5.23659     3.80663
         900         480     0.01735     1.07851     5.22415     3.79753
         900         530     0.01636     1.08371     5.23115     3.80264
         900         580     0.01297     1.08028     5.22650     3.79925
         900         630     0.01401     1.07117     5.21480     3.79070
         900         680     0.01136     1.08639     5.23487     3.80537
         950         280     0.01492     1.08240     5.22935     3.80133
         950         330     0.01690     1.09036     5.24088     3.80929
         950         380     0.01615     1.08528     5.23332     3.80424
         950         430     0.01553     1.07493     5.21951     3.79414
         950         480     0.01481     1.12300     5.30438     3.83952
         950         530     0.01269     1.06956     5.21285     3.78926
         950         580     0.01674     1.08764     5.23664     3.80666
         950         630     0.01437     1.07420     5.21858     3.79346
         950         680     0.01315     1.09397     5.24733     3.81236
         950         730     0.01102     1.09335     5.24621     3.81182
        1000         280     0.01564     1.08404     5.23160     3.80298
        1000         330     0.01282     1.13166     5.32289     3.84833
        1000         380     0.01518     1.08480     5.23266     3.80375
        1000         430     0.01275     1.08412     5.23171     3.80306
        1000         480     0.01535     1.11098     5.27973     3.82778
        1000         530     0.01497     1.07622     5.22116     3.79534
        1000         580     0.01287     1.06939     5.21264     3.78911
        1000         630     0.01488     1.08080     5.22718     3.79975
        1000         680     0.01313     1.10619     5.27031     3.82330
        1000         730     0.01422     1.07833     5.22390     3.79735
        1000         780     0.01315     1.11074     5.27927     3.82756
        1050         280     0.01255     1.08760     5.23659     3.80662
        1050         330     0.01351     1.08582     5.23408     3.80479
        1050         380     0.01459     1.08723     5.23607     3.80624
        1050         430     0.01568     1.08423     5.23187     3.80317
        1050         480     0.01833     1.08009     5.22624     3.79906
        1050         530     0.01640     1.06483     5.20728     3.78520
        1050         580     0.01639     1.06166     5.20373     3.78260
        1050         630     0.01744     1.06029     5.20224     3.78151
        1050         680     0.01588     1.06589     5.20850     3.78609
        1050         730     0.01585     1.07385     5.21813     3.79313
        1050         780     0.01428     1.06289     5.20509     3.78360
        1050         830     0.01334     1.07209     5.21593     3.79152
        1100         280     0.01406     1.08886     5.23839     3.80794
        1100         330     0.01402     1.10526     5.26850     3.82244
        1100         380     0.01458     1.09144     5.24280     3.81020
        1100         430     0.01775     1.06694     5.20973     3.78698
        1100         480     0.01711     1.07888     5.22464     3.79789
        1100         530     0.01449     1.08239     5.22934     3.80132
        1100         580     0.01610     1.08928     5.23899     3.80838
        1100         630     0.01483     1.09323     5.24600     3.81172
        1100         680     0.01314     1.07119     5.21482     3.79071
        1100         730     0.01674     1.07382     5.21809     3.79310
        1100         780     0.01415     1.07050     5.21399     3.79010
        1100         830     0.01254     1.08318     5.23042     3.80211
        1100         880     0.01398     1.07738     5.22266     3.79644
        1150         280     0.01212     1.07771     5.22310     3.79676
        1150         330     0.01509     1.08692     5.23563     3.80592
        1150         380     0.01473     1.07264     5.21661     3.79202
        1150         430     0.01580     1.07024     5.21366     3.78986
        1150         480     0.01571     1.08907     5.23869     3.80816
        1150         530     0.01628     1.08241     5.22936     3.80134
        1150         580     0.01771     1.08598     5.23430     3.80495
        1150         630     0.01485     1.07743     5.22273     3.79649
        1150         680     0.01661     1.06134     5.20338     3.78234
        1150         730     0.01630     1.06208     5.20420     3.78294
        1150         780     0.01671     1.06764     5.21055     3.78759
        1150         830     0.01432     1.06496     5.20744     3.78531
        1150         880     0.01206     1.06694     5.20973     3.78699
        1150         930     0.00964     1.06164     5.20370     3.78258
        1200         280     0.01504     1.08288     5.23001     3.80181
        1200         330     0.01540     1.08365     5.23107     3.80259
        1200         380     0.01612     1.10089     5.26014     3.81846
        1200         430     0.01204     1.06909     5.21227     3.78885
        1200         480     0.01633     1.07584     5.22067     3.79499
        1200         530     0.01522     1.06930     5.21253     3.78903
        1200         580     0.01407     1.07101     5.21461     3.79055
        1200         630     0.01455     1.07709     5.22229     3.79617
        1200         680     0.01552     1.08064     5.22698     3.79960
        1200         730     0.01421     1.07613     5.22104     3.79525
        1200         780     0.01504     1.05564     5.19738     3.77795
        1200         830     0.01273     1.07797     5.22343     3.79701
        1200         880     0.01382     1.06744     5.21032     3.78742
        1200         930     0.01242     1.08879     5.23828     3.80786
        1200         980     0.01416     1.06298     5.20519     3.78367
        1250         280     0.01106     1.07692     5.22207     3.79601
        1250         330     0.01317     1.09026     5.24071     3.80920
        1250         380     0.01369     1.08741     5.23631     3.80642
        1250         430     0.01285     1.07112     5.21474     3.79065
        1250         480     0.01548     1.09287     5.24536     3.81142
        1250         530     0.01540     1.06951     5.21278     3.78922
        1250         580     0.01189     1.09195     5.24371     3.81063
        1250         630     0.01583     1.06362     5.20591     3.78420
        1250         680     0.01788     1.06446     5.20686     3.78489
        1250         730     0.01657     1.08153     5.22818     3.80048
        1250         780     0.01501     1.06356     5.20584     3.78414
        1250         830     0.01598     1.06349     5.20576     3.78409
        1250         880     0.01380     1.05843     5.20025     3.78006
        1250         930     0.01295     1.06335     5.20561     3.78397
        1250         980     0.01474     1.07462     5.21911     3.79384
