         600         380     0.00899     1.16671     5.40691     3.88890
         650         380     0.01017     1.14485     5.35214     3.86226
         650         430     0.00855     1.12922     5.31761     3.84582
         700         380     0.00824     1.31909     5.93584     4.18530
         700         430     0.01040     1.13959     5.34033     3.85663
         700         480     0.00988     1.09998     5.25843     3.81764
         750         330     0.00962     1.19269     5.48518     3.92830
         750         350     0.01004     1.13086     5.32115     3.84750
         750         380     0.01114     1.10986     5.27750     3.82672
         750         430     0.01000     1.12761     5.31415     3.84417
         750         480     0.01208     1.07503     5.21963     3.79423
         750         530     0.01021     1.10939     5.27658     3.82628
         800         330     0.01433     1.11033     5.27844     3.82717
         800         350     0.01250     1.09175     5.24334     3.81046
         800         380     0.01348     1.09649     5.25193     3.81455
         800         430     0.01231     1.09260     5.24487     3.81119
         800         480     0.00893     1.09547     5.25006     3.81366
         800         530     0.01053     1.08834     5.23765     3.80739
         800         580     0.01007     1.09485     5.24892     3.81311
         850         330     0.01340     1.09828     5.25524     3.81612
         850         350     0.01319     1.14115     5.34381     3.85829
         850         380     0.01410     1.11650     5.29089     3.83309
         850         430     0.01232     1.07805     5.22354     3.79709
         850         480     0.01710     1.10160     5.26149     3.81910
         850         530     0.01280     1.07312     5.21721     3.79246
         850         580     0.01382     1.06467     5.20710     3.78506
         850         630     0.01341     1.11934     5.29673     3.83588
         900         380     0.01313     1.09237     5.24446     3.81099
         900         430     0.01479     1.06811     5.21110     3.78799
         900         480     0.01501     1.08252     5.22953     3.80146
         900         530     0.01332     1.08566     5.23385     3.80462
         900         580     0.01410     1.08614     5.23453     3.80512
         900         630     0.01142     1.06845     5.21151     3.78829
         900         680     0.00936     1.07524     5.21990     3.79442
         950         380     0.01335     1.10133     5.26097     3.81885
         950         430     0.01485     1.08089     5.22731     3.79984
         950         480     0.01343     1.08072     5.22708     3.79967
         950         530     0.01407     1.07237     5.21629     3.79178
         950         580     0.01486     1.08450     5.23224     3.80344
         950         630     0.01327     1.07636     5.22135     3.79548
         950         680     0.01250     1.08017     5.22635     3.79914
         950         730     0.01415     1.08808     5.23727     3.80712
        1000         380     0.01297     1.10767     5.27319     3.82467
        1000         430     0.01609     1.11352     5.28483     3.83021
        1000         480     0.01451     1.10884     5.27549     3.82577
        1000         530     0.01613     1.06237     5.20451     3.78317
        1000         580     0.01518     1.08221     5.22909     3.80114
        1000         630     0.01607     1.09555     5.25022     3.81373
        1000         680     0.01565     1.06743     5.21030     3.78740
        1000         730     0.01411     1.09903     5.25664     3.81679
        1000         780     0.01207     1.07324     5.21737     3.79257
        1050         380     0.01514     1.08522     5.23324     3.80418
        1050         430     0.01379     1.08981     5.23991     3.80883
        1050         480     0.01464     1.15133     5.36693     3.86930
        1050         530     0.01618     1.07259     5.21655     3.79197
        1050         580     0.01554     1.07779     5.22319     3.79683
        1050         630     0.01831     1.08299     5.23016     3.80192
        1050         680     0.01410     1.06697     5.20976     3.78701
        1050         730     0.01883     1.05807     5.19988     3.77978
        1050         780     0.01271     1.07044     5.21391     3.79004
        1050         830     0.01290     1.06696     5.20975     3.78700
        1100         380     0.01526     1.07964     5.22564     3.79862
        1100         430     0.01693     1.08379     5.23126     3.80273
        1100         480     0.01478     1.08569     5.23389     3.80465
        1100         530     0.01726     1.07882     5.22455     3.79782
        1100         580     0.01526     1.06873     5.21185     3.78854
        1100         630     0.01354     1.07063     5.21414     3.79021
        1100         680     0.01547     1.06725     5.21009     3.78725
        1100         730     0.01502     1.07441     5.21884     3.79365
        1100         780     0.01395     1.09210     5.24397     3.81076
        1100         830     0.01675     1.06176     5.20384     3.78268
        1100         880     0.01319     1.09280     5.24523     3.81136
        1150         380     0.01386     1.08846     5.23781     3.80751
        1150         430     0.01332     1.07238     5.21629     3.79178
        1150         480     0.01421     1.09272     5.24508     3.81129
        1150         530     0.01519     1.07466     5.21916     3.79388
        1150         580     0.01492     1.06331     5.20557     3.78394
        1150         630     0.01408     1.07179     5.21556     3.79125
        1150         680     0.01602     1.06420     5.20656     3.78467
        1150         730     0.01596     1.06405     5.20639     3.78455
        1150         780     0.01443     1.06256     5.20472     3.78333
        1150         830     0.01494     1.06970     5.21301     3.78938
        1150         880     0.01466     1.08110     5.22760     3.80005
        1150         930     0.01050     1.09674     5.25240     3.81477
        1200         380     0.01599     1.06492     5.20739     3.78527
        1200         430     0.01274     1.07887     5.22461     3.79787
        1200         480     0.01504     1.07423     5.21862     3.79349
        1200         530     0.01548     1.06407     5.20642     3.78456
        1200         580     0.01553     1.06766     5.21057     3.78760
        1200         630     0.01526     1.06663     5.20936     3.78672
        1200         680     0.01433     1.08747     5.23640     3.80648
        1200         730     0.01436     1.07758     5.22293     3.79663
        1200         780     0.01603     1.07616     5.22108     3.79528
        1200         830     0.01505     1.06426     5.20664     3.78472
        1200         880     0.01368     1.06871     5.21182     3.78851
        1200         930     0.01323     1.06609     5.20874     3.78626
        1200         980     0.01387     1.09372     5.24688     3.81214
        1250         380     0.01457     1.09857     5.25578     3.81638
        1250         430     0.01228     1.08129     5.22785     3.80024
        1250         480     0.01451     1.07612     5.22102     3.79524
        1250         530     0.01332     1.06747     5.21034     3.78744
        1250         580     0.01678     1.07763     5.22299     3.79668
        1250         630     0.01436     1.08278     5.22988     3.80172
        1250         680     0.01482     1.07399     5.21831     3.79326
        1250         730     0.01666     1.07370     5.21795     3.79300
        1250         780     0.01627     1.06376     5.20606     3.78431
        1250         830     0.01798     1.07252     5.21647     3.79191
        1250         880     0.01321     1.05859     5.20042     3.78018
        1250         930     0.01596     1.08381     5.23129     3.80275
        1250         980     0.01170     1.08486     5.23273     3.80380
