         700         480     0.01286     1.15120     7.61290     7.94371
         750         480     0.01397     1.07593     7.45833     7.76867
         750         530     0.01279     1.10181     7.50031     7.81586
         800         480     0.01427     1.06641     7.44720     7.75633
         800         530     0.01545     1.05724     7.43758     7.74567
         800         580     0.01352     1.05999     7.44034     7.74873
         850         480     0.01667     1.06743     7.44835     7.75760
         850         530     0.01387     1.05739     7.43773     7.74583
         850         580     0.01384     1.05758     7.43791     7.74603
         850         630     0.01584     1.05920     7.43954     7.74784
         900         480     0.01678     1.07154     7.45306     7.76283
         900         530     0.01617     1.06449     7.44509     7.75400
         900         580     0.01713     1.05522     7.43561     7.74348
         900         630     0.01677     1.05299     7.43351     7.74116
         900         680     0.01487     1.05418     7.43462     7.74239
         950         480     0.01776     1.05695     7.43729     7.74535
         950         530     0.01970     1.05767     7.43800     7.74613
         950         580     0.01406     1.05511     7.43550     7.74337
         950         630     0.01725     1.07056     7.45193     7.76157
         950         680     0.01447     1.05538     7.43576     7.74365
         950         730     0.01101     1.06374     7.44428     7.75310
        1000         480     0.01933     1.05920     7.43954     7.74784
        1000         530     0.01784     1.08065     7.46426     7.77524
        1000         580     0.01678     1.05327     7.43377     7.74145
        1000         630     0.01433     1.05829     7.43861     7.74681
        1000         680     0.01737     1.05684     7.43718     7.74523
        1000         730     0.01595     1.07216     7.45379     7.76364
        1000         780     0.01314     1.06923     7.45039     7.75986
        1050         480     0.01695     1.05642     7.43677     7.74477
        1050         530     0.01813     1.06543     7.44612     7.75514
        1050         580     0.01947     1.05777     7.43810     7.74624
        1050         630     0.01889     1.05517     7.43556     7.74343
        1050         680     0.01855     1.05906     7.43939     7.74768
        1050         730     0.01754     1.08702     7.47263     7.78452
        1050         780     0.01322     1.07483     7.45699     7.76719
        1050         830     0.01379     1.06297     7.44346     7.75219
        1100         480     0.01702     1.06837     7.44940     7.75877
        1100         530     0.01806     1.05982     7.44017     7.74854
        1100         580     0.01649     1.05956     7.43990     7.74824
        1100         630     0.01996     1.05486     7.43526     7.74310
        1100         680     0.01595     1.06497     7.44561     7.75457
        1100         730     0.01792     1.06156     7.44197     7.75053
        1100         780     0.01593     1.06686     7.44771     7.75690
        1100         830     0.01573     1.05704     7.43737     7.74544
        1100         880     0.01500     1.06121     7.44160     7.75013
        1150         480     0.01760     1.06521     7.44588     7.75487
        1150         530     0.01571     1.08120     7.46496     7.77601
        1150         580     0.01721     1.07607     7.45851     7.76887
        1150         630     0.01903     1.06028     7.44064     7.74906
        1150         680     0.01713     1.05574     7.43611     7.74404
        1150         730     0.01607     1.06674     7.44757     7.75674
        1150         780     0.01887     1.06184     7.44227     7.75086
        1150         830     0.01616     1.05784     7.43817     7.74633
        1150         880     0.01684     1.07407     7.45608     7.76617
        1150         930     0.01400     1.11009     7.51759     7.83549
        1200         480     0.01548     1.07098     7.45241     7.76211
        1200         530     0.01804     1.06454     7.44515     7.75406
        1200         580     0.01732     1.07644     7.45896     7.76937
        1200         630     0.02173     1.06901     7.45013     7.75958
        1200         680     0.01911     1.06774     7.44870     7.75799
        1200         730     0.01565     1.05497     7.43537     7.74322
        1200         780     0.02041     1.05812     7.43845     7.74663
        1200         830     0.01579     1.07121     7.45268     7.76240
        1200         880     0.01743     1.05648     7.43683     7.74484
        1200         930     0.01473     1.07693     7.45957     7.77004
        1200         980     0.01608     1.06150     7.44191     7.75046
        1250         480     0.01929     1.07139     7.45289     7.76263
        1250         530     0.01268     1.06473     7.44536     7.75429
        1250         580     0.01663     1.06544     7.44613     7.75514
        1250         630     0.01898     1.06502     7.44568     7.75464
        1250         680     0.01781     1.07512     7.45734     7.76757
        1250         730     0.01849     1.06553     7.44623     7.75526
        1250         780     0.01773     1.06806     7.44905     7.75839
        1250         830     0.01551     1.05576     7.43613     7.74406
        1250         880     0.01505     1.06622     7.44699     7.75610
        1250         930     0.01432     1.07340     7.45527     7.76528
        1250         980     0.01479     1.06831     7.44933     7.75869
