         740         220     0.01578     1.11704     4.78717     4.52239
         740         240     0.01572     1.09190     4.74814     4.48889
         740         320     0.01263     1.15367     4.85201     4.57804
         740         340     0.01440     1.13852     4.82425     4.55422
         800         220     0.01793     1.07300     4.72956     4.47199
         800         240     0.01482     1.07994     4.73563     4.47759
         800         320     0.01848     1.08107     4.73666     4.47854
         800         340     0.01693     1.06776     4.72523     4.46800
         840         220     0.01663     1.07281     4.72940     4.47184
         840         240     0.01648     1.08461     4.73994     4.48156
         840         320     0.01751     1.07654     4.73261     4.47480
         840         340     0.01629     1.07771     4.73364     4.47575
