         600         380     0.01162     1.14070     4.82817     4.55758
         650         380     0.01394     1.11479     4.78347     4.51921
         650         430     0.01053     1.10511     4.76798     4.50591
         700         380     0.01376     1.14019     4.82725     4.55679
         700         430     0.01249     1.12765     4.80513     4.53780
         700         480     0.01197     1.07922     4.73499     4.47699
         750         330     0.01263     1.15367     4.85201     4.57804
         750         350     0.01440     1.13852     4.82425     4.55422
         750         380     0.01547     1.09915     4.75883     4.49806
         750         430     0.01319     1.11438     4.78280     4.51864
         750         480     0.01321     1.06694     4.72458     4.46739
         750         530     0.01054     1.09970     4.75966     4.49878
         800         330     0.01848     1.08107     4.73666     4.47854
         800         350     0.01693     1.06776     4.72523     4.46800
         800         380     0.01606     1.09746     4.75630     4.49589
         800         430     0.01323     1.07413     4.73052     4.47287
         800         480     0.01039     1.09160     4.74771     4.48851
         800         530     0.01231     1.10373     4.76584     4.50408
         800         580     0.01269     1.13052     4.81010     4.54207
         850         330     0.01751     1.07654     4.73261     4.47480
         850         350     0.01629     1.07771     4.73364     4.47575
         850         380     0.01829     1.09156     4.74764     4.48846
         850         430     0.01359     1.07644     4.73252     4.47472
         850         480     0.01782     1.08887     4.74401     4.48531
         850         530     0.01494     1.06691     4.72456     4.46738
         850         580     0.01369     1.10345     4.76539     4.50369
         850         630     0.01484     1.12135     4.79438     4.52857
         900         380     0.01603     1.06878     4.72606     4.46876
         900         430     0.01670     1.07758     4.73353     4.47565
         900         480     0.01752     1.07635     4.73244     4.47464
         900         530     0.01562     1.08030     4.73596     4.47789
         900         580     0.01608     1.07282     4.72941     4.47185
         900         630     0.01268     1.07584     4.73200     4.47424
         900         680     0.00951     1.10309     4.76485     4.50322
         950         380     0.01551     1.07297     4.72953     4.47196
         950         430     0.01725     1.06307     4.72158     4.46463
         950         480     0.01493     1.05882     4.71844     4.46173
         950         530     0.01718     1.07260     4.72921     4.47167
         950         580     0.01615     1.09696     4.75555     4.49524
         950         630     0.01501     1.11472     4.78335     4.51911
         950         680     0.01272     1.08265     4.73811     4.47987
         950         730     0.01431     1.09012     4.74559     4.48669
        1000         380     0.01631     1.08258     4.73804     4.47981
        1000         430     0.01896     1.09141     4.74743     4.48828
        1000         480     0.01717     1.08184     4.73737     4.47919
        1000         530     0.01788     1.06498     4.72304     4.46598
        1000         580     0.01686     1.06634     4.72411     4.46696
        1000         630     0.01784     1.08466     4.73999     4.48161
        1000         680     0.01680     1.08428     4.73963     4.48128
        1000         730     0.01440     1.07241     4.72906     4.47153
        1000         780     0.01275     1.06473     4.72285     4.46580
        1050         380     0.01720     1.05951     4.71894     4.46219
        1050         430     0.01596     1.07984     4.73554     4.47750
        1050         480     0.01749     1.08791     4.74308     4.48446
        1050         530     0.01788     1.07255     4.72918     4.47163
        1050         580     0.01697     1.07123     4.72807     4.47061
        1050         630     0.01909     1.06193     4.72072     4.46384
        1050         680     0.01485     1.07606     4.73219     4.47441
        1050         730     0.01987     1.05826     4.71804     4.46136
        1050         780     0.01432     1.11309     4.78071     4.51684
        1050         830     0.01394     1.06348     4.72189     4.46492
        1100         380     0.01779     1.07129     4.72812     4.47066
        1100         430     0.02000     1.07814     4.73402     4.47610
        1100         480     0.01720     1.07968     4.73540     4.47737
        1100         530     0.01845     1.07525     4.73148     4.47376
        1100         580     0.01663     1.06863     4.72594     4.46865
        1100         630     0.01483     1.06795     4.72539     4.46814
        1100         680     0.01693     1.06043     4.71960     4.46281
        1100         730     0.01678     1.06163     4.72049     4.46363
        1100         780     0.01488     1.08987     4.74524     4.48639
        1100         830     0.01743     1.06924     4.72643     4.46910
        1100         880     0.01412     1.11347     4.78131     4.51736
        1150         380     0.01502     1.07585     4.73201     4.47424
        1150         430     0.01540     1.09615     4.75434     4.49421
        1150         480     0.01539     1.06750     4.72502     4.46781
        1150         530     0.01675     1.06226     4.72097     4.46406
        1150         580     0.01624     1.06386     4.72218     4.46518
        1150         630     0.01553     1.06312     4.72162     4.46466
        1150         680     0.01728     1.06947     4.72662     4.46927
        1150         730     0.01769     1.07083     4.72774     4.47031
        1150         780     0.01512     1.06088     4.71994     4.46311
        1150         830     0.01541     1.06094     4.71998     4.46316
        1150         880     0.01532     1.08296     4.73840     4.48014
        1150         930     0.01139     1.08854     4.74369     4.48501
        1200         380     0.01783     1.06237     4.72105     4.46414
        1200         430     0.01437     1.08975     4.74507     4.48625
        1200         480     0.01618     1.07002     4.72707     4.46969
        1200         530     0.01612     1.06817     4.72556     4.46830
        1200         580     0.01672     1.06646     4.72420     4.46704
        1200         630     0.01553     1.07435     4.73071     4.47305
        1200         680     0.01589     1.06696     4.72459     4.46741
        1200         730     0.01537     1.07957     4.73530     4.47728
        1200         780     0.01726     1.06955     4.72669     4.46934
        1200         830     0.01691     1.06753     4.72505     4.46783
        1200         880     0.01470     1.06414     4.72239     4.46538
        1200         930     0.01378     1.07817     4.73405     4.47613
        1200         980     0.01361     1.09888     4.75842     4.49771
        1250         380     0.01550     1.07326     4.72977     4.47218
        1250         430     0.01366     1.07248     4.72912     4.47158
        1250         480     0.01606     1.07459     4.73091     4.47323
        1250         530     0.01501     1.07822     4.73409     4.47617
        1250         580     0.01740     1.06980     4.72689     4.46952
        1250         630     0.01482     1.06769     4.72518     4.46795
        1250         680     0.01642     1.07280     4.72939     4.47183
        1250         730     0.01767     1.06166     4.72051     4.46365
        1250         780     0.01684     1.06526     4.72326     4.46618
        1250         830     0.01871     1.07470     4.73101     4.47332
        1250         880     0.01443     1.06201     4.72078     4.46389
        1250         930     0.01611     1.07143     4.72823     4.47077
        1250         980     0.01217     1.09294     4.74965     4.49018
