1000 100 0.0180585 1.06465 7.37461 5.93042
1000 125 0.0183906 1.0619 7.36938 5.92584
1000 150 0.0189547 1.06666 7.37784 5.93307
1000 175 0.0188595 1.06407 7.37318 5.92992
1000 200 0.0178715 1.06169 7.36915 5.92561
1000 225 0.0183202 1.06839 7.38039 5.93531
1000 250 0.0187642 1.06504 7.37473 5.93096
1000 275 0.0180403 1.06488 7.37456 5.93086
1000 300 0.017857 1.06019 7.36593 5.92399
1000 325 0.0188526 1.07259 7.38757 5.94288
1000 350 0.0174882 1.06236 7.37042 5.92686
1000 375 0.017432 1.06166 7.36924 5.92578
1000 400 0.0167691 1.06129 7.36835 5.92579
1000 425 0.016683 1.06639 7.37707 5.93265
1000 450 0.0167579 1.07231 7.38663 5.94302
1000 475 0.0168731 1.07558 7.39349 5.94793
1000 500 0.0158619 1.07544 7.39308 5.9479
1000 50 0.019093 1.06462 7.37454 5.93047
1000 525 0.0151434 1.07861 7.39922 5.95387
1000 550 0.0141169 1.08784 7.41796 5.96936
1000 575 0.0135249 1.08376 7.41018 5.96265
1000 600 0.0119244 1.118 7.4968 6.03405
1000 75 0.0192142 1.06295 7.37138 5.92798
1025 100 0.0180344 1.06749 7.37863 5.93433
1025 125 0.0186142 1.06226 7.37032 5.92691
1025 150 0.0186331 1.068 7.37985 5.93461
1025 175 0.0184844 1.0643 7.37365 5.93041
1025 200 0.0183447 1.06193 7.36952 5.92604
1025 225 0.0184632 1.0634 7.37245 5.92917
1025 250 0.0177838 1.05722 7.36144 5.91926
1025 275 0.0184842 1.06422 7.37382 5.9301
1025 300 0.0178221 1.06404 7.37309 5.92975
1025 325 0.0178526 1.05822 7.36303 5.92155
1025 350 0.0175538 1.06078 7.36722 5.92462
1025 375 0.0175679 1.06517 7.37485 5.93093
1025 400 0.017382 1.06398 7.3728 5.92982
1025 425 0.0168067 1.07401 7.38988 5.94509
1025 450 0.0161041 1.07208 7.38572 5.94275
1025 475 0.0154935 1.06652 7.37765 5.93256
1025 500 0.0156912 1.06975 7.38201 5.93784
1025 50 0.0187837 1.06297 7.37137 5.92799
1025 525 0.01508 1.08169 7.40606 5.95849
1025 550 0.0144223 1.07367 7.38943 5.94461
1025 575 0.0143336 1.09255 7.43074 5.97763
1025 600 0.0136242 1.09741 7.43767 5.99292
1025 625 0.0126048 1.11905 7.50038 6.03735
1025 75 0.0190359 1.06268 7.37091 5.92701
1050 100 0.0190733 1.06233 7.37045 5.92698
1050 125 0.0187947 1.06444 7.37416 5.93031
1050 150 0.0193676 1.05854 7.36364 5.92254
1050 175 0.0184591 1.06405 7.37312 5.92975
1050 200 0.0190483 1.06361 7.37251 5.92948
1050 225 0.018349 1.06485 7.37445 5.93091
1050 250 0.0183542 1.06385 7.37311 5.92963
1050 275 0.0175304 1.06403 7.37302 5.92985
1050 300 0.0181732 1.05983 7.36548 5.92341
1050 325 0.0184122 1.06073 7.3672 5.92454
1050 350 0.0178086 1.06612 7.37671 5.93228
1050 375 0.0180522 1.06028 7.36606 5.9242
1050 400 0.0186135 1.05862 7.36349 5.92285
1050 425 0.0164724 1.05914 7.36452 5.92319
1050 450 0.0175982 1.06493 7.37471 5.93086
1050 475 0.0165144 1.069 7.38053 5.93555
1050 500 0.0162735 1.07284 7.38797 5.94368
1050 50 0.0189672 1.06541 7.37528 5.93131
1050 525 0.016177 1.07149 7.38542 5.94096
1050 550 0.0150754 1.0705 7.38312 5.9398
1050 575 0.0144793 1.07981 7.4013 5.95602
1050 600 0.0135103 1.08971 7.42335 5.97198
1050 625 0.0130042 1.10952 7.472 6.01231
1050 650 0.012918 1.10782 7.46814 6.00783
1050 75 0.0188314 1.06429 7.37367 5.93041
1075 100 0.018467 1.06192 7.36959 5.9261
1075 125 0.0190116 1.06448 7.37416 5.93034
1075 150 0.0189263 1.06569 7.37605 5.93219
1075 175 0.0195021 1.06466 7.37463 5.93047
1075 200 0.0189772 1.06517 7.37485 5.93093
1075 225 0.0186734 1.0612 7.36795 5.92531
1075 250 0.0183561 1.06216 7.3703 5.9266
1075 275 0.0178111 1.06428 7.37368 5.93041
1075 300 0.0177129 1.06918 7.38088 5.93629
1075 325 0.0187157 1.06164 7.36908 5.92567
1075 350 0.0188719 1.05672 7.36093 5.91797
1075 375 0.0187838 1.06101 7.36738 5.92557
1075 400 0.0173549 1.0642 7.37374 5.93011
1075 425 0.018175 1.06686 7.37791 5.93322
1075 450 0.0172209 1.06509 7.37488 5.93092
1075 475 0.0172088 1.06581 7.37632 5.9321
1075 500 0.0169579 1.06773 7.3792 5.93431
1075 50 0.0186559 1.06497 7.37488 5.93083
1075 525 0.0157984 1.06392 7.37291 5.92966
1075 550 0.0159064 1.07568 7.39382 5.94813
1075 575 0.015602 1.06442 7.37403 5.93026
1075 600 0.0155173 1.0911 7.42699 5.97437
1075 625 0.0136394 1.108 7.4683 6.0081
1075 650 0.0132871 1.07988 7.40151 5.95613
1075 675 0.0118234 1.11657 7.493 6.03146
1075 75 0.0192489 1.0675 7.37865 5.93435
1100 100 0.0188945 1.06238 7.3705 5.92673
1100 125 0.0180644 1.06375 7.37293 5.92944
1100 150 0.0192473 1.0634 7.37245 5.92917
1100 175 0.0180469 1.06582 7.37626 5.9321
1100 200 0.0196294 1.06174 7.36952 5.92564
1100 225 0.0185431 1.05917 7.36455 5.92329
1100 250 0.0187138 1.0671 7.37821 5.9336
1100 275 0.0187419 1.06478 7.37446 5.93094
1100 300 0.0179103 1.06318 7.37209 5.92915
1100 325 0.0173759 1.05948 7.36544 5.92308
1100 350 0.0182504 1.05794 7.36221 5.92097
1100 375 0.0181526 1.06647 7.37753 5.93269
1100 400 0.0188607 1.05895 7.36388 5.92289
1100 425 0.0181256 1.06539 7.37528 5.93128
1100 450 0.0178513 1.06767 7.37905 5.93419
1100 475 0.0168374 1.06317 7.3721 5.92907
1100 500 0.0176759 1.06599 7.37617 5.93237
1100 50 0.0184464 1.0653 7.37498 5.93102
1100 525 0.0162021 1.05947 7.36545 5.92317
1100 550 0.0166829 1.07099 7.38444 5.94041
1100 575 0.0155438 1.07977 7.40108 5.95592
1100 600 0.0156707 1.06722 7.37805 5.93408
1100 625 0.0147214 1.07053 7.38329 5.93983
1100 650 0.0138356 1.09073 7.4263 5.97449
1100 675 0.013083 1.10306 7.45288 5.99986
1100 700 0.0118255 1.12727 7.52734 6.05386
1100 75 0.0186594 1.06346 7.37237 5.92952
1125 100 0.0184725 1.06669 7.37786 5.93302
1125 125 0.0190624 1.06948 7.38113 5.93705
1125 150 0.019555 1.06412 7.37332 5.93035
1125 175 0.0192381 1.06015 7.36596 5.92397
1125 200 0.0194845 1.06516 7.37484 5.93074
1125 225 0.0184663 1.06538 7.37536 5.93121
1125 250 0.0189819 1.06408 7.37321 5.93007
1125 275 0.0183246 1.06142 7.36865 5.92589
1125 300 0.0186743 1.06054 7.36685 5.92451
1125 325 0.0176727 1.06333 7.37219 5.92958
1125 350 0.0179777 1.05848 7.36362 5.92204
1125 375 0.018722 1.06212 7.37032 5.92628
1125 400 0.0190907 1.06121 7.36795 5.92531
1125 425 0.0182471 1.0642 7.37374 5.93011
1125 450 0.0178899 1.06334 7.3722 5.92965
1125 475 0.0190434 1.065 7.37475 5.93081
1125 500 0.0161596 1.06764 7.3788 5.93423
1125 50 0.0199347 1.06797 7.37978 5.93466
1125 525 0.0178107 1.06609 7.37653 5.93218
1125 550 0.015694 1.05838 7.36318 5.92194
1125 575 0.0156898 1.05511 7.35952 5.91676
1125 600 0.0157864 1.06822 7.38023 5.93528
1125 625 0.0156892 1.07482 7.39208 5.94659
1125 650 0.0142806 1.09191 7.42875 5.97605
1125 675 0.0142687 1.07817 7.39816 5.95254
1125 700 0.0129824 1.10564 7.46197 6.0036
1125 725 0.0119656 1.12342 7.51416 6.04423
1125 75 0.0177307 1.06413 7.37342 5.9303
1150 100 0.0169485 1.06706 7.37835 5.93363
1150 125 0.018897 1.06713 7.37825 5.9336
1150 150 0.0185451 1.07329 7.3883 5.94419
1150 175 0.0185384 1.06507 7.37485 5.93088
1150 200 0.0183451 1.06442 7.37403 5.93026
1150 225 0.0180011 1.06653 7.37767 5.93266
1150 250 0.0191327 1.06285 7.37116 5.92756
1150 275 0.0199492 1.06694 7.3781 5.93358
1150 300 0.0192001 1.06362 7.37252 5.9295
1150 325 0.0184144 1.06654 7.37771 5.9328
1150 350 0.0190921 1.06145 7.36877 5.92577
1150 375 0.0185631 1.06041 7.36618 5.92434
1150 400 0.0188018 1.06527 7.37506 5.931
1150 425 0.018277 1.05989 7.36562 5.92331
1150 450 0.0188706 1.06271 7.37091 5.92705
1150 475 0.0180625 1.05616 7.36077 5.91737
1150 500 0.0174246 1.05809 7.3628 5.92172
1150 50 0.0183551 1.06759 7.37871 5.93404
1150 525 0.0176606 1.0618 7.36973 5.92572
1150 550 0.0170443 1.07216 7.38599 5.94299
1150 575 0.0176732 1.05942 7.3654 5.92308
1150 600 0.0163003 1.07007 7.38259 5.93876
1150 625 0.0163717 1.06548 7.37567 5.93132
1150 650 0.0149796 1.07036 7.38298 5.93972
1150 675 0.0148598 1.09028 7.42407 5.97328
1150 700 0.0148498 1.09125 7.4274 5.97438
1150 725 0.0128924 1.109 7.47067 6.01032
1150 750 0.0125932 1.09292 7.43175 5.97883
1150 75 0.0189399 1.06919 7.38089 5.93629
1175 100 0.0194379 1.0679 7.37957 5.93421
1175 125 0.020022 1.06787 7.37936 5.93414
1175 150 0.0191811 1.06877 7.38078 5.93488
1175 175 0.0184131 1.06971 7.38186 5.93784
1175 200 0.0184321 1.06489 7.37457 5.93086
1175 225 0.0188731 1.06471 7.37449 5.93042
1175 250 0.0180367 1.06383 7.37311 5.9296
1175 275 0.0180778 1.06321 7.37211 5.92902
1175 300 0.0194881 1.06436 7.37401 5.93038
1175 325 0.0182878 1.06425 7.37379 5.93032
1175 350 0.0188936 1.06159 7.36896 5.92572
1175 375 0.0188466 1.06266 7.37075 5.92703
1175 400 0.01882 1.06189 7.36939 5.92584
1175 425 0.0189047 1.05908 7.3643 5.92303
1175 450 0.0176133 1.06308 7.37183 5.9285
1175 475 0.0185774 1.06014 7.36596 5.92397
1175 500 0.0179401 1.06307 7.37174 5.92847
1175 50 0.0183728 1.06389 7.37299 5.92943
1175 525 0.016909 1.05774 7.36195 5.92087
1175 550 0.0180486 1.06871 7.38054 5.93495
1175 575 0.0166186 1.06424 7.37397 5.93032
1175 600 0.0177239 1.07311 7.38788 5.94389
1175 625 0.0165977 1.06977 7.38192 5.93787
1175 650 0.0149235 1.06321 7.37211 5.92902
1175 675 0.0147123 1.07669 7.39661 5.94894
1175 700 0.0147799 1.0647 7.37444 5.93034
1175 725 0.0143609 1.07796 7.3979 5.95149
1175 750 0.0129641 1.09446 7.43594 5.98086
1175 75 0.0188037 1.06373 7.37292 5.92966
1175 775 0.012565 1.11684 7.49418 6.03132
1200 100 0.018335 1.07323 7.38817 5.94406
1200 125 0.0182244 1.06815 7.37968 5.93523
1200 150 0.0189323 1.06477 7.37446 5.93085
1200 175 0.0192689 1.06622 7.3769 5.9324
1200 200 0.0189595 1.06817 7.37983 5.93513
1200 225 0.0183733 1.06742 7.37833 5.93425
1200 250 0.0181429 1.06226 7.37032 5.92691
1200 275 0.0196218 1.06482 7.37436 5.93094
1200 300 0.018434 1.06156 7.36892 5.92567
1200 325 0.0189658 1.06284 7.37117 5.92756
1200 350 0.0190471 1.0592 7.36462 5.9233
1200 375 0.0183268 1.0579 7.36209 5.92085
1200 400 0.0185958 1.05797 7.36228 5.92118
1200 425 0.0186899 1.0659 7.37603 5.93214
1200 450 0.0184752 1.06122 7.36801 5.92547
1200 475 0.017891 1.06225 7.37031 5.92691
1200 500 0.0182408 1.06279 7.37097 5.92739
1200 50 0.0200257 1.06906 7.38061 5.93586
1200 525 0.017614 1.05998 7.36611 5.92364
1200 550 0.0172086 1.06213 7.37031 5.92659
1200 575 0.0174987 1.05911 7.36456 5.92306
1200 600 0.0175125 1.06368 7.37287 5.92964
1200 625 0.0169175 1.06096 7.36717 5.92527
1200 650 0.016241 1.0734 7.38839 5.9443
1200 675 0.0148957 1.06929 7.38123 5.9365
1200 700 0.0155953 1.08117 7.4048 5.95788
1200 725 0.0140475 1.08224 7.40717 5.96038
1200 750 0.0146172 1.09115 7.42707 5.97412
1200 75 0.0182808 1.07103 7.38479 5.94053
1200 775 0.0136236 1.10053 7.44646 5.99744
1200 800 0.0131243 1.10305 7.45294 5.9998
450 50 0.0101132 1.11316 7.48294 6.0213
475 50 0.0119285 1.09898 7.44213 5.99433
475 75 0.0108271 1.10133 7.4484 5.9978
500 100 0.0114048 1.11399 7.48543 6.02393
500 50 0.0122356 1.0799 7.40171 5.95615
500 75 0.0121476 1.09358 7.43386 5.98532
525 100 0.0117882 1.09867 7.44081 5.99442
525 125 0.011009 1.12556 7.52211 6.04978
525 50 0.0129697 1.08195 7.40661 5.95955
525 75 0.0129829 1.08759 7.41736 5.96918
550 100 0.0129908 1.08806 7.41828 5.96949
550 125 0.0122739 1.09922 7.44271 5.99513
550 150 0.0114084 1.10683 7.46497 6.00564
550 50 0.0147306 1.07922 7.40003 5.95534
550 75 0.0146042 1.09057 7.42546 5.97447
575 100 0.0133356 1.0885 7.42002 5.97047
575 125 0.013469 1.07693 7.39692 5.94954
575 150 0.0123464 1.09613 7.43437 5.98961
575 175 0.0112428 1.12281 7.51164 6.04294
575 50 0.0141264 1.06818 7.37987 5.93513
575 75 0.0143012 1.08113 7.40439 5.95789
600 100 0.0139975 1.07625 7.3961 5.9484
600 125 0.0138704 1.09067 7.42584 5.97451
600 150 0.0137141 1.11047 7.47355 6.0145
600 175 0.0129631 1.10142 7.44869 5.99819
600 200 0.0121797 1.1142 7.48601 6.02465
600 50 0.0153592 1.07856 7.39888 5.95382
600 75 0.0147727 1.07048 7.38312 5.9398
625 100 0.0147395 1.07806 7.39807 5.95183
625 125 0.0146875 1.07254 7.38731 5.94302
625 150 0.0142733 1.08392 7.41022 5.96272
625 175 0.0136766 1.10326 7.45356 6.00014
625 200 0.0122966 1.08645 7.41446 5.96693
625 225 0.0114743 1.11164 7.47727 6.01756
625 50 0.0166405 1.07389 7.38986 5.94499
625 75 0.0163375 1.07742 7.39713 5.95055
650 100 0.0154157 1.07224 7.38646 5.94294
650 125 0.0154145 1.068 7.37985 5.93461
650 150 0.0147546 1.0759 7.39483 5.94844
650 175 0.014794 1.09944 7.44361 5.99565
650 200 0.0135511 1.08457 7.41135 5.9637
650 225 0.0124492 1.09142 7.42814 5.97577
650 250 0.0123548 1.09427 7.43529 5.98619
650 50 0.0165423 1.06037 7.36613 5.92448
650 75 0.0164438 1.07086 7.38437 5.94013
675 100 0.0161344 1.06268 7.37091 5.92701
675 125 0.0158756 1.07863 7.39908 5.95383
675 150 0.0151815 1.07646 7.39696 5.94868
675 175 0.0144856 1.07537 7.39336 5.94763
675 200 0.0140468 1.07427 7.39129 5.94584
675 225 0.0138671 1.08431 7.41061 5.96318
675 250 0.0128796 1.08196 7.40652 5.95975
675 275 0.0120522 1.09927 7.44315 5.9953
675 50 0.0173723 1.07257 7.38744 5.94295
675 75 0.0163279 1.06562 7.37599 5.93186
700 100 0.0171921 1.06644 7.37718 5.93269
700 125 0.0160391 1.07541 7.39321 5.94788
700 150 0.0162585 1.07616 7.39591 5.9486
700 175 0.0152049 1.07583 7.39417 5.94861
700 200 0.0147692 1.08005 7.40238 5.95595
700 225 0.0142701 1.07742 7.39713 5.95055
700 250 0.0141038 1.0799 7.40171 5.95615
700 275 0.0124322 1.12147 7.5081 6.04121
700 300 0.0118851 1.10897 7.47084 6.01019
700 50 0.0178499 1.07216 7.38599 5.94299
700 75 0.017051 1.06447 7.37416 5.93027
725 100 0.0174569 1.07263 7.3875 5.94297
725 125 0.0171666 1.07165 7.38558 5.94147
725 150 0.0159251 1.06751 7.37869 5.93435
725 175 0.015827 1.07965 7.40134 5.95596
725 200 0.0158499 1.07296 7.38805 5.94373
725 225 0.0152868 1.07263 7.3875 5.94297
725 250 0.0155414 1.07649 7.39691 5.94863
725 275 0.0149218 1.07675 7.39681 5.94892
725 300 0.0128619 1.08445 7.41089 5.96353
725 325 0.0126911 1.09613 7.43437 5.98961
725 50 0.0178572 1.0647 7.37444 5.93034
725 75 0.0173041 1.06974 7.38189 5.93792
750 100 0.0166569 1.06869 7.38045 5.93498
750 125 0.0173445 1.07246 7.38719 5.94331
750 150 0.0173972 1.06575 7.37643 5.93209
750 175 0.0167651 1.0685 7.38014 5.93515
750 200 0.0168927 1.07737 7.39723 5.95051
750 225 0.0158701 1.07859 7.39898 5.95385
750 250 0.0146444 1.07088 7.38441 5.94019
750 275 0.0150958 1.06975 7.38201 5.93784
750 300 0.0132334 1.09174 7.4291 5.97592
750 325 0.0132824 1.10322 7.45347 5.99991
750 350 0.0121501 1.10663 7.46391 6.00498
750 50 0.0175999 1.06832 7.38027 5.93538
750 75 0.0173163 1.06324 7.37197 5.92915
775 100 0.0175775 1.06325 7.37197 5.92922
775 125 0.0184909 1.06733 7.37827 5.9344
775 150 0.0168944 1.06661 7.37782 5.93293
775 175 0.0164987 1.06176 7.36957 5.92574
775 200 0.0155032 1.07275 7.38798 5.94354
775 225 0.0165581 1.0705 7.38312 5.9398
775 250 0.0165164 1.07094 7.38449 5.94034
775 275 0.015074 1.0623 7.37044 5.92697
775 300 0.0145131 1.06762 7.37877 5.93413
775 325 0.0132649 1.08616 7.41342 5.96628
775 350 0.011994 1.08944 7.42286 5.97178
775 375 0.0125621 1.09913 7.44248 5.99527
775 50 0.017672 1.06641 7.37707 5.93261
775 75 0.0178366 1.06728 7.37804 5.93432
800 100 0.0182799 1.06625 7.37696 5.93258
800 125 0.0182754 1.07108 7.38494 5.94049
800 150 0.0177483 1.05894 7.36379 5.92289
800 175 0.0171218 1.06925 7.38105 5.93635
800 200 0.0168834 1.06769 7.37901 5.93416
800 225 0.0165144 1.06707 7.3782 5.93363
800 250 0.0163454 1.06347 7.37237 5.9294
800 275 0.0158072 1.07132 7.38493 5.94087
800 300 0.0162613 1.0841 7.41038 5.96318
800 325 0.0147824 1.08589 7.41343 5.96582
800 350 0.0144425 1.08684 7.41527 5.96803
800 375 0.0133447 1.07959 7.401 5.95607
800 400 0.0123246 1.13084 7.53974 6.05623
800 50 0.0180283 1.06303 7.3716 5.92823
800 75 0.0178332 1.07089 7.38463 5.94019
825 100 0.016897 1.0631 7.37194 5.92867
825 125 0.0170328 1.06928 7.38124 5.93665
825 150 0.0188288 1.06404 7.37309 5.92975
825 175 0.0168031 1.0764 7.39667 5.94881
825 200 0.016801 1.0751 7.39288 5.94704
825 225 0.0167458 1.06653 7.37767 5.93266
825 250 0.0168701 1.06916 7.381 5.93624
825 275 0.0165042 1.07538 7.39321 5.94759
825 300 0.0154986 1.07587 7.39464 5.9485
825 325 0.0149287 1.07808 7.39806 5.95208
825 350 0.0154243 1.08006 7.40237 5.95595
825 375 0.0135029 1.09629 7.43505 5.9904
825 400 0.0128441 1.07976 7.40113 5.95592
825 425 0.012124 1.11409 7.48583 6.02431
825 50 0.018125 1.0586 7.36359 5.92268
825 75 0.0176204 1.06375 7.37293 5.92944
850 100 0.0171169 1.07044 7.383 5.93989
850 125 0.0177304 1.06397 7.37273 5.92983
850 150 0.0176122 1.06792 7.37968 5.93435
850 175 0.0165702 1.06164 7.36908 5.92567
850 200 0.017647 1.06026 7.36602 5.92403
850 225 0.01776 1.05759 7.36222 5.92052
850 250 0.0162175 1.06192 7.36959 5.9261
850 275 0.0168527 1.07601 7.39511 5.94853
850 300 0.0178016 1.07398 7.39005 5.94497
850 325 0.0160721 1.07117 7.38469 5.94076
850 350 0.0156448 1.07777 7.3976 5.95114
850 375 0.0148021 1.07392 7.38984 5.9449
850 400 0.0134288 1.07302 7.38783 5.94367
850 425 0.0131392 1.09185 7.42882 5.97599
850 450 0.0128909 1.10375 7.45481 6.00092
850 50 0.0188656 1.07147 7.38533 5.94104
850 75 0.0183391 1.0608 7.36726 5.92483
875 100 0.018112 1.06089 7.36715 5.92505
875 125 0.0177764 1.05824 7.36304 5.92155
875 150 0.0177265 1.05941 7.36537 5.92312
875 175 0.0181843 1.06062 7.36695 5.92448
875 200 0.0188314 1.06726 7.37814 5.93432
875 225 0.0175836 1.06762 7.37877 5.93413
875 250 0.0177733 1.07 7.38241 5.93903
875 275 0.0160421 1.06208 7.37014 5.92624
875 300 0.0174089 1.06606 7.37631 5.93225
875 325 0.016127 1.08421 7.41038 5.96326
875 350 0.0158957 1.07042 7.38302 5.93977
875 375 0.0159164 1.07188 7.38553 5.94233
875 400 0.0150556 1.0786 7.39918 5.95383
875 425 0.0136461 1.09327 7.43275 5.98454
875 450 0.01355 1.08468 7.41132 5.96351
875 475 0.0114394 1.10443 7.4572 6.00177
875 50 0.0181501 1.05965 7.36554 5.92332
875 75 0.0187031 1.06795 7.37976 5.93453
900 100 0.0190458 1.06001 7.36623 5.92361
900 125 0.0182176 1.06504 7.37473 5.93096
900 150 0.0173932 1.06307 7.37174 5.92847
900 175 0.0185948 1.06632 7.37702 5.9326
900 200 0.0176939 1.06334 7.3722 5.92965
900 225 0.0181323 1.06882 7.38051 5.93494
900 250 0.0166501 1.06498 7.37488 5.93094
900 275 0.0166373 1.06612 7.37671 5.93228
900 300 0.0164802 1.0713 7.38509 5.94087
900 325 0.0173224 1.07134 7.38489 5.94087
900 350 0.0163516 1.07184 7.38531 5.94214
900 375 0.0158807 1.07575 7.39411 5.94843
900 400 0.0154918 1.07807 7.39809 5.95197
900 425 0.0145899 1.07514 7.39286 5.94716
900 450 0.0136186 1.07705 7.39691 5.95037
900 475 0.0127575 1.08834 7.41948 5.9699
900 500 0.0122602 1.10215 7.45008 5.99841
900 50 0.0193463 1.06638 7.37707 5.93269
900 75 0.0181452 1.06364 7.37259 5.92965
925 100 0.0178296 1.06302 7.37158 5.9283
925 125 0.0185624 1.0597 7.36558 5.92338
925 150 0.0179826 1.06456 7.37441 5.93058
925 175 0.018354 1.0611 7.36774 5.92544
925 200 0.0173609 1.06534 7.37538 5.93124
925 225 0.0169986 1.06467 7.37462 5.93043
925 250 0.0176522 1.05993 7.3658 5.92337
925 275 0.0161624 1.07326 7.38817 5.94418
925 300 0.0160482 1.07411 7.39007 5.94527
925 325 0.0176078 1.0659 7.37603 5.93214
925 350 0.0171925 1.0718 7.38537 5.94201
925 375 0.0163791 1.06153 7.36875 5.92593
925 400 0.0152804 1.0841 7.41038 5.96318
925 425 0.0147952 1.06991 7.38215 5.93888
925 450 0.0150079 1.0714 7.38498 5.94093
925 475 0.014665 1.0903 7.42418 5.97332
925 500 0.0133403 1.10229 7.45083 5.99869
925 50 0.0194338 1.06072 7.36712 5.92454
925 525 0.0120399 1.08922 7.42203 5.97165
925 75 0.0192285 1.06544 7.37544 5.93131
950 100 0.0179045 1.06399 7.37279 5.92986
950 125 0.0194246 1.0593 7.36494 5.92309
950 150 0.0177783 1.06293 7.37124 5.92784
950 175 0.0186959 1.06335 7.37224 5.92961
950 200 0.0189025 1.0652 7.37489 5.93097
950 225 0.0176792 1.06127 7.3682 5.92557
950 250 0.0189623 1.06058 7.36674 5.92455
950 275 0.0181201 1.06363 7.37258 5.92953
950 300 0.0180101 1.06521 7.37493 5.9309
950 325 0.017399 1.05879 7.36367 5.92304
950 350 0.0169903 1.07019 7.3827 5.93897
950 375 0.0161458 1.06948 7.38113 5.93705
950 400 0.0162411 1.07856 7.39888 5.95382
950 425 0.0164493 1.06535 7.37539 5.93129
950 450 0.0152228 1.06379 7.373 5.92957
950 475 0.0149844 1.08048 7.4039 5.95619
950 500 0.0142287 1.09133 7.42763 5.97548
950 50 0.0192924 1.06458 7.37441 5.93067
950 525 0.0129072 1.10423 7.45656 6.00158
950 550 0.0133164 1.10533 7.46048 6.00216
950 75 0.0191818 1.0604 7.36617 5.9243
975 100 0.0180825 1.06195 7.36959 5.92593
975 125 0.0181671 1.06154 7.36884 5.92587
975 150 0.0192764 1.06538 7.37536 5.93121
975 175 0.0192346 1.06387 7.37293 5.92939
975 200 0.0173983 1.06143 7.36868 5.92583
975 225 0.0182625 1.06592 7.37615 5.93221
975 250 0.0189382 1.05925 7.36485 5.92309
975 275 0.0181797 1.06894 7.38057 5.9353
975 300 0.0178057 1.06992 7.38216 5.93888
975 325 0.0186255 1.06117 7.36784 5.92531
975 350 0.0177371 1.06559 7.37587 5.9319
975 375 0.0166952 1.06625 7.37696 5.93258
975 400 0.017249 1.06869 7.38045 5.93498
975 425 0.0163386 1.07531 7.39318 5.94758
975 450 0.0158215 1.07369 7.38955 5.94457
975 475 0.0144208 1.07637 7.39664 5.94873
975 500 0.0141831 1.06762 7.37877 5.93413
975 50 0.0184584 1.06447 7.37416 5.93027
975 525 0.0144151 1.07856 7.39888 5.95382
975 550 0.0134933 1.08791 7.41806 5.9693
975 575 0.0129693 1.12496 7.51953 6.04841
975 75 0.0193926 1.06352 7.37233 5.92937
