1000 100 0.0156303 1.08113 2.93521 3.00177
1000 125 0.0157101 1.08098 2.93486 3.00146
1000 150 0.0161741 1.09064 2.93434 3.0054
1000 175 0.0161014 1.09111 2.93527 3.00514
1000 200 0.0151638 1.08651 2.9344 3.00365
1000 225 0.0157509 1.08992 2.93464 3.0053
1000 250 0.0155722 1.07124 2.93373 2.99927
1000 275 0.0151867 1.08376 2.93508 3.00319
1000 300 0.014955 1.09137 2.93491 3.00533
1000 325 0.0152549 1.11084 2.93572 3.01024
1000 350 0.0136696 1.09333 2.93493 3.00601
1000 375 0.0134629 1.11537 2.93637 3.0121
1000 400 0.012572 1.12854 2.93859 3.0213
1000 425 0.0126061 1.12896 2.93937 3.0219
1000 450 0.0119581 1.1379 2.93854 3.02677
1000 475 0.0118899 1.15711 2.94047 3.03976
1000 500 0.0106641 1.16354 2.94387 3.04715
1000 50 0.0167625 1.08124 2.9354 3.00167
1000 525 0.00937289 1.16606 2.94558 3.04996
1000 550 0.00736694 1.20804 2.95497 3.098
1000 575 0.00704465 1.22141 2.96092 3.12075
1000 600 0.0048957 1.25706 2.98884 3.17617
1000 75 0.0165607 1.07695 2.93385 3.00024
1025 100 0.0158405 1.08987 2.93444 3.00536
1025 125 0.0160977 1.08283 2.93532 3.0028
1025 150 0.0161875 1.09376 2.93486 3.00616
1025 175 0.0158737 1.08557 2.93421 3.00321
1025 200 0.015481 1.08918 2.93504 3.00534
1025 225 0.0155565 1.09467 2.93516 3.00644
1025 250 0.015263 1.07809 2.93517 3.00005
1025 275 0.0157131 1.07782 2.93485 2.99975
1025 300 0.0149009 1.11009 2.93549 3.00972
1025 325 0.0148544 1.09028 2.93472 3.00533
1025 350 0.0142209 1.09254 2.9343 3.00587
1025 375 0.013897 1.0982 2.93668 3.00808
1025 400 0.0136882 1.0984 2.93614 3.00801
1025 425 0.01297 1.11682 2.93579 3.01314
1025 450 0.0117694 1.10731 2.93479 3.01075
1025 475 0.0112933 1.12431 2.93728 3.01661
1025 500 0.0114715 1.16071 2.94303 3.04314
1025 50 0.016139 1.07696 2.93399 3.00027
1025 525 0.00969332 1.16822 2.94711 3.05282
1025 550 0.00888721 1.15081 2.94087 3.03483
1025 575 0.00792258 1.18576 2.94655 3.06898
1025 600 0.00665805 1.18815 2.94578 3.07049
1025 625 0.0049167 1.27906 3.01099 3.21398
1025 75 0.0167183 1.07567 2.93295 2.99904
1050 100 0.0170344 1.07604 2.93341 2.99964
1050 125 0.0162311 1.07153 2.93366 2.99926
1050 150 0.0167609 1.07231 2.93285 2.99897
1050 175 0.0159163 1.07453 2.93206 2.99889
1050 200 0.0165307 1.07922 2.93524 3.00077
1050 225 0.0155527 1.08423 2.93472 3.00352
1050 250 0.0158129 1.08925 2.93521 3.00536
1050 275 0.0151377 1.10642 2.93453 3.01047
1050 300 0.0152884 1.09224 2.93393 3.00522
1050 325 0.0153896 1.09066 2.93457 3.00543
1050 350 0.0147159 1.08747 2.93407 3.00372
1050 375 0.0149459 1.07818 2.93525 2.99999
1050 400 0.0147053 1.08871 2.93413 3.00441
1050 425 0.0131356 1.09537 2.93639 3.00735
1050 450 0.0134692 1.1285 2.9385 3.02127
1050 475 0.012061 1.11704 2.93618 3.01332
1050 500 0.0117266 1.1216 2.93827 3.01562
1050 50 0.0167602 1.08138 2.93562 3.00186
1050 525 0.0111837 1.13148 2.93874 3.02447
1050 550 0.0100729 1.1594 2.94241 3.04237
1050 575 0.00888647 1.17738 2.94697 3.05996
1050 600 0.00765545 1.21951 2.95968 3.11815
1050 625 0.00625011 1.22906 2.96669 3.13332
1050 650 0.00523363 1.29333 3.02473 3.24601
1050 75 0.0167243 1.07319 2.93273 2.99825
1075 100 0.0166742 1.08047 2.93464 3.00104
1075 125 0.0170073 1.08586 2.93457 3.00394
1075 150 0.0166026 1.07546 2.93245 2.99926
1075 175 0.0168982 1.07764 2.93434 2.99966
1075 200 0.0163148 1.07945 2.93479 3.00089
1075 225 0.0162236 1.07622 2.93338 2.99993
1075 250 0.0159146 1.0732 2.93273 2.99825
1075 275 0.0151995 1.08798 2.93404 3.00377
1075 300 0.0155517 1.09305 2.93478 3.0062
1075 325 0.0158399 1.09399 2.935 3.00601
1075 350 0.0157072 1.0765 2.93375 3.00042
1075 375 0.0154323 1.08882 2.93438 3.00469
1075 400 0.0143239 1.10217 2.9346 3.00829
1075 425 0.0143755 1.09987 2.93541 3.00877
1075 450 0.0137926 1.10652 2.93479 3.01046
1075 475 0.0135916 1.11087 2.93601 3.01033
1075 500 0.0127029 1.11259 2.93545 3.01085
1075 50 0.0161439 1.08138 2.93562 3.00186
1075 525 0.0114909 1.13435 2.93858 3.02523
1075 550 0.0110013 1.13776 2.93844 3.02672
1075 575 0.00990666 1.14453 2.93941 3.03271
1075 600 0.00903285 1.17668 2.94628 3.05923
1075 625 0.0075775 1.20179 2.95318 3.08656
1075 650 0.0068082 1.21554 2.95641 3.11113
1075 675 0.00489597 1.2552 2.98669 3.17299
1075 75 0.0171218 1.08442 2.93504 3.0036
1100 100 0.0169341 1.0702 2.93564 2.99878
1100 125 0.0161006 1.07463 2.9321 2.99882
1100 150 0.0170684 1.08114 2.93521 3.00177
1100 175 0.0158438 1.07782 2.93485 2.99975
1100 200 0.0173015 1.08153 2.93547 3.00175
1100 225 0.0163233 1.07085 2.9345 2.99934
1100 250 0.0161692 1.08499 2.93478 3.00357
1100 275 0.0164861 1.07926 2.93523 3.00066
1100 300 0.0156184 1.09013 2.93464 3.00536
1100 325 0.0146959 1.08208 2.93505 3.00193
1100 350 0.0152169 1.0811 2.93501 3.00182
1100 375 0.015378 1.10069 2.93554 3.00886
1100 400 0.0155413 1.10276 2.93492 3.00853
1100 425 0.0144622 1.10114 2.93568 3.00874
1100 450 0.0145961 1.10079 2.93545 3.00875
1100 475 0.0136851 1.0829 2.9354 3.00273
1100 500 0.0138262 1.10576 2.93456 3.0104
1100 50 0.0165225 1.07232 2.93278 2.99897
1100 525 0.0122968 1.10103 2.93581 3.00863
1100 550 0.0120716 1.13171 2.9386 3.02456
1100 575 0.0105679 1.12586 2.93721 3.0187
1100 600 0.0103325 1.12548 2.93712 3.01816
1100 625 0.00950896 1.17886 2.9473 3.06205
1100 650 0.00775525 1.17368 2.94633 3.05681
1100 675 0.0065598 1.22313 2.96284 3.12392
1100 700 0.00525521 1.25356 2.98489 3.17076
1100 75 0.0165141 1.07933 2.93502 3.00058
1125 100 0.0161771 1.07656 2.93386 3.00056
1125 125 0.0168657 1.08051 2.93461 3.00115
1125 150 0.0172762 1.08298 2.93507 3.00259
1125 175 0.0172393 1.0752 2.93241 2.99892
1125 200 0.0172542 1.0804 2.9347 3.00099
1125 225 0.0162111 1.07923 2.93526 3.00071
1125 250 0.0168675 1.06898 2.93516 2.99819
1125 275 0.0162056 1.07656 2.93386 3.00056
1125 300 0.0160619 1.06858 2.93559 2.9981
1125 325 0.0154332 1.08576 2.93436 3.00392
1125 350 0.0153713 1.08038 2.93458 3.00086
1125 375 0.0162531 1.08943 2.93475 3.00531
1125 400 0.0159515 1.08465 2.93509 3.00365
1125 425 0.0155037 1.0956 2.93599 3.00755
1125 450 0.0150479 1.08699 2.9345 3.00431
1125 475 0.0154867 1.10112 2.93573 3.00881
1125 500 0.0131832 1.09535 2.93633 3.00743
1125 50 0.0179724 1.07597 2.93338 2.9997
1125 525 0.0138145 1.11366 2.93678 3.01223
1125 550 0.0122472 1.09957 2.93543 3.00872
1125 575 0.0117279 1.11887 2.93571 3.01314
1125 600 0.0111424 1.16244 2.94409 3.04562
1125 625 0.0103388 1.15739 2.9408 3.03998
1125 650 0.00855375 1.22301 2.96281 3.12399
1125 675 0.00826169 1.19324 2.94777 3.07776
1125 700 0.00643546 1.24377 2.97777 3.15545
1125 725 0.00507402 1.244 2.97825 3.15545
1125 75 0.0159876 1.08021 2.93493 3.00111
1150 100 0.0150993 1.07971 2.93426 3.00072
1150 125 0.0169245 1.07865 2.93529 3.00058
1150 150 0.0165079 1.08584 2.93441 3.00376
1150 175 0.0163666 1.07842 2.93518 3.00027
1150 200 0.016415 1.07656 2.93386 3.00056
1150 225 0.0160738 1.07104 2.93423 2.99937
1150 250 0.0166328 1.08034 2.93465 3.00098
1150 275 0.0174515 1.07245 2.93308 2.99918
1150 300 0.0168991 1.08088 2.9347 3.00147
1150 325 0.0160175 1.07739 2.93434 3.0002
1150 350 0.0165464 1.08606 2.93391 3.00357
1150 375 0.0160863 1.08688 2.93428 3.00444
1150 400 0.0163683 1.0835 2.93499 3.00277
1150 425 0.015567 1.08129 2.93568 3.0018
1150 450 0.0161978 1.09521 2.93595 3.00732
1150 475 0.0150095 1.08301 2.93492 3.0026
1150 500 0.014535 1.09321 2.93504 3.00605
1150 50 0.0164014 1.07723 2.93387 3.00038
1150 525 0.0144397 1.10229 2.93451 3.00832
1150 550 0.0131979 1.10506 2.93489 3.00994
1150 575 0.0137154 1.12457 2.93722 3.01668
1150 600 0.0119074 1.1147 2.93703 3.01185
1150 625 0.0118302 1.15074 2.94079 3.03476
1150 650 0.00960986 1.15672 2.94003 3.03919
1150 675 0.00952001 1.19318 2.94784 3.07765
1150 700 0.00839992 1.19847 2.95186 3.08433
1150 725 0.00641221 1.22975 2.96705 3.13411
1150 750 0.00526266 1.26254 2.99608 3.18754
1150 75 0.017065 1.08385 2.93542 3.00348
1175 100 0.0177349 1.08083 2.93475 3.00133
1175 125 0.0180495 1.07445 2.93233 2.99882
1175 150 0.0172514 1.08118 2.93514 3.00174
1175 175 0.0167578 1.07938 2.93494 3.00056
1175 200 0.0166993 1.07714 2.93383 3.00055
1175 225 0.0168772 1.07971 2.93426 3.00072
1175 250 0.0160155 1.07822 2.93524 2.99998
1175 275 0.0164396 1.08141 2.93575 3.00188
1175 300 0.0173094 1.0717 2.93327 2.9993
1175 325 0.0162633 1.07517 2.93228 2.99895
1175 350 0.0165799 1.07648 2.93388 3.00048
1175 375 0.016641 1.08632 2.93397 3.00385
1175 400 0.0164885 1.08057 2.93476 3.00125
1175 425 0.0160715 1.08346 2.9349 3.00269
1175 450 0.0153917 1.08539 2.93432 3.00349
1175 475 0.0157003 1.09426 2.93488 3.00654
1175 500 0.0149301 1.08125 2.9354 3.00167
1175 50 0.0167117 1.07309 2.93304 2.99855
1175 525 0.0139333 1.08943 2.93475 3.00531
1175 550 0.0140648 1.11383 2.93691 3.01247
1175 575 0.013361 1.1142 2.93694 3.0124
1175 600 0.0137585 1.11981 2.9367 3.01442
1175 625 0.0120764 1.12185 2.93809 3.01579
1175 650 0.0104309 1.1272 2.93718 3.02035
1175 675 0.00996645 1.14453 2.93941 3.03271
1175 700 0.0100625 1.17429 2.94606 3.05653
1175 725 0.00836241 1.20103 2.95305 3.08623
1175 750 0.00613561 1.22698 2.96657 3.13024
1175 75 0.0170946 1.07985 2.93439 3.00099
1175 775 0.00537593 1.28234 3.01491 3.22294
1200 100 0.0165374 1.08339 2.93496 3.00258
1200 125 0.0164637 1.07739 2.93434 3.0002
1200 150 0.0172573 1.07556 2.93268 2.9992
1200 175 0.0173226 1.0794 2.93483 3.00056
1200 200 0.0173023 1.07949 2.93449 3.00067
1200 225 0.0167853 1.07901 2.93501 3.00082
1200 250 0.0166205 1.07083 2.93464 2.99934
1200 275 0.0174637 1.08031 2.93463 3.00105
1200 300 0.0164609 1.08085 2.93471 3.00137
1200 325 0.0168518 1.07467 2.93235 2.99893
1200 350 0.0172067 1.07029 2.9357 2.99888
1200 375 0.0160594 1.07314 2.93302 2.9985
1200 400 0.0163747 1.08135 2.93564 3.00183
1200 425 0.0165066 1.08517 2.93427 3.00332
1200 450 0.0162506 1.07724 2.93389 3.00032
1200 475 0.0149629 1.08491 2.93468 3.00354
1200 500 0.0150783 1.09049 2.93464 3.0053
1200 50 0.0182002 1.07875 2.93483 3.00058
1200 525 0.0146056 1.08978 2.93449 3.0054
1200 550 0.0140702 1.10934 2.93466 3.00933
1200 575 0.0141156 1.09704 2.93579 3.00785
1200 600 0.0134344 1.10816 2.93511 3.00908
1200 625 0.0131723 1.13057 2.94012 3.02404
1200 650 0.0120078 1.12724 2.9374 3.02028
1200 675 0.0108881 1.13032 2.93979 3.02322
1200 700 0.0102564 1.20513 2.95449 3.09503
1200 725 0.00895448 1.19416 2.94828 3.07769
1200 750 0.00781603 1.1951 2.94922 3.07916
1200 75 0.0165967 1.07434 2.93231 2.99874
1200 775 0.00634728 1.23076 2.96775 3.13519
1200 800 0.00542741 1.25326 2.98532 3.17068
450 50 0.00263617 1.27742 3.00946 3.21163
475 50 0.00373057 1.2386 2.97095 3.14589
475 75 0.00283719 1.28227 3.01499 3.22284
500 100 0.0032532 1.29785 3.02632 3.25225
500 50 0.00492481 1.25464 2.9863 3.17287
500 75 0.0038005 1.28732 3.0173 3.23436
525 100 0.00448464 1.2779 3.00988 3.21214
525 125 0.00305521 1.26854 3.00162 3.19873
525 50 0.00548108 1.20114 2.95311 3.08636
525 75 0.00551506 1.23431 2.96763 3.13876
550 100 0.00534614 1.26137 2.99462 3.18386
550 125 0.00478086 1.26081 2.99341 3.18284
550 150 0.00345048 1.28061 3.01237 3.21668
550 50 0.00693903 1.21342 2.95576 3.10598
550 75 0.0066765 1.25059 2.98193 3.16597
575 100 0.00650006 1.19643 2.95007 3.081
575 125 0.00613928 1.19705 2.95021 3.08172
575 150 0.00489944 1.24424 2.97753 3.15515
575 175 0.00369042 1.29711 3.02389 3.25089
575 50 0.00707261 1.20892 2.95498 3.09926
575 75 0.00720252 1.2076 2.9546 3.09772
600 100 0.00739274 1.17638 2.94631 3.05968
600 125 0.00714789 1.22735 2.96622 3.13101
600 150 0.00598536 1.21358 2.95582 3.1065
600 175 0.0053909 1.22813 2.96605 3.13247
600 200 0.00449494 1.23091 2.96799 3.13495
600 50 0.00881513 1.18023 2.94623 3.06346
600 75 0.00839571 1.16968 2.94664 3.05378
625 100 0.00850856 1.18749 2.94548 3.06983
625 125 0.00852969 1.16981 2.94701 3.05456
625 150 0.00710017 1.24158 2.97549 3.15063
625 175 0.00667763 1.2022 2.95298 3.0866
625 200 0.00521953 1.21665 2.95831 3.11341
625 225 0.00427249 1.25734 2.98892 3.17652
625 50 0.010307 1.14935 2.94102 3.03462
625 75 0.00986934 1.14351 2.93937 3.03213
650 100 0.00991373 1.14314 2.93943 3.03171
650 125 0.00948928 1.13836 2.9379 3.02613
650 150 0.00817498 1.14908 2.94054 3.034
650 175 0.00767617 1.2054 2.95485 3.09556
650 200 0.00668149 1.20453 2.95428 3.09371
650 225 0.00579885 1.1946 2.94846 3.07859
650 250 0.00450943 1.22039 2.95972 3.11922
650 50 0.0105106 1.13851 2.93793 3.02634
650 75 0.0103269 1.15615 2.9404 3.03877
675 100 0.0105245 1.13486 2.93818 3.02544
675 125 0.0102621 1.14742 2.94149 3.03368
675 150 0.00956911 1.1479 2.94088 3.03379
675 175 0.00814927 1.16561 2.94471 3.04919
675 200 0.00739467 1.20521 2.95447 3.0952
675 225 0.00751774 1.19248 2.94728 3.0766
675 250 0.00588491 1.25296 2.98497 3.17046
675 275 0.00463656 1.26115 2.99379 3.18379
675 50 0.0119436 1.13023 2.9394 3.0229
675 75 0.01126 1.13932 2.93791 3.02707
700 100 0.0113449 1.14834 2.94093 3.03401
700 125 0.0105349 1.15988 2.94282 3.04283
700 150 0.0104044 1.15375 2.93947 3.03694
700 175 0.00941795 1.15748 2.94056 3.03999
700 200 0.00875522 1.17022 2.94665 3.05488
700 225 0.00796354 1.15455 2.93937 3.03707
700 250 0.0069761 1.20801 2.95519 3.09805
700 275 0.00539912 1.28669 3.01801 3.23351
700 300 0.00485024 1.23693 2.97034 3.14313
700 50 0.0127688 1.13851 2.93793 3.02634
700 75 0.0117697 1.11416 2.93685 3.01222
725 100 0.0125052 1.12661 2.93768 3.01988
725 125 0.0119812 1.12703 2.93778 3.0207
725 150 0.0109887 1.1233 2.93837 3.01574
725 175 0.0105086 1.14604 2.94042 3.03397
725 200 0.00990424 1.1846 2.94644 3.06764
725 225 0.00877396 1.15866 2.94208 3.04076
725 250 0.00921361 1.16996 2.94676 3.05467
725 275 0.0078847 1.19114 2.94676 3.07421
725 300 0.00605262 1.21806 2.95962 3.11587
725 325 0.00506326 1.27201 3.00754 3.20451
725 50 0.0131369 1.10314 2.9346 3.00829
725 75 0.0125266 1.10909 2.93448 3.00948
750 100 0.0113237 1.11329 2.93655 3.01204
750 125 0.0122591 1.11185 2.93601 3.01034
750 150 0.0119426 1.12303 2.93821 3.01608
750 175 0.0118487 1.13293 2.93861 3.02585
750 200 0.0112537 1.13647 2.93901 3.02622
750 225 0.0104828 1.16164 2.9437 3.04461
750 250 0.00908548 1.15978 2.94286 3.04288
750 275 0.00846658 1.16959 2.9466 3.05381
750 300 0.00697625 1.17254 2.94679 3.05568
750 325 0.00565163 1.22439 2.96384 3.12568
750 350 0.00482038 1.22977 2.96712 3.13403
750 50 0.0134045 1.11533 2.93648 3.01205
750 75 0.0128338 1.10928 2.93461 3.00928
775 100 0.0127877 1.10383 2.93494 3.00888
775 125 0.0135538 1.11135 2.93556 3.01021
775 150 0.012345 1.12116 2.93746 3.01548
775 175 0.0118466 1.1311 2.94 3.02474
775 200 0.0106921 1.13791 2.93853 3.02677
775 225 0.0116166 1.12893 2.93923 3.02194
775 250 0.0105037 1.13706 2.93814 3.0264
775 275 0.00930182 1.1531 2.94016 3.03711
775 300 0.00835873 1.18759 2.94562 3.06988
775 325 0.00689342 1.20005 2.95267 3.08599
775 350 0.00584833 1.17872 2.94665 3.06158
775 375 0.00530895 1.23813 2.97062 3.14437
775 50 0.0137505 1.10571 2.93475 3.01034
775 75 0.0135866 1.10927 2.93467 3.00933
800 100 0.0141133 1.11052 2.93588 3.01037
800 125 0.0143082 1.10423 2.9352 3.00943
800 150 0.0130781 1.10639 2.93466 3.01048
800 175 0.0123904 1.11268 2.93597 3.01095
800 200 0.0122383 1.12553 2.9371 3.01815
800 225 0.0118881 1.13869 2.93779 3.02658
800 250 0.0111546 1.12248 2.93791 3.01594
800 275 0.0105513 1.14962 2.94063 3.03439
800 300 0.00978714 1.1549 2.9402 3.03776
800 325 0.00917342 1.17562 2.94624 3.05838
800 350 0.00782422 1.21642 2.95711 3.1126
800 375 0.00597117 1.26231 2.99515 3.18634
800 400 0.00535742 1.25581 2.98723 3.17421
800 50 0.0137262 1.08868 2.93393 3.00456
800 75 0.0139761 1.10795 2.93498 3.00909
825 100 0.0132326 1.10802 2.93498 3.00926
825 125 0.0132555 1.10679 2.93483 3.01082
825 150 0.0147659 1.09367 2.93494 3.00601
825 175 0.0126692 1.10519 2.93523 3.01024
825 200 0.0126012 1.14666 2.94073 3.03373
825 225 0.0120954 1.12016 2.93679 3.01459
825 250 0.0122126 1.12311 2.9383 3.01608
825 275 0.0115936 1.13194 2.93841 3.0248
825 300 0.0104598 1.16495 2.94422 3.04821
825 325 0.00926003 1.15091 2.94112 3.03506
825 350 0.0096807 1.17441 2.94618 3.05696
825 375 0.00754319 1.22144 2.96099 3.12069
825 400 0.0061231 1.21202 2.95414 3.10319
825 425 0.00456464 1.24259 2.97663 3.15284
825 50 0.0142635 1.09768 2.93617 3.00759
825 75 0.0137798 1.08711 2.93387 3.0044
850 100 0.0136277 1.09898 2.93544 3.00845
850 125 0.014242 1.08883 2.93423 3.00477
850 150 0.0142993 1.10978 2.93551 3.00946
850 175 0.0131139 1.09403 2.93503 3.00626
850 200 0.0137412 1.10655 2.9348 3.01042
850 225 0.0134659 1.11663 2.9359 3.0129
850 250 0.0122308 1.121 2.93745 3.01534
850 275 0.0122753 1.13703 2.93832 3.0265
850 300 0.0122227 1.13431 2.93862 3.0253
850 325 0.0106119 1.13123 2.93932 3.02446
850 350 0.00943478 1.16737 2.94615 3.05237
850 375 0.00857473 1.15977 2.94285 3.04294
850 400 0.00756677 1.18454 2.94642 3.06771
850 425 0.00623217 1.20123 2.9532 3.08667
850 450 0.00531305 1.21913 2.96012 3.11768
850 50 0.0151378 1.10207 2.93463 3.00855
850 75 0.0146959 1.08427 2.93469 3.00343
875 100 0.0147841 1.10038 2.93532 3.00877
875 125 0.0146476 1.08987 2.93444 3.00536
875 150 0.0141559 1.08639 2.93411 3.0038
875 175 0.0148543 1.11464 2.93725 3.01209
875 200 0.0149781 1.11345 2.937 3.01201
875 225 0.0138504 1.11891 2.93562 3.01317
875 250 0.0139244 1.11744 2.93617 3.01376
875 275 0.0119165 1.12077 2.937 3.01524
875 300 0.0126421 1.12378 2.93791 3.01644
875 325 0.0113255 1.13895 2.93791 3.02672
875 350 0.0105187 1.15785 2.94082 3.03982
875 375 0.0100343 1.17681 2.94677 3.05918
875 400 0.0086519 1.18663 2.94685 3.06946
875 425 0.0076777 1.20784 2.95522 3.09793
875 450 0.00696306 1.19037 2.94651 3.07364
875 475 0.00469239 1.24614 2.97788 3.15867
875 50 0.0152646 1.0851 2.9349 3.00368
875 75 0.0147198 1.08947 2.93466 3.0053
900 100 0.0157268 1.0769 2.93392 3.00035
900 125 0.0151517 1.10707 2.93466 3.01069
900 150 0.014301 1.10506 2.93489 3.00994
900 175 0.0150041 1.09632 2.93583 3.0075
900 200 0.0143625 1.11139 2.93566 3.01021
900 225 0.0141264 1.0876 2.93387 3.00375
900 250 0.012715 1.10347 2.93536 3.00874
900 275 0.012884 1.11339 2.93672 3.0121
900 300 0.0120759 1.13949 2.9378 3.02759
900 325 0.0126413 1.12853 2.93859 3.0214
900 350 0.0112058 1.13777 2.93847 3.02672
900 375 0.0110128 1.14765 2.94112 3.0337
900 400 0.0096683 1.16788 2.94643 3.05272
900 425 0.00896068 1.15897 2.94233 3.04139
900 450 0.00755529 1.19225 2.94764 3.07617
900 475 0.00625118 1.21587 2.95585 3.1112
900 500 0.00460359 1.24389 2.97787 3.15564
900 50 0.0160189 1.09729 2.93578 3.00786
900 75 0.0148256 1.07496 2.93231 2.99896
925 100 0.0146365 1.08514 2.93431 3.00339
925 125 0.0151095 1.09743 2.93592 3.00767
925 150 0.0147609 1.08685 2.93429 3.00421
925 175 0.0147929 1.08832 2.93392 3.00395
925 200 0.0141388 1.09107 2.93537 3.00521
925 225 0.0138755 1.08678 2.93429 3.00427
925 250 0.0142645 1.10734 2.93475 3.01065
925 275 0.0128067 1.11454 2.93739 3.0121
925 300 0.0124586 1.10605 2.93475 3.01054
925 325 0.0134964 1.13067 2.94014 3.02388
925 350 0.0126386 1.11575 2.93619 3.01283
925 375 0.0120427 1.12427 2.93735 3.01667
925 400 0.0110367 1.15702 2.94042 3.03978
925 425 0.00954875 1.18848 2.94603 3.07122
925 450 0.00897447 1.19096 2.94685 3.07446
925 475 0.00831384 1.21677 2.95883 3.11352
925 500 0.00677578 1.21594 2.95622 3.11148
925 50 0.0163058 1.08888 2.93441 3.00491
925 525 0.00534552 1.29044 3.02026 3.24103
925 75 0.0161771 1.08036 2.93451 3.00094
950 100 0.0149012 1.08652 2.93431 3.00367
950 125 0.0165743 1.0819 2.93468 3.00173
950 150 0.0152741 1.0946 2.93526 3.00651
950 175 0.0156035 1.08886 2.93445 3.00498
950 200 0.0156451 1.09036 2.93475 3.00536
950 225 0.0145296 1.09237 2.93372 3.00528
950 250 0.0161985 1.09341 2.935 3.00603
950 275 0.0143061 1.10367 2.9354 3.00892
950 300 0.0140925 1.10062 2.93558 3.00893
950 325 0.013551 1.11409 2.93704 3.01225
950 350 0.0131805 1.12567 2.93714 3.0185
950 375 0.0120723 1.12406 2.93739 3.01627
950 400 0.012132 1.13441 2.93869 3.02534
950 425 0.0114293 1.14609 2.94052 3.03411
950 450 0.00987468 1.16 2.94279 3.0427
950 475 0.00977729 1.16783 2.94623 3.05277
950 500 0.00794604 1.17146 2.94758 3.05577
950 50 0.0162724 1.08942 2.9347 3.00531
950 525 0.00635408 1.22446 2.9639 3.12575
950 550 0.00500434 1.2577 2.98931 3.17726
950 75 0.0162868 1.08503 2.93491 3.00358
975 100 0.0154202 1.07271 2.93335 2.99889
975 125 0.0153224 1.07906 2.9351 3.0007
975 150 0.0161607 1.08754 2.93372 3.00369
975 175 0.0163291 1.09679 2.9361 3.00778
975 200 0.0148465 1.08377 2.93511 3.00319
975 225 0.014861 1.08986 2.93448 3.00536
975 250 0.0153627 1.08743 2.93423 3.00371
975 275 0.0150054 1.10263 2.93504 3.00865
975 300 0.0141156 1.10005 2.93501 3.0084
975 325 0.0145302 1.09501 2.93545 3.00669
975 350 0.0137617 1.10733 2.93475 3.01061
975 375 0.0123771 1.11302 2.93668 3.0114
975 400 0.0130269 1.10799 2.93501 3.00918
975 425 0.0122172 1.13741 2.93857 3.02662
975 450 0.0105928 1.13488 2.93839 3.02548
975 475 0.00999655 1.14493 2.9398 3.0333
975 500 0.00855714 1.1552 2.94026 3.03809
975 50 0.015696 1.08515 2.93436 3.00355
975 525 0.0080267 1.22623 2.96488 3.12867
975 550 0.00660689 1.25537 2.98596 3.17268
975 575 0.00508719 1.24047 2.97414 3.14862
975 75 0.0164031 1.07854 2.93534 3.00043
