1000 100 0.0184041 1.06274 7.38733 7.70604
1000 125 0.0186276 1.06064 7.38372 7.70804
1000 150 0.0193958 1.06417 7.38991 7.71444
1000 175 0.0192322 1.0642 7.38995 7.71457
1000 200 0.0182819 1.06048 7.38318 7.70834
1000 225 0.0187005 1.06852 7.40049 7.71669
1000 250 0.0193058 1.05778 7.38075 7.7051
1000 275 0.0185267 1.06167 7.38577 7.70393
1000 300 0.0181856 1.05725 7.37851 7.70405
1000 325 0.0192285 1.06571 7.39347 7.71213
1000 350 0.0181085 1.06057 7.38326 7.70804
1000 375 0.0181039 1.06105 7.3841 7.70345
1000 400 0.0174438 1.05715 7.3791 7.70416
1000 425 0.0173917 1.06192 7.38578 7.70384
1000 450 0.017592 1.07068 7.40388 7.72252
1000 475 0.0176453 1.06784 7.39895 7.72058
1000 500 0.0168049 1.06531 7.39261 7.71102
1000 50 0.0194393 1.06671 7.39604 7.7147
1000 525 0.0162351 1.06556 7.39289 7.71184
1000 550 0.0155238 1.06846 7.40066 7.71685
1000 575 0.0150648 1.07293 7.411 7.72663
1000 600 0.0138001 1.07653 7.42165 7.73705
1000 75 0.0195965 1.06196 7.38607 7.70348
1025 100 0.0182924 1.06508 7.39229 7.71135
1025 125 0.0188854 1.06096 7.38421 7.70368
1025 150 0.0190927 1.06426 7.39004 7.71456
1025 175 0.0188277 1.06388 7.38962 7.70942
1025 200 0.0187823 1.06146 7.38513 7.70853
1025 225 0.0187429 1.06174 7.38551 7.70409
1025 250 0.0182007 1.05563 7.37721 7.70178
1025 275 0.0188701 1.06404 7.38961 7.71018
1025 300 0.0182272 1.05968 7.38143 7.70586
1025 325 0.0182683 1.05831 7.38164 7.70617
1025 350 0.0180267 1.05994 7.38184 7.70625
1025 375 0.018203 1.06311 7.38806 7.70786
1025 400 0.0179406 1.06012 7.38229 7.70715
1025 425 0.0175672 1.06514 7.39225 7.71136
1025 450 0.0168657 1.06321 7.38851 7.70792
1025 475 0.0166652 1.06385 7.38957 7.70942
1025 500 0.0166344 1.06787 7.39911 7.72121
1025 50 0.0190593 1.06235 7.38714 7.70521
1025 525 0.0158869 1.06648 7.39521 7.7179
1025 550 0.0153433 1.06368 7.38867 7.71291
1025 575 0.0155627 1.07166 7.40669 7.72512
1025 600 0.0148794 1.08651 7.44452 7.75721
1025 625 0.0143514 1.07236 7.40967 7.72596
1025 75 0.01936 1.06233 7.38718 7.70491
1050 100 0.019443 1.06375 7.38874 7.7091
1050 125 0.0192747 1.06366 7.38851 7.70885
1050 150 0.0198299 1.06041 7.38261 7.70791
1050 175 0.0188952 1.06058 7.38338 7.70814
1050 200 0.0193031 1.06244 7.38719 7.70557
1050 225 0.0186379 1.06073 7.3838 7.70319
1050 250 0.0187225 1.06163 7.38577 7.7042
1050 275 0.0179532 1.06005 7.38201 7.70668
1050 300 0.0187359 1.0598 7.38132 7.70646
1050 325 0.0188511 1.06213 7.38679 7.70853
1050 350 0.0180826 1.06117 7.3844 7.70377
1050 375 0.0185662 1.05989 7.3817 7.70646
1050 400 0.019107 1.05683 7.37896 7.70311
1050 425 0.0169397 1.05671 7.37856 7.70287
1050 450 0.0182158 1.05916 7.38085 7.70575
1050 475 0.0172338 1.06149 7.38533 7.70856
1050 500 0.0169235 1.06759 7.39791 7.72056
1050 50 0.0192987 1.06562 7.39306 7.7122
1050 525 0.0169007 1.06051 7.38328 7.70808
1050 550 0.0157927 1.05741 7.37933 7.70431
1050 575 0.0153748 1.06483 7.39213 7.71145
1050 600 0.0147276 1.07273 7.41018 7.72571
1050 625 0.0144512 1.07656 7.4216 7.73665
1050 650 0.0147332 1.07488 7.4176 7.7322
1050 75 0.019291 1.0649 7.39221 7.71179
1075 100 0.018685 1.06246 7.3871 7.70549
1075 125 0.0193565 1.06473 7.39178 7.71128
1075 150 0.0192548 1.06263 7.38713 7.70578
1075 175 0.0199411 1.0639 7.38943 7.70966
1075 200 0.0192837 1.06348 7.38837 7.7088
1075 225 0.0189666 1.06185 7.38541 7.70383
1075 250 0.0187173 1.06004 7.38176 7.70665
1075 275 0.0181986 1.06333 7.38823 7.70845
1075 300 0.0179679 1.06682 7.39663 7.71502
1075 325 0.0190973 1.06084 7.38361 7.70327
1075 350 0.0193612 1.0556 7.37713 7.70152
1075 375 0.0192405 1.05851 7.38163 7.70614
1075 400 0.0178428 1.05956 7.38133 7.70579
1075 425 0.0187762 1.05949 7.38108 7.70594
1075 450 0.0179311 1.06422 7.38988 7.71457
1075 475 0.0178777 1.06214 7.38689 7.70853
1075 500 0.017491 1.06104 7.38419 7.70355
1075 50 0.018927 1.06387 7.3896 7.70942
1075 525 0.0164731 1.06086 7.3837 7.70337
1075 550 0.0166698 1.06586 7.39431 7.71274
1075 575 0.0166761 1.0578 7.38075 7.70529
1075 600 0.0165678 1.07047 7.40374 7.72199
1075 625 0.0149571 1.07682 7.42216 7.7372
1075 650 0.0145607 1.07156 7.40599 7.72416
1075 675 0.0134384 1.08175 7.43411 7.74585
1075 75 0.0196114 1.06673 7.39603 7.71467
1100 100 0.0192215 1.06255 7.3874 7.7056
1100 125 0.018483 1.06317 7.38844 7.70792
1100 150 0.0196097 1.06431 7.39026 7.71482
1100 175 0.0183566 1.06351 7.38842 7.70882
1100 200 0.0200535 1.06213 7.38679 7.70853
1100 225 0.0189426 1.0599 7.38188 7.70634
1100 250 0.0189509 1.06437 7.39092 7.71488
1100 275 0.0190131 1.06261 7.38707 7.70593
1100 300 0.0181475 1.06245 7.3871 7.70557
1100 325 0.0177781 1.05891 7.38107 7.70597
1100 350 0.018707 1.05616 7.37803 7.70225
1100 375 0.0185874 1.06337 7.38835 7.70831
1100 400 0.0193734 1.05913 7.38057 7.7057
1100 425 0.0185383 1.0592 7.38081 7.70556
1100 450 0.0184112 1.06447 7.39167 7.7107
1100 475 0.0171601 1.05844 7.38135 7.70652
1100 500 0.0181546 1.06267 7.38727 7.70595
1100 50 0.018666 1.06413 7.38989 7.71032
1100 525 0.0168683 1.06012 7.38229 7.70715
1100 550 0.0172103 1.06015 7.38221 7.70734
1100 575 0.0162745 1.07004 7.40259 7.72126
1100 600 0.0165492 1.0578 7.38075 7.70529
1100 625 0.0158415 1.06371 7.38851 7.70892
1100 650 0.0148463 1.06452 7.39175 7.71071
1100 675 0.0145286 1.07949 7.4282 7.74269
1100 700 0.0134983 1.09226 7.45831 7.76698
1100 75 0.0190748 1.06345 7.38841 7.70865
1125 100 0.0187054 1.06741 7.39869 7.71984
1125 125 0.0194101 1.06793 7.39931 7.7211
1125 150 0.0197567 1.06166 7.38589 7.70393
1125 175 0.0194915 1.06164 7.38587 7.70421
1125 200 0.0198866 1.06668 7.3958 7.71427
1125 225 0.0186992 1.06587 7.39431 7.71274
1125 250 0.0192178 1.06116 7.38452 7.70367
1125 275 0.0187388 1.06005 7.38201 7.70668
1125 300 0.0190205 1.05864 7.38179 7.70648
1125 325 0.0181308 1.06725 7.39789 7.71973
1125 350 0.0184562 1.05784 7.38087 7.70527
1125 375 0.0192169 1.06106 7.3841 7.70345
1125 400 0.0196005 1.05901 7.38037 7.7051
1125 425 0.0187937 1.0609 7.38383 7.70344
1125 450 0.0182347 1.05912 7.38031 7.70587
1125 475 0.0195858 1.05868 7.38161 7.70659
1125 500 0.0168238 1.0645 7.39164 7.7107
1125 50 0.0201159 1.06482 7.39225 7.71146
1125 525 0.0182851 1.06287 7.38753 7.70722
1125 550 0.0163128 1.05723 7.37883 7.70434
1125 575 0.0164913 1.05289 7.37269 7.6977
1125 600 0.0165481 1.06113 7.38432 7.70329
1125 625 0.0167353 1.06516 7.39209 7.71128
1125 650 0.015153 1.07294 7.41107 7.72665
1125 675 0.0152278 1.06408 7.38973 7.71027
1125 700 0.0142363 1.07611 7.42092 7.73515
1125 725 0.0133346 1.07652 7.42165 7.73689
1125 75 0.0180223 1.06533 7.39227 7.71104
1150 100 0.0172962 1.06729 7.39783 7.71962
1150 125 0.019193 1.06698 7.39723 7.71537
1150 150 0.018999 1.07278 7.41029 7.72573
1150 175 0.0187934 1.06383 7.38943 7.70934
1150 200 0.0186574 1.06429 7.39037 7.71469
1150 225 0.0182235 1.06511 7.39239 7.71144
1150 250 0.0194243 1.06145 7.38508 7.70859
1150 275 0.0203281 1.0648 7.39203 7.71146
1150 300 0.0196612 1.06416 7.38993 7.71034
1150 325 0.0187606 1.06499 7.39205 7.71167
1150 350 0.0194177 1.06265 7.38721 7.70578
1150 375 0.0190673 1.06019 7.3821 7.70747
1150 400 0.019095 1.06122 7.3847 7.70379
1150 425 0.0189166 1.05999 7.38163 7.70656
1150 450 0.0191842 1.06101 7.38408 7.70353
1150 475 0.0186963 1.05619 7.37801 7.70206
1150 500 0.017746 1.05792 7.38078 7.70519
1150 50 0.0185746 1.06499 7.39205 7.71167
1150 525 0.0181292 1.05653 7.3787 7.70264
1150 550 0.0177381 1.07085 7.40483 7.72301
1150 575 0.0185206 1.06294 7.38753 7.70737
1150 600 0.0168646 1.05734 7.37856 7.70396
1150 625 0.0172248 1.05995 7.38183 7.70625
1150 650 0.0158652 1.07015 7.40277 7.7216
1150 675 0.015723 1.07133 7.40606 7.7241
1150 700 0.016285 1.06469 7.39161 7.71114
1150 725 0.0141051 1.08808 7.44801 7.75795
1150 750 0.0144233 1.0765 7.42153 7.73674
1150 75 0.019105 1.06644 7.39507 7.71316
1175 100 0.0197118 1.06739 7.39851 7.71968
1175 125 0.0201311 1.06522 7.39234 7.7113
1175 150 0.0193992 1.06539 7.39221 7.71096
1175 175 0.0186856 1.06946 7.40219 7.71864
1175 200 0.0186177 1.0648 7.39203 7.71146
1175 225 0.0190721 1.06398 7.38971 7.71389
1175 250 0.0183121 1.06395 7.38953 7.70976
1175 275 0.0183504 1.0649 7.39221 7.71179
1175 300 0.0197592 1.06083 7.3836 7.70327
1175 325 0.0184675 1.06312 7.38823 7.70793
1175 350 0.0191661 1.05943 7.38064 7.70509
1175 375 0.019265 1.06112 7.38434 7.70338
1175 400 0.0191075 1.05927 7.38146 7.70497
1175 425 0.0192686 1.06074 7.38346 7.70319
1175 450 0.0179992 1.06058 7.38338 7.70814
1175 475 0.0190595 1.06001 7.38161 7.70656
1175 500 0.0182141 1.0627 7.38754 7.70604
1175 50 0.0186822 1.06359 7.38821 7.70883
1175 525 0.0175425 1.05978 7.3813 7.70626
1175 550 0.018613 1.06104 7.38419 7.70355
1175 575 0.0171489 1.06226 7.38684 7.70495
1175 600 0.0183456 1.06372 7.38858 7.70892
1175 625 0.0170707 1.0583 7.38151 7.70617
1175 650 0.0157194 1.06422 7.38988 7.71457
1175 675 0.0155759 1.06289 7.38772 7.70722
1175 700 0.0157435 1.06075 7.38345 7.70327
1175 725 0.0155927 1.07537 7.41867 7.73315
1175 750 0.0142094 1.06793 7.39931 7.7211
1175 75 0.0191911 1.06388 7.38962 7.70942
1175 775 0.0142563 1.08036 7.42979 7.7439
1200 100 0.0186338 1.07005 7.40261 7.72126
1200 125 0.0185502 1.06947 7.40228 7.71872
1200 150 0.01919 1.06322 7.38846 7.70799
1200 175 0.0194176 1.06462 7.39161 7.71109
1200 200 0.0193262 1.06977 7.4028 7.7201
1200 225 0.0186636 1.06428 7.39039 7.71469
1200 250 0.0184743 1.06307 7.38801 7.70775
1200 275 0.0200049 1.06341 7.3884 7.70856
1200 300 0.0188553 1.06199 7.38607 7.70356
1200 325 0.0191662 1.06176 7.38544 7.70409
1200 350 0.0193566 1.0604 7.38261 7.70791
1200 375 0.0185286 1.0566 7.37857 7.70231
1200 400 0.0189433 1.05905 7.38034 7.70574
1200 425 0.018995 1.06495 7.39226 7.71165
1200 450 0.0188909 1.06084 7.38361 7.70327
1200 475 0.0181841 1.05692 7.37862 7.70393
1200 500 0.0186387 1.06222 7.38672 7.70892
1200 50 0.0202437 1.0676 7.398 7.72056
1200 525 0.0180458 1.05851 7.38163 7.70614
1200 550 0.0177536 1.06221 7.38664 7.70892
1200 575 0.0179335 1.06043 7.38279 7.70785
1200 600 0.018111 1.05724 7.37867 7.70425
1200 625 0.0174746 1.05949 7.38108 7.70594
1200 650 0.0170953 1.06592 7.39459 7.71291
1200 675 0.0155761 1.06292 7.38752 7.70739
1200 700 0.0164075 1.06841 7.40059 7.71687
1200 725 0.0147591 1.06737 7.39841 7.71962
1200 750 0.0159922 1.07744 7.42347 7.73808
1200 75 0.0184444 1.07116 7.40553 7.72332
1200 775 0.0150149 1.08215 7.43465 7.74743
1200 800 0.014897 1.07597 7.42085 7.73489
450 50 0.0124391 1.07472 7.41669 7.73098
475 50 0.0141485 1.08182 7.43435 7.74613
475 75 0.0131476 1.07732 7.42317 7.73808
500 100 0.0137136 1.0825 7.43588 7.74824
500 50 0.0139285 1.06797 7.39931 7.72095
500 75 0.0142024 1.07444 7.41552 7.73108
525 100 0.0142413 1.07785 7.42404 7.73948
525 125 0.0133845 1.07823 7.42519 7.74
525 50 0.0145504 1.0847 7.44017 7.75463
525 75 0.0147275 1.07125 7.40618 7.72374
550 100 0.0145321 1.07036 7.40316 7.72215
550 125 0.0140434 1.07739 7.42344 7.73807
550 150 0.0137469 1.08176 7.43401 7.74598
550 50 0.016453 1.0702 7.40283 7.72176
550 75 0.0161631 1.07529 7.41875 7.73263
575 100 0.0145173 1.07159 7.40661 7.72468
575 125 0.0148732 1.06558 7.39303 7.71212
575 150 0.0139582 1.07154 7.40683 7.72601
575 175 0.0131273 1.07962 7.42897 7.74359
575 50 0.0153492 1.05996 7.38164 7.70638
575 75 0.0156113 1.07289 7.4108 7.72656
600 100 0.0151276 1.0617 7.38543 7.70384
600 125 0.0151683 1.07714 7.42298 7.73745
600 150 0.0152599 1.08407 7.43892 7.75228
600 175 0.0148195 1.07983 7.42937 7.74416
600 200 0.0143425 1.07937 7.42755 7.74209
600 50 0.0165821 1.06931 7.40177 7.71883
600 75 0.0160444 1.06357 7.38826 7.70893
625 100 0.0158518 1.069 7.40137 7.71853
625 125 0.0158663 1.0712 7.40618 7.72382
625 150 0.0157671 1.07237 7.40912 7.72544
625 175 0.0149525 1.076 7.42098 7.73507
625 200 0.0142668 1.06885 7.40195 7.71861
625 225 0.0134902 1.08889 7.44953 7.75875
625 50 0.0178326 1.06766 7.39832 7.72106
625 75 0.0177386 1.0686 7.40078 7.72155
650 100 0.0167197 1.06319 7.38845 7.70792
650 125 0.0163266 1.05981 7.38134 7.70646
650 150 0.0161189 1.07495 7.4176 7.73213
650 175 0.0160251 1.07725 7.42322 7.73824
650 200 0.0149507 1.06792 7.3992 7.72116
650 225 0.0140846 1.07768 7.42343 7.73871
650 250 0.0142499 1.07141 7.40688 7.72514
650 50 0.0177033 1.06332 7.38824 7.70845
650 75 0.0173425 1.06859 7.40075 7.72164
675 100 0.0173365 1.06144 7.38507 7.70859
675 125 0.0168513 1.0624 7.38691 7.70539
675 150 0.0161804 1.06459 7.3914 7.71141
675 175 0.0156275 1.06364 7.38844 7.70891
675 200 0.0151179 1.06039 7.38255 7.70779
675 225 0.0154482 1.06852 7.40049 7.71669
675 250 0.0141457 1.06171 7.38556 7.70384
675 275 0.0140063 1.07446 7.41609 7.73086
675 50 0.0182678 1.06205 7.38644 7.70398
675 75 0.0171604 1.06257 7.38737 7.70569
700 100 0.0180305 1.06154 7.38528 7.70791
700 125 0.0170055 1.0695 7.40237 7.71873
700 150 0.0171575 1.06641 7.39497 7.71299
700 175 0.0160786 1.06345 7.38841 7.70865
700 200 0.0158215 1.06977 7.4028 7.7201
700 225 0.0154022 1.0618 7.38554 7.70391
700 250 0.0154859 1.06779 7.39858 7.71668
700 275 0.0140869 1.086 7.44341 7.75747
700 300 0.013469 1.07971 7.42897 7.74369
700 50 0.0185055 1.06488 7.39227 7.71163
700 75 0.0178671 1.06029 7.3821 7.70766
725 100 0.0185558 1.06636 7.39492 7.71283
725 125 0.0179093 1.06212 7.38683 7.70863
725 150 0.0167117 1.06396 7.38953 7.70976
725 175 0.0166815 1.07001 7.40268 7.72109
725 200 0.0168886 1.06379 7.38913 7.7091
725 225 0.0163992 1.06503 7.39222 7.71182
725 250 0.0166805 1.06771 7.39829 7.72099
725 275 0.0161772 1.07271 7.41009 7.72562
725 300 0.0142882 1.07698 7.4225 7.7372
725 325 0.0144023 1.07335 7.41273 7.72713
725 50 0.0186071 1.0656 7.39293 7.71213
725 75 0.0182721 1.06886 7.40187 7.71877
750 100 0.0172581 1.06569 7.39322 7.7123
750 125 0.0181256 1.06002 7.38164 7.70668
750 150 0.0182754 1.06142 7.38481 7.70874
750 175 0.0177083 1.05985 7.38131 7.70646
750 200 0.0176164 1.06371 7.38851 7.70892
750 225 0.0169765 1.06988 7.40283 7.72086
750 250 0.0158644 1.0623 7.38709 7.70475
750 275 0.0160728 1.06575 7.39355 7.71214
750 300 0.0143385 1.07492 7.41768 7.73228
750 325 0.0146852 1.07537 7.41867 7.73315
750 350 0.0136681 1.06815 7.39944 7.72087
750 50 0.0185325 1.0683 7.40014 7.71667
750 75 0.0182407 1.06263 7.38713 7.70578
775 100 0.0183849 1.0608 7.38351 7.70327
775 125 0.0190893 1.05958 7.38129 7.70584
775 150 0.017618 1.0659 7.39454 7.71284
775 175 0.0171912 1.06014 7.38219 7.70734
775 200 0.016231 1.06635 7.39493 7.71275
775 225 0.0172093 1.06235 7.38714 7.70521
775 250 0.017589 1.06464 7.39179 7.71108
775 275 0.016129 1.0632 7.38853 7.70792
775 300 0.0156623 1.0564 7.37832 7.70221
775 325 0.014177 1.06647 7.3952 7.71796
775 350 0.0132013 1.06394 7.38955 7.70976
775 375 0.0141678 1.0681 7.39942 7.72089
775 50 0.0183412 1.06075 7.38345 7.70327
775 75 0.0186013 1.06211 7.38674 7.70412
800 100 0.0189957 1.06278 7.38736 7.70638
800 125 0.0188633 1.06568 7.39332 7.71229
800 150 0.0182581 1.05637 7.37819 7.70204
800 175 0.0176818 1.06407 7.38979 7.71027
800 200 0.0175008 1.06032 7.38236 7.70764
800 225 0.0173527 1.065 7.39217 7.71158
800 250 0.017203 1.06029 7.3821 7.70766
800 275 0.0165351 1.06514 7.39225 7.71136
800 300 0.0170845 1.06667 7.39596 7.71427
800 325 0.015833 1.06972 7.4029 7.72008
800 350 0.015801 1.06869 7.40094 7.71637
800 375 0.0149922 1.08115 7.43318 7.74458
800 400 0.014289 1.089 7.44993 7.75901
800 50 0.0186868 1.06203 7.38652 7.70408
800 75 0.018414 1.06749 7.39806 7.72018
825 100 0.0174258 1.06103 7.38408 7.70361
825 125 0.0176871 1.06326 7.38834 7.70805
825 150 0.0194627 1.06496 7.39225 7.71165
825 175 0.0173439 1.06824 7.39973 7.71651
825 200 0.0175186 1.06388 7.38962 7.70942
825 225 0.0174605 1.06389 7.38946 7.70933
825 250 0.017692 1.05911 7.3804 7.70587
825 275 0.0173207 1.06689 7.39675 7.71541
825 300 0.0164032 1.07228 7.40948 7.72651
825 325 0.0160942 1.06951 7.40247 7.71873
825 350 0.0162419 1.06979 7.40274 7.7202
825 375 0.0146714 1.06523 7.3923 7.7114
825 400 0.014533 1.07524 7.4186 7.73237
825 425 0.0136905 1.08126 7.43299 7.74476
825 50 0.0187143 1.05824 7.38121 7.70654
825 75 0.0180832 1.06067 7.38374 7.70776
850 100 0.0176591 1.06276 7.38733 7.70612
850 125 0.0183153 1.06255 7.3874 7.7056
850 150 0.0181735 1.06711 7.39751 7.71946
850 175 0.017257 1.06016 7.38215 7.70747
850 200 0.0183871 1.0564 7.37832 7.70221
850 225 0.0183759 1.05499 7.37496 7.70026
850 250 0.0168952 1.05792 7.38078 7.70519
850 275 0.0176691 1.06611 7.39472 7.71253
850 300 0.0185635 1.06525 7.39239 7.7114
850 325 0.0169366 1.06015 7.38221 7.70734
850 350 0.0164065 1.06267 7.38727 7.70595
850 375 0.0158717 1.06045 7.38297 7.70817
850 400 0.0147818 1.06835 7.40025 7.71695
850 425 0.0147171 1.07331 7.41291 7.72722
850 450 0.0147375 1.077 7.4226 7.73727
850 50 0.0194372 1.06762 7.39801 7.72056
850 75 0.0189225 1.05751 7.38022 7.70441
875 100 0.0186055 1.05942 7.38063 7.70509
875 125 0.0183188 1.06248 7.38715 7.7055
875 150 0.0181613 1.05938 7.38122 7.70512
875 175 0.0188061 1.06079 7.38362 7.70337
875 200 0.0194013 1.06067 7.38374 7.70776
875 225 0.0181438 1.06523 7.3923 7.7114
875 250 0.0183568 1.06705 7.39737 7.7202
875 275 0.0165858 1.05837 7.38136 7.70593
875 300 0.0179761 1.06184 7.38549 7.70383
875 325 0.0166721 1.07018 7.40268 7.72176
875 350 0.0167227 1.06116 7.38452 7.70367
875 375 0.0166636 1.06189 7.38554 7.70374
875 400 0.0162167 1.06749 7.39806 7.72018
875 425 0.0146424 1.07766 7.4234 7.73832
875 450 0.015147 1.07342 7.413 7.72729
875 475 0.0135713 1.0801 7.42988 7.74421
875 50 0.0187383 1.05959 7.38142 7.70584
875 75 0.0190686 1.06427 7.39012 7.7145
900 100 0.0195434 1.05887 7.38115 7.70584
900 125 0.0186345 1.06402 7.38964 7.71009
900 150 0.0179237 1.06671 7.39604 7.7147
900 175 0.0189982 1.06244 7.38719 7.70557
900 200 0.0182923 1.06037 7.38264 7.70772
900 225 0.0185861 1.05817 7.38138 7.70592
900 250 0.0172647 1.06197 7.3861 7.70348
900 275 0.0172369 1.06031 7.38237 7.70764
900 300 0.0171891 1.06474 7.3919 7.71129
900 325 0.0181904 1.06204 7.38641 7.70398
900 350 0.0170985 1.06212 7.38683 7.70863
900 375 0.0165526 1.06394 7.38955 7.70976
900 400 0.0163655 1.06218 7.38672 7.70879
900 425 0.0156597 1.06249 7.38714 7.7055
900 450 0.0148639 1.06934 7.40187 7.71883
900 475 0.0139743 1.06998 7.40266 7.72099
900 500 0.0140846 1.07971 7.42897 7.74369
900 50 0.0198396 1.06452 7.39175 7.71071
900 75 0.0188142 1.06363 7.3883 7.70882
925 100 0.0183718 1.06234 7.38715 7.70497
925 125 0.0190722 1.05891 7.38107 7.70597
925 150 0.0185484 1.06194 7.38605 7.70392
925 175 0.0189962 1.06001 7.38161 7.70656
925 200 0.0177396 1.06496 7.39225 7.71165
925 225 0.0177988 1.06507 7.3925 7.71166
925 250 0.0181576 1.05874 7.38169 7.70619
925 275 0.0166708 1.06407 7.38979 7.71027
925 300 0.0166697 1.06788 7.39912 7.7211
925 325 0.0182649 1.06275 7.38731 7.70604
925 350 0.0178834 1.0634 7.38841 7.70848
925 375 0.0170467 1.0562 7.37801 7.70206
925 400 0.0160335 1.07461 7.41649 7.73124
925 425 0.0159238 1.06138 7.38497 7.70436
925 450 0.0160543 1.06028 7.38227 7.70775
925 475 0.0158192 1.07059 7.4039 7.72228
925 500 0.0146117 1.0749 7.41763 7.7321
925 50 0.0198195 1.05735 7.37871 7.70396
925 525 0.0134928 1.07403 7.41445 7.72975
925 75 0.0197356 1.0668 7.39659 7.71501
950 100 0.0185645 1.06503 7.39222 7.71182
950 125 0.0198622 1.05914 7.38057 7.7057
950 150 0.0183042 1.06147 7.38525 7.70849
950 175 0.0192971 1.05906 7.38034 7.70574
950 200 0.0193209 1.05972 7.38148 7.70602
950 225 0.0182083 1.05782 7.3807 7.70536
950 250 0.0194722 1.05845 7.38136 7.70652
950 275 0.0187905 1.06481 7.39218 7.71146
950 300 0.018558 1.05939 7.38096 7.70519
950 325 0.0180298 1.05654 7.37868 7.70264
950 350 0.0175796 1.06572 7.39344 7.71228
950 375 0.0166039 1.06482 7.39225 7.71146
950 400 0.0170042 1.07086 7.40473 7.72285
950 425 0.0174717 1.06314 7.38823 7.70793
950 450 0.01612 1.05745 7.37992 7.70428
950 475 0.0159507 1.07596 7.421 7.73496
950 500 0.0155491 1.07624 7.42103 7.73523
950 50 0.0196769 1.06427 7.39012 7.7145
950 525 0.0144752 1.08136 7.43316 7.74466
950 550 0.0150793 1.07506 7.41794 7.73238
950 75 0.0197464 1.06102 7.38408 7.70353
975 100 0.0185158 1.06051 7.38328 7.70808
975 125 0.0183698 1.06033 7.38255 7.70774
975 150 0.019699 1.06408 7.38973 7.71027
975 175 0.0196366 1.06455 7.39166 7.71069
975 200 0.0177814 1.05949 7.38108 7.70594
975 225 0.0186882 1.06302 7.38786 7.70766
975 250 0.0193715 1.05959 7.38142 7.70584
975 275 0.0187106 1.06427 7.39012 7.7145
975 300 0.0182241 1.06263 7.38713 7.70578
975 325 0.0190794 1.05965 7.38142 7.70581
975 350 0.0182453 1.06139 7.3849 7.70429
975 375 0.017472 1.06781 7.39882 7.72148
975 400 0.0180754 1.06317 7.38844 7.70792
975 425 0.0171063 1.06606 7.39462 7.71286
975 450 0.0166068 1.06214 7.38689 7.70853
975 475 0.0151649 1.06817 7.39954 7.72092
975 500 0.01507 1.0545 7.37368 7.69959
975 50 0.0188783 1.06371 7.38851 7.70892
975 525 0.0154967 1.06107 7.3841 7.70347
975 550 0.0149622 1.07376 7.41406 7.72851
975 575 0.0147447 1.07965 7.42888 7.74351
975 75 0.019833 1.06179 7.38545 7.70391
