         450          50     0.00601     1.07370     6.89689     6.25977
         475          50     0.00659     1.06716     6.88838     6.25199
         475          75     0.00632     1.07718     6.90165     6.26412
         500          50     0.00675     1.06798     6.88941     6.25294
         500          75     0.00695     1.07090     6.89317     6.25637
         500         100     0.00668     1.07841     6.90337     6.26569
         525          50     0.00684     1.07225     6.89495     6.25799
         525          75     0.00701     1.06991     6.89189     6.25520
         525         100     0.00658     1.06499     6.88569     6.24954
         525         125     0.00627     1.07140     6.89382     6.25697
         550          50     0.00837     1.05985     6.87960     6.24397
         550          75     0.00802     1.08456     6.91225     6.27381
         550         100     0.00737     1.06765     6.88900     6.25256
         550         125     0.00667     1.08181     6.90822     6.27012
         550         150     0.00657     1.08393     6.91131     6.27295
         575          50     0.00756     1.05834     6.87789     6.24241
         575          75     0.00723     1.07037     6.89248     6.25574
         575         100     0.00667     1.07191     6.89450     6.25758
         575         125     0.00728     1.06453     6.88513     6.24902
         575         150     0.00674     1.07356     6.89669     6.25959
         575         175     0.00598     1.07719     6.90166     6.26413
         600          50     0.00780     1.06663     6.88772     6.25139
         600          75     0.00796     1.05537     6.87462     6.23942
         600         100     0.00704     1.05847     6.87803     6.24253
         600         125     0.00699     1.08462     6.91233     6.27388
         600         150     0.00769     1.07666     6.90093     6.26346
         600         175     0.00744     1.07592     6.89991     6.26253
         600         200     0.00661     1.06764     6.88898     6.25254
         625          50     0.00866     1.06422     6.88476     6.24869
         625          75     0.00779     1.06965     6.89156     6.25490
         625         100     0.00793     1.07118     6.89354     6.25671
         625         125     0.00788     1.06764     6.88898     6.25254
         625         150     0.00759     1.07431     6.89771     6.26052
         625         175     0.00738     1.07917     6.90444     6.26667
         625         200     0.00703     1.05968     6.87940     6.24379
         625         225     0.00653     1.08749     6.91664     6.27781
         650          50     0.00845     1.06693     6.88809     6.25173
         650          75     0.00834     1.07147     6.89392     6.25706
         650         100     0.00839     1.06130     6.88128     6.24551
         650         125     0.00794     1.07015     6.89220     6.25548
         650         150     0.00763     1.06690     6.88806     6.25170
         650         175     0.00764     1.08412     6.91160     6.27322
         650         200     0.00706     1.06813     6.88961     6.25312
         650         225     0.00715     1.07070     6.89291     6.25614
         650         250     0.00676     1.06687     6.88802     6.25167
         675          50     0.00852     1.05494     6.87415     6.23899
         675          75     0.00834     1.06698     6.88815     6.25178
         675         100     0.00827     1.06002     6.87979     6.24415
         675         125     0.00751     1.06859     6.89020     6.25365
         675         150     0.00784     1.06351     6.88390     6.24790
         675         175     0.00689     1.07175     6.89429     6.25739
         675         200     0.00742     1.05686     6.87624     6.24090
         675         225     0.00761     1.05665     6.87600     6.24068
         675         250     0.00694     1.07719     6.90166     6.26413
         675         275     0.00627     1.07864     6.90370     6.26599
         700          50     0.00926     1.05760     6.87705     6.24164
         700          75     0.00900     1.05789     6.87738     6.24194
         700         100     0.00862     1.06440     6.88497     6.24888
         700         125     0.00829     1.07031     6.89241     6.25567
         700         150     0.00807     1.06710     6.88830     6.25192
         700         175     0.00775     1.06277     6.88302     6.24709
         700         200     0.00764     1.05913     6.87878     6.24322
         700         225     0.00774     1.06227     6.88242     6.24655
         700         250     0.00780     1.07345     6.89656     6.25947
         700         275     0.00645     1.08728     6.91632     6.27753
         700         300     0.00598     1.07433     6.89774     6.26054
         725          50     0.00904     1.06440     6.88498     6.24888
         725          75     0.00915     1.06231     6.88247     6.24659
         725         100     0.00900     1.07386     6.89710     6.25996
         725         125     0.00812     1.05664     6.87600     6.24068
         725         150     0.00788     1.06568     6.88654     6.25031
         725         175     0.00810     1.07675     6.90105     6.26358
         725         200     0.00839     1.06514     6.88587     6.24970
         725         225     0.00808     1.05918     6.87883     6.24327
         725         250     0.00814     1.06737     6.88865     6.25224
         725         275     0.00818     1.06786     6.88927     6.25281
         725         300     0.00682     1.07236     6.89510     6.25813
         725         325     0.00720     1.07089     6.89316     6.25636
         750          50     0.00912     1.06220     6.88234     6.24647
         750          75     0.00851     1.06900     6.89071     6.25412
         750         100     0.00875     1.06339     6.88375     6.24776
         750         125     0.00951     1.06314     6.88345     6.24749
         750         150     0.00837     1.06946     6.89131     6.25467
         750         175     0.00857     1.05693     6.87632     6.24097
         750         200     0.00765     1.05920     6.87886     6.24329
         750         225     0.00809     1.06934     6.89115     6.25452
         750         250     0.00791     1.06213     6.88226     6.24640
         750         275     0.00749     1.07204     6.89467     6.25774
         750         300     0.00686     1.07075     6.89298     6.25619
         750         325     0.00747     1.07638     6.90055     6.26311
         750         350     0.00680     1.08192     6.90839     6.27028
         775          50     0.00869     1.06465     6.88528     6.24916
         775          75     0.00869     1.06049     6.88034     6.24465
         775         100     0.01001     1.05785     6.87734     6.24190
         775         125     0.00895     1.05911     6.87876     6.24320
         775         150     0.00868     1.06326     6.88360     6.24763
         775         175     0.00825     1.06605     6.88700     6.25074
         775         200     0.00793     1.06002     6.87979     6.24414
         775         225     0.00846     1.06449     6.88508     6.24898
         775         250     0.00834     1.06739     6.88868     6.25226
         775         275     0.00809     1.05814     6.87766     6.24220
         775         300     0.00810     1.05424     6.87341     6.23831
         775         325     0.00638     1.06423     6.88476     6.24869
         775         350     0.00660     1.06241     6.88259     6.24670
         775         375     0.00669     1.07872     6.90380     6.26609
         800          50     0.00921     1.06424     6.88478     6.24871
         800          75     0.00886     1.06477     6.88543     6.24930
         800         100     0.00960     1.06662     6.88770     6.25137
         800         125     0.00848     1.06003     6.87980     6.24415
         800         150     0.00910     1.05644     6.87578     6.24048
         800         175     0.00784     1.06383     6.88429     6.24825
         800         200     0.00876     1.05892     6.87854     6.24300
         800         225     0.00810     1.08453     6.91220     6.27376
         800         250     0.00835     1.07124     6.89361     6.25678
         800         275     0.00828     1.06441     6.88499     6.24889
         800         300     0.00843     1.06065     6.88052     6.24481
         800         325     0.00804     1.06586     6.88676     6.25051
         800         350     0.00774     1.07600     6.90002     6.26263
         800         375     0.00770     1.08002     6.90565     6.26777
         800         400     0.00641     1.10855     6.95510     6.31000
         825          50     0.00901     1.05471     6.87391     6.23877
         825          75     0.00869     1.06357     6.88397     6.24796
         825         100     0.00833     1.06104     6.88098     6.24523
         825         125     0.00846     1.05732     6.87674     6.24136
         825         150     0.00916     1.05744     6.87688     6.24148
         825         175     0.00842     1.07538     6.89917     6.26185
         825         200     0.00840     1.06072     6.88061     6.24489
         825         225     0.00849     1.05665     6.87601     6.24069
         825         250     0.00875     1.05670     6.87606     6.24074
         825         275     0.00850     1.06150     6.88152     6.24572
         825         300     0.00773     1.07744     6.90201     6.26445
         825         325     0.00707     1.05940     6.87909     6.24350
         825         350     0.00749     1.06609     6.88705     6.25078
         825         375     0.00726     1.07662     6.90087     6.26340
         825         400     0.00688     1.05920     6.87885     6.24329
         825         425     0.00620     1.08593     6.91429     6.27567
         850          50     0.00946     1.06865     6.89027     6.25372
         850          75     0.00927     1.06646     6.88751     6.25120
         850         100     0.00825     1.05967     6.87940     6.24379
         850         125     0.00906     1.07774     6.90243     6.26483
         850         150     0.00867     1.06626     6.88725     6.25096
         850         175     0.00850     1.05924     6.87890     6.24333
         850         200     0.00897     1.05772     6.87720     6.24177
         850         225     0.00899     1.06282     6.88307     6.24714
         850         250     0.00835     1.05745     6.87689     6.24149
         850         275     0.00834     1.06404     6.88453     6.24848
         850         300     0.00929     1.06658     6.88766     6.25133
         850         325     0.00826     1.07061     6.89280     6.25603
         850         350     0.00710     1.07187     6.89445     6.25754
         850         375     0.00765     1.05838     6.87793     6.24244
         850         400     0.00679     1.06861     6.89022     6.25367
         850         425     0.00730     1.06829     6.88981     6.25330
         850         450     0.00760     1.07602     6.90004     6.26265
         875          50     0.00896     1.06012     6.87991     6.24425
         875          75     0.00913     1.06940     6.89122     6.25459
         875         100     0.00916     1.05679     6.87617     6.24083
         875         125     0.00846     1.06259     6.88279     6.24689
         875         150     0.00915     1.06112     6.88107     6.24532
         875         175     0.00899     1.05765     6.87711     6.24170
         875         200     0.00936     1.06323     6.88357     6.24759
         875         225     0.00896     1.05652     6.87586     6.24055
         875         250     0.00891     1.06469     6.88533     6.24921
         875         275     0.00762     1.05968     6.87940     6.24379
         875         300     0.00906     1.06427     6.88481     6.24873
         875         325     0.00779     1.07272     6.89558     6.25857
         875         350     0.00809     1.06292     6.88319     6.24725
         875         375     0.00803     1.05885     6.87845     6.24292
         875         400     0.00784     1.07151     6.89397     6.25710
         875         425     0.00735     1.08165     6.90799     6.26991
         875         450     0.00712     1.07192     6.89452     6.25760
         875         475     0.00696     1.07231     6.89503     6.25807
         900          50     0.00895     1.06557     6.88640     6.25019
         900          75     0.00884     1.06002     6.87979     6.24415
         900         100     0.00963     1.06064     6.88050     6.24480
         900         125     0.00939     1.06393     6.88440     6.24836
         900         150     0.00849     1.06175     6.88181     6.24599
         900         175     0.00923     1.05870     6.87829     6.24277
         900         200     0.00885     1.05529     6.87453     6.23934
         900         225     0.00844     1.05895     6.87857     6.24303
         900         250     0.00837     1.06125     6.88122     6.24545
         900         275     0.00759     1.06181     6.88187     6.24605
         900         300     0.00840     1.05605     6.87536     6.24009
         900         325     0.00870     1.05763     6.87709     6.24168
         900         350     0.00835     1.06430     6.88485     6.24877
         900         375     0.00721     1.06916     6.89092     6.25431
         900         400     0.00725     1.05614     6.87545     6.24018
         900         425     0.00749     1.06706     6.88825     6.25188
         900         450     0.00740     1.06938     6.89120     6.25457
         900         475     0.00656     1.06794     6.88936     6.25289
         900         500     0.00654     1.09051     6.92150     6.28209
         925          50     0.00914     1.06029     6.88011     6.24443
         925          75     0.00906     1.06996     6.89195     6.25526
         925         100     0.00882     1.06133     6.88132     6.24554
         925         125     0.00898     1.06702     6.88821     6.25184
         925         150     0.00883     1.06330     6.88364     6.24766
         925         175     0.00929     1.05564     6.87491     6.23968
         925         200     0.00877     1.06408     6.88458     6.24852
         925         225     0.00821     1.07009     6.89212     6.25541
         925         250     0.00804     1.05979     6.87953     6.24391
         925         275     0.00781     1.06474     6.88539     6.24926
         925         300     0.00771     1.06582     6.88671     6.25047
         925         325     0.00854     1.05900     6.87863     6.24308
         925         350     0.00875     1.06459     6.88521     6.24909
         925         375     0.00835     1.05721     6.87662     6.24125
         925         400     0.00789     1.06232     6.88248     6.24660
         925         425     0.00719     1.05720     6.87662     6.24124
         925         450     0.00780     1.06594     6.88686     6.25061
         925         475     0.00725     1.07562     6.89950     6.26215
         925         500     0.00723     1.07381     6.89704     6.25991
         925         525     0.00624     1.07794     6.90271     6.26508
         950          50     0.00896     1.07129     6.89369     6.25684
         950          75     0.00892     1.06491     6.88560     6.24945
         950         100     0.00949     1.06395     6.88443     6.24839
         950         125     0.01013     1.05574     6.87502     6.23978
         950         150     0.00907     1.06142     6.88141     6.24563
         950         175     0.00967     1.05665     6.87601     6.24069
         950         200     0.00960     1.05673     6.87610     6.24077
         950         225     0.00880     1.06432     6.88488     6.24879
         950         250     0.00921     1.05901     6.87864     6.24309
         950         275     0.00894     1.05810     6.87762     6.24216
         950         300     0.00877     1.06608     6.88704     6.25077
         950         325     0.00836     1.04981     6.86889     6.23418
         950         350     0.00906     1.06823     6.88973     6.25323
         950         375     0.00831     1.06057     6.88043     6.24473
         950         400     0.00811     1.06806     6.88951     6.25303
         950         425     0.00849     1.05671     6.87608     6.24075
         950         450     0.00815     1.05691     6.87630     6.24095
         950         475     0.00727     1.08724     6.91627     6.27748
         950         500     0.00704     1.06754     6.88886     6.25243
         950         525     0.00695     1.07813     6.90298     6.26533
         950         550     0.00745     1.07374     6.89694     6.25982
         975          50     0.00887     1.06506     6.88578     6.24961
         975          75     0.00941     1.06017     6.87997     6.24430
         975         100     0.00900     1.06179     6.88186     6.24603
         975         125     0.00885     1.05975     6.87948     6.24386
         975         150     0.00990     1.06155     6.88157     6.24577
         975         175     0.00920     1.06676     6.88788     6.25154
         975         200     0.00885     1.05969     6.87941     6.24380
         975         225     0.00872     1.05646     6.87580     6.24050
         975         250     0.00903     1.05938     6.87906     6.24348
         975         275     0.00922     1.06116     6.88111     6.24535
         975         300     0.00842     1.06505     6.88576     6.24960
         975         325     0.00936     1.06189     6.88197     6.24614
         975         350     0.00916     1.06300     6.88329     6.24734
         975         375     0.00846     1.06641     6.88745     6.25114
         975         400     0.00879     1.07153     6.89400     6.25713
         975         425     0.00897     1.05957     6.87928     6.24368
         975         450     0.00749     1.07785     6.90258     6.26497
         975         475     0.00741     1.06471     6.88535     6.24922
         975         500     0.00733     1.06235     6.88251     6.24663
         975         525     0.00758     1.06331     6.88365     6.24767
         975         550     0.00695     1.07373     6.89693     6.25981
         975         575     0.00707     1.09099     6.92236     6.28280
        1000          50     0.00956     1.07085     6.89311     6.25631
        1000         225     0.00880     1.06323     6.88356     6.24759
        1000         250     0.00979     1.05478     6.87399     6.23884
        1000         275     0.00870     1.06434     6.88491     6.24882
        1000         300     0.00854     1.05716     6.87657     6.24120
        1000         325     0.00889     1.06948     6.89134     6.25469
        1000         350     0.00895     1.06963     6.89153     6.25487
        1000         375     0.00857     1.06802     6.88947     6.25299
        1000         400     0.00891     1.05857     6.87814     6.24264
        1000         425     0.00833     1.06806     6.88952     6.25304
        1000         450     0.00851     1.07344     6.89654     6.25945
        1000         475     0.00826     1.06439     6.88496     6.24887
        1000         500     0.00874     1.06419     6.88472     6.24865
        1000         525     0.00775     1.05902     6.87866     6.24311
        1000         550     0.00747     1.07020     6.89226     6.25554
        1000         575     0.00716     1.06619     6.88717     6.25089
        1000         600     0.00686     1.06552     6.88634     6.25013
        1025          50     0.00913     1.06221     6.88234     6.24648
        1025          75     0.00924     1.06135     6.88134     6.24556
        1025         100     0.00935     1.06202     6.88212     6.24628
        1025         125     0.00905     1.06232     6.88247     6.24660
        1025         150     0.00888     1.06126     6.88124     6.24547
        1025         175     0.00901     1.06244     6.88262     6.24673
        1025         200     0.00898     1.06194     6.88202     6.24618
        1025         225     0.00862     1.06278     6.88302     6.24710
        1025         250     0.00932     1.05620     6.87552     6.24024
        1025         275     0.00930     1.05904     6.87868     6.24313
        1025         300     0.00836     1.06758     6.88891     6.25248
        1025         325     0.00898     1.06362     6.88403     6.24802
        1025         350     0.00812     1.05862     6.87820     6.24269
        1025         375     0.00799     1.05930     6.87897     6.24339
        1025         400     0.00850     1.06481     6.88548     6.24934
        1025         425     0.00832     1.06484     6.88551     6.24937
        1025         450     0.00810     1.07104     6.89335     6.25654
        1025         475     0.00808     1.06724     6.88849     6.25209
        1025         500     0.00810     1.07246     6.89523     6.25825
        1025         525     0.00758     1.06866     6.89029     6.25374
        1025         550     0.00785     1.07035     6.89246     6.25572
        1025         575     0.00738     1.06782     6.88922     6.25276
        1025         600     0.00718     1.08537     6.91346     6.27491
        1025         625     0.00680     1.06619     6.88718     6.25089
        1050          50     0.00911     1.07102     6.89333     6.25652
        1050          75     0.00921     1.06542     6.88622     6.25002
        1050         100     0.00913     1.06034     6.88016     6.24448
        1050         125     0.00966     1.06266     6.88288     6.24697
        1050         150     0.00909     1.06257     6.88278     6.24687
        1050         175     0.00920     1.06130     6.88128     6.24550
        1050         200     0.00950     1.06009     6.87987     6.24422
        1050         225     0.00892     1.05758     6.87703     6.24163
        1050         250     0.00911     1.05897     6.87859     6.24305
        1050         275     0.00880     1.06361     6.88401     6.24800
        1050         300     0.00863     1.05828     6.87782     6.24234
        1050         325     0.01007     1.06047     6.88031     6.24462
        1050         350     0.00829     1.06308     6.88338     6.24743
        1050         375     0.00880     1.05921     6.87887     6.24330
        1050         400     0.00934     1.06052     6.88037     6.24467
        1050         425     0.00813     1.06048     6.88032     6.24463
        1050         450     0.00844     1.06122     6.88118     6.24542
        1050         475     0.00845     1.06231     6.88247     6.24659
        1050         500     0.00848     1.07287     6.89578     6.25875
        1050         525     0.00808     1.05727     6.87669     6.24131
        1050         550     0.00730     1.06240     6.88257     6.24669
        1050         575     0.00780     1.06088     6.88079     6.24506
        1050         600     0.00689     1.07595     6.89994     6.26256
        1050         625     0.00633     1.07651     6.90072     6.26327
        1050         650     0.00743     1.07358     6.89673     6.25962
        1075          50     0.00927     1.06473     6.88538     6.24925
        1075          75     0.00970     1.06807     6.88954     6.25305
        1075         100     0.00960     1.05927     6.87893     6.24336
        1075         125     0.01002     1.06292     6.88319     6.24725
        1075         150     0.00902     1.06487     6.88554     6.24940
        1075         175     0.00942     1.06487     6.88555     6.24940
        1075         200     0.00931     1.06446     6.88505     6.24895
        1075         225     0.00861     1.06168     6.88172     6.24591
        1075         250     0.00906     1.06082     6.88072     6.24499
        1075         275     0.00895     1.05909     6.87873     6.24318
        1075         300     0.00856     1.06424     6.88477     6.24870
        1075         325     0.00916     1.06165     6.88169     6.24588
        1075         350     0.00925     1.05821     6.87774     6.24227
        1075         375     0.00882     1.06557     6.88640     6.25018
        1075         400     0.00812     1.05812     6.87764     6.24218
        1075         425     0.00898     1.06026     6.88007     6.24440
        1075         450     0.00862     1.06836     6.88990     6.25338
        1075         475     0.00883     1.06246     6.88265     6.24676
        1075         500     0.00755     1.06030     6.88012     6.24445
        1075         525     0.00755     1.06806     6.88952     6.25304
        1075         550     0.00834     1.07086     6.89313     6.25633
        1075         575     0.00773     1.05796     6.87746     6.24201
        1075         600     0.00743     1.07106     6.89338     6.25656
        1075         625     0.00780     1.07944     6.90483     6.26702
        1075         650     0.00677     1.07491     6.89853     6.26127
        1075         675     0.00661     1.07668     6.90095     6.26348
        1100          50     0.00867     1.06272     6.88295     6.24703
        1100          75     0.00944     1.06957     6.89145     6.25479
        1100         100     0.00917     1.06217     6.88230     6.24644
        1100         125     0.00907     1.06115     6.88110     6.24534
        1100         150     0.00909     1.06888     6.89056     6.25399
        1100         175     0.00916     1.06121     6.88117     6.24540
        1100         200     0.00945     1.06192     6.88201     6.24617
        1100         225     0.00898     1.05941     6.87909     6.24351
        1100         250     0.00900     1.06854     6.89013     6.25359
        1100         275     0.00941     1.06031     6.88013     6.24445
        1100         300     0.00808     1.06180     6.88186     6.24604
        1100         325     0.00858     1.05929     6.87896     6.24339
        1100         350     0.00950     1.06070     6.88058     6.24486
        1100         375     0.00896     1.06062     6.88048     6.24478
        1100         400     0.00956     1.05647     6.87582     6.24051
        1100         425     0.00887     1.06190     6.88198     6.24615
        1100         450     0.00898     1.06900     6.89071     6.25412
        1100         475     0.00810     1.05869     6.87828     6.24276
        1100         500     0.00845     1.05929     6.87896     6.24339
        1100         525     0.00792     1.05951     6.87921     6.24362
        1100         550     0.00813     1.06830     6.88982     6.25331
        1100         575     0.00734     1.07955     6.90497     6.26716
        1100         600     0.00805     1.06309     6.88339     6.24744
        1100         625     0.00731     1.06218     6.88231     6.24644
        1100         650     0.00790     1.05768     6.87715     6.24173
        1100         675     0.00687     1.07622     6.90032     6.26290
        1100         700     0.00702     1.06757     6.88890     6.25247
        1125          50     0.00961     1.06553     6.88636     6.25015
        1125          75     0.00869     1.06216     6.88229     6.24643
        1125         100     0.00917     1.06391     6.88438     6.24834
        1125         125     0.00945     1.06446     6.88504     6.24894
        1125         150     0.00913     1.06077     6.88065     6.24493
        1125         175     0.00963     1.06271     6.88294     6.24702
        1125         200     0.00955     1.06530     6.88607     6.24988
        1125         225     0.00895     1.06640     6.88743     6.25113
        1125         250     0.00957     1.06042     6.88025     6.24457
        1125         275     0.00892     1.06081     6.88070     6.24498
        1125         300     0.00958     1.06061     6.88047     6.24477
        1125         325     0.00846     1.06459     6.88520     6.24909
        1125         350     0.00859     1.05838     6.87792     6.24244
        1125         375     0.00981     1.06216     6.88229     6.24643
        1125         400     0.00935     1.06235     6.88252     6.24663
        1125         425     0.00938     1.05950     6.87919     6.24360
        1125         450     0.00904     1.05627     6.87560     6.24031
        1125         475     0.00907     1.05625     6.87557     6.24029
        1125         500     0.00816     1.06276     6.88300     6.24708
        1125         525     0.00879     1.06491     6.88559     6.24945
        1125         550     0.00741     1.05997     6.87974     6.24410
        1125         575     0.00795     1.06592     6.88684     6.25059
        1125         600     0.00794     1.06066     6.88054     6.24483
        1125         625     0.00775     1.06776     6.88914     6.25269
        1125         650     0.00751     1.06585     6.88675     6.25050
        1125         675     0.00720     1.06113     6.88108     6.24533
        1125         700     0.00686     1.06976     6.89169     6.25502
        1125         725     0.00677     1.07388     6.89712     6.25998
        1150          50     0.00852     1.06399     6.88447     6.24842
        1150          75     0.00975     1.06502     6.88573     6.24957
        1150         100     0.00837     1.06543     6.88624     6.25004
        1150         125     0.00906     1.06566     6.88652     6.25029
        1150         150     0.00888     1.07305     6.89602     6.25897
        1150         175     0.00929     1.06614     6.88711     6.25083
        1150         200     0.00871     1.06196     6.88205     6.24621
        1150         225     0.00876     1.06719     6.88842     6.25203
        1150         250     0.00967     1.06165     6.88169     6.24588
        1150         275     0.00958     1.06211     6.88223     6.24637
        1150         300     0.00931     1.05747     6.87692     6.24152
        1150         325     0.00880     1.06227     6.88241     6.24654
        1150         350     0.00990     1.06768     6.88904     6.25259
        1150         375     0.00948     1.06116     6.88111     6.24535
        1150         400     0.00943     1.05998     6.87975     6.24411
        1150         425     0.00949     1.05622     6.87554     6.24026
        1150         450     0.00926     1.06564     6.88649     6.25027
        1150         475     0.00932     1.05684     6.87622     6.24088
        1150         500     0.00859     1.05700     6.87639     6.24103
        1150         525     0.00861     1.06209     6.88221     6.24635
        1150         550     0.00853     1.07329     6.89634     6.25927
        1150         575     0.00845     1.05974     6.87947     6.24385
        1150         600     0.00798     1.05389     6.87304     6.23798
        1150         625     0.00852     1.05998     6.87975     6.24411
        1150         650     0.00818     1.07375     6.89696     6.25983
        1150         675     0.00747     1.07280     6.89569     6.25867
        1150         700     0.00785     1.06204     6.88215     6.24630
        1150         725     0.00637     1.09321     6.92630     6.28607
        1150         750     0.00686     1.07909     6.90432     6.26656
        1175          50     0.00938     1.06476     6.88542     6.24929
        1175          75     0.00880     1.06813     6.88961     6.25312
        1175         100     0.00942     1.07456     6.89805     6.26083
        1175         125     0.01065     1.06582     6.88671     6.25047
        1175         150     0.00950     1.06748     6.88878     6.25236
        1175         175     0.00970     1.07408     6.89740     6.26024
        1175         200     0.00917     1.06522     6.88598     6.24980
        1175         225     0.00983     1.06415     6.88467     6.24860
        1175         250     0.00887     1.06578     6.88666     6.25042
        1175         275     0.00939     1.06421     6.88475     6.24867
        1175         300     0.00922     1.05782     6.87730     6.24187
        1175         325     0.00905     1.06503     6.88574     6.24958
        1175         350     0.00919     1.05978     6.87952     6.24389
        1175         375     0.01013     1.06449     6.88508     6.24898
        1175         400     0.00904     1.06109     6.88103     6.24528
        1175         425     0.00946     1.05609     6.87540     6.24013
        1175         450     0.00913     1.05922     6.87888     6.24331
        1175         475     0.00901     1.05761     6.87707     6.24166
        1175         500     0.00855     1.06440     6.88497     6.24888
        1175         525     0.00814     1.06013     6.87992     6.24426
        1175         550     0.00891     1.05831     6.87785     6.24237
        1175         575     0.00856     1.06530     6.88607     6.24988
        1175         600     0.00855     1.06267     6.88289     6.24698
        1175         625     0.00784     1.06403     6.88452     6.24847
        1175         650     0.00795     1.06547     6.88628     6.25008
        1175         675     0.00758     1.06140     6.88140     6.24561
        1175         700     0.00808     1.07137     6.89380     6.25694
        1175         725     0.00795     1.07304     6.89601     6.25896
        1175         750     0.00690     1.06435     6.88491     6.24882
        1175         775     0.00664     1.08838     6.91799     6.27905
        1200          50     0.00992     1.07273     6.89559     6.25858
        1200          75     0.00880     1.07455     6.89803     6.26081
        1200         100     0.00894     1.06443     6.88501     6.24892
        1200         125     0.00871     1.06624     6.88723     6.25094
        1200         150     0.00979     1.06298     6.88326     6.24732
        1200         175     0.00942     1.06816     6.88965     6.25315
        1200         200     0.00939     1.06549     6.88631     6.25010
        1200         225     0.00894     1.06354     6.88394     6.24793
        1200         250     0.00911     1.06214     6.88227     6.24641
        1200         275     0.00933     1.06233     6.88249     6.24661
        1200         300     0.00904     1.06222     6.88236     6.24649
        1200         325     0.00934     1.06251     6.88270     6.24680
        1200         350     0.00984     1.06531     6.88608     6.24989
        1200         375     0.00944     1.05550     6.87476     6.23955
        1200         400     0.00814     1.06049     6.88033     6.24464
        1200         425     0.00930     1.06535     6.88613     6.24994
        1200         450     0.00926     1.06386     6.88432     6.24828
        1200         475     0.00842     1.06192     6.88201     6.24617
        1200         500     0.00895     1.05645     6.87578     6.24048
        1200         525     0.00850     1.05491     6.87413     6.23897
        1200         550     0.00935     1.05607     6.87537     6.24011
        1200         575     0.00807     1.05775     6.87722     6.24180
        1200         600     0.00916     1.06119     6.88115     6.24539
        1200         625     0.00806     1.06599     6.88692     6.25066
        1200         650     0.00860     1.06027     6.88008     6.24441
        1200         675     0.00744     1.07008     6.89211     6.25540
        1200         700     0.00748     1.06324     6.88357     6.24760
        1200         725     0.00647     1.08070     6.90662     6.26866
        1200         750     0.00754     1.07426     6.89764     6.26046
        1200         775     0.00762     1.06957     6.89144     6.25479
        1200         800     0.00681     1.07179     6.89435     6.25745
