         450          50     0.00726     1.22394     5.00815     4.70777
         475          50     0.00917     1.19158     4.93286     4.64484
         475          75     0.00812     1.21585     4.98811     4.69021
         500          50     0.00974     1.18592     4.92024     4.63448
         500          75     0.00892     1.18486     4.91789     4.63255
         500         100     0.00863     1.22994     5.02373     4.72194
         525          50     0.01006     1.15594     4.85626     4.58169
         525          75     0.00977     1.15376     4.85217     4.57818
         525         100     0.00874     1.18201     4.91159     4.62738
         525         125     0.00756     1.20471     4.96254     4.66922
         550          50     0.01224     1.14082     4.82838     4.55776
         550          75     0.01177     1.15397     4.85256     4.57852
         550         100     0.01034     1.15828     4.86066     4.58547
         550         125     0.00950     1.19721     4.94552     4.65524
         550         150     0.00815     1.21007     4.97481     4.67929
         575          50     0.01249     1.12659     4.80329     4.53622
         575          75     0.01208     1.13296     4.81437     4.54574
         575         100     0.01085     1.15246     4.84975     4.57610
         575         125     0.01126     1.14651     4.83874     4.56665
         575         150     0.00922     1.17143     4.88845     4.60838
         575         175     0.00816     1.23278     5.03113     4.72867
         600          50     0.01357     1.12648     4.80311     4.53607
         600          75     0.01244     1.11177     4.77857     4.51500
         600         100     0.01170     1.13286     4.81420     4.54558
         600         125     0.01124     1.15217     4.84920     4.57563
         600         150     0.01076     1.18489     4.91795     4.63260
         600         175     0.00949     1.18047     4.90820     4.62460
         600         200     0.00897     1.19454     4.93951     4.65030
         625          50     0.01471     1.10806     4.77262     4.50990
         625          75     0.01417     1.09994     4.76002     4.49908
         625         100     0.01258     1.15550     4.85542     4.58097
         625         125     0.01262     1.11859     4.78975     4.52460
         625         150     0.01137     1.16531     4.87530     4.59758
         625         175     0.01114     1.16197     4.86817     4.59173
         625         200     0.00968     1.17381     4.89362     4.61263
         625         225     0.00838     1.18787     4.92458     4.63804
         650          50     0.01448     1.10922     4.77446     4.51148
         650          75     0.01466     1.11666     4.78654     4.52185
         650         100     0.01327     1.11399     4.78216     4.51809
         650         125     0.01288     1.10660     4.77031     4.50792
         650         150     0.01187     1.14032     4.82748     4.55699
         650         175     0.01205     1.16800     4.88105     4.60231
         650         200     0.01045     1.16845     4.88203     4.60310
         650         225     0.00952     1.16549     4.87568     4.59789
         650         250     0.00849     1.19508     4.94073     4.65131
         675          50     0.01544     1.10202     4.76319     4.50181
         675          75     0.01447     1.10961     4.77509     4.51201
         675         100     0.01370     1.10966     4.77517     4.51208
         675         125     0.01368     1.11243     4.77963     4.51591
         675         150     0.01281     1.12487     4.80035     4.53370
         675         175     0.01171     1.12091     4.79363     4.52793
         675         200     0.01115     1.13986     4.82666     4.55628
         675         225     0.01135     1.17132     4.88823     4.60820
         675         250     0.00964     1.19153     4.93275     4.64476
         675         275     0.00853     1.20468     4.96248     4.66917
         700          50     0.01590     1.09002     4.74544     4.48657
         700          75     0.01522     1.10059     4.76101     4.49993
         700         100     0.01480     1.10201     4.76318     4.50179
         700         125     0.01397     1.12184     4.79521     4.52928
         700         150     0.01380     1.11625     4.78587     4.52127
         700         175     0.01334     1.10709     4.77109     4.50858
         700         200     0.01189     1.12134     4.79436     4.52856
         700         225     0.01203     1.14411     4.83436     4.56289
         700         250     0.01109     1.15667     4.85763     4.58287
         700         275     0.00896     1.21460     4.98522     4.68784
         700         300     0.00831     1.20850     4.97120     4.67632
         725          50     0.01610     1.09537     4.75319     4.49322
         725          75     0.01575     1.09628     4.75454     4.49438
         725         100     0.01545     1.09655     4.75495     4.49473
         725         125     0.01541     1.09696     4.75554     4.49524
         725         150     0.01413     1.10227     4.76359     4.50214
         725         175     0.01354     1.11356     4.78147     4.51749
         725         200     0.01304     1.12386     4.79863     4.53222
         725         225     0.01237     1.11769     4.78825     4.52331
         725         250     0.01253     1.15218     4.84923     4.57565
         725         275     0.01217     1.14965     4.84453     4.57162
         725         300     0.00914     1.16853     4.88220     4.60324
         725         325     0.00904     1.20776     4.96951     4.67494
         750          50     0.01630     1.08641     4.74164     4.48313
         750          75     0.01539     1.08118     4.73676     4.47863
         750         100     0.01515     1.09624     4.75448     4.49432
         750         125     0.01586     1.10087     4.76144     4.50030
         750         150     0.01537     1.09518     4.75292     4.49298
         750         175     0.01486     1.10549     4.76857     4.50642
         750         200     0.01431     1.12674     4.80356     4.53645
         750         225     0.01345     1.13256     4.81368     4.54515
         750         250     0.01223     1.13777     4.82291     4.55306
         750         275     0.01225     1.13155     4.81191     4.54362
         750         300     0.00999     1.14606     4.83793     4.56595
         750         325     0.00983     1.17240     4.89056     4.61011
         750         350     0.00860     1.22594     5.01335     4.71250
         775          50     0.01627     1.08364     4.73903     4.48072
         775          75     0.01611     1.08529     4.74058     4.48215
         775         100     0.01621     1.07839     4.73424     4.47631
         775         125     0.01632     1.08463     4.73996     4.48158
         775         150     0.01520     1.09791     4.75696     4.49645
         775         175     0.01471     1.09444     4.75183     4.49205
         775         200     0.01363     1.09951     4.75938     4.49853
         775         225     0.01439     1.09565     4.75361     4.49358
         775         250     0.01429     1.12088     4.79358     4.52789
         775         275     0.01246     1.12161     4.79481     4.52894
         775         300     0.01228     1.13379     4.81585     4.54700
         775         325     0.00986     1.14745     4.84048     4.56814
         775         350     0.00905     1.14413     4.83440     4.56292
         775         375     0.00922     1.16606     4.87690     4.59889
         800          50     0.01691     1.07986     4.73556     4.47752
         800          75     0.01627     1.07975     4.73547     4.47743
         800         100     0.01692     1.08852     4.74367     4.48500
         800         125     0.01607     1.09210     4.74842     4.48913
         800         150     0.01590     1.08391     4.73928     4.48095
         800         175     0.01503     1.10124     4.76201     4.50079
         800         200     0.01460     1.09178     4.74797     4.48874
         800         225     0.01484     1.10283     4.76444     4.50287
         800         250     0.01420     1.10552     4.76862     4.50646
         800         275     0.01341     1.11820     4.78910     4.52405
         800         300     0.01393     1.11662     4.78649     4.52180
         800         325     0.01266     1.15091     4.84686     4.57362
         800         350     0.01160     1.16979     4.88491     4.60547
         800         375     0.00970     1.18155     4.91057     4.62654
         800         400     0.00908     1.21823     4.99362     4.69473
         825          50     0.01660     1.07042     4.72740     4.47000
         825          75     0.01600     1.07432     4.73068     4.47302
         825         100     0.01515     1.08175     4.73728     4.47911
         825         125     0.01594     1.08964     4.74491     4.48611
         825         150     0.01652     1.07651     4.73258     4.47477
         825         175     0.01503     1.09858     4.75798     4.49733
         825         200     0.01509     1.11632     4.78598     4.52136
         825         225     0.01485     1.08181     4.73734     4.47916
         825         250     0.01446     1.10058     4.76099     4.49992
         825         275     0.01438     1.11742     4.78780     4.52293
         825         300     0.01331     1.11872     4.78996     4.52478
         825         325     0.01245     1.13054     4.81014     4.54210
         825         350     0.01237     1.12871     4.80696     4.53937
         825         375     0.01014     1.16910     4.88342     4.60425
         825         400     0.00965     1.17985     4.90684     4.62348
         825         425     0.00828     1.21091     4.97674     4.68088
         850          50     0.01757     1.08571     4.74097     4.48251
         850          75     0.01730     1.07331     4.72981     4.47222
         850         100     0.01592     1.08774     4.74291     4.48430
         850         125     0.01637     1.07519     4.73143     4.47371
         850         150     0.01578     1.08500     4.74031     4.48190
         850         175     0.01535     1.08376     4.73914     4.48082
         850         200     0.01602     1.08646     4.74169     4.48317
         850         225     0.01576     1.08623     4.74147     4.48297
         850         250     0.01434     1.09453     4.75195     4.49216
         850         275     0.01479     1.11171     4.77846     4.51491
         850         300     0.01550     1.10136     4.76219     4.50094
         850         325     0.01321     1.11625     4.78588     4.52128
         850         350     0.01243     1.15001     4.84520     4.57220
         850         375     0.01170     1.13555     4.81895     4.54967
         850         400     0.01039     1.13776     4.82289     4.55304
         850         425     0.00991     1.14431     4.83473     4.56321
         850         450     0.00955     1.20565     4.96469     4.67098
         875          50     0.01688     1.06542     4.72338     4.46629
         875          75     0.01729     1.07944     4.73519     4.47718
         875         100     0.01675     1.07684     4.73287     4.47504
         875         125     0.01680     1.07052     4.72748     4.47007
         875         150     0.01654     1.07107     4.72793     4.47049
         875         175     0.01660     1.08167     4.73721     4.47904
         875         200     0.01705     1.09423     4.75152     4.49179
         875         225     0.01611     1.09632     4.75460     4.49443
         875         250     0.01610     1.08988     4.74524     4.48640
         875         275     0.01442     1.10249     4.76391     4.50242
         875         300     0.01549     1.09116     4.74707     4.48797
         875         325     0.01363     1.11381     4.78187     4.51783
         875         350     0.01357     1.12792     4.80559     4.53820
         875         375     0.01267     1.14398     4.83413     4.56269
         875         400     0.01210     1.16328     4.87097     4.59402
         875         425     0.01050     1.17839     4.90363     4.62085
         875         450     0.00996     1.18019     4.90757     4.62408
         875         475     0.00824     1.21097     4.97687     4.68098
         900          50     0.01790     1.07660     4.73266     4.47484
         900          75     0.01641     1.07598     4.73212     4.47435
         900         100     0.01786     1.07294     4.72950     4.47194
         900         125     0.01688     1.07765     4.73359     4.47570
         900         150     0.01587     1.08798     4.74315     4.48452
         900         175     0.01713     1.08386     4.73923     4.48091
         900         200     0.01602     1.08649     4.74172     4.48320
         900         225     0.01630     1.08363     4.73902     4.48071
         900         250     0.01406     1.08492     4.74023     4.48183
         900         275     0.01444     1.08842     4.74357     4.48491
         900         300     0.01472     1.10578     4.76903     4.50681
         900         325     0.01435     1.10560     4.76875     4.50657
         900         350     0.01393     1.10179     4.76285     4.50151
         900         375     0.01330     1.11930     4.79094     4.52562
         900         400     0.01273     1.15749     4.85917     4.58419
         900         425     0.01126     1.14254     4.83151     4.56044
         900         450     0.01057     1.15655     4.85740     4.58266
         900         475     0.00951     1.16663     4.87813     4.59990
         900         500     0.00805     1.24977     5.07582     4.76929
         925          50     0.01822     1.06805     4.72547     4.46821
         925          75     0.01804     1.07125     4.72808     4.47063
         925         100     0.01684     1.07394     4.73036     4.47272
         925         125     0.01721     1.07761     4.73355     4.47567
         925         150     0.01635     1.06688     4.72453     4.46735
         925         175     0.01718     1.07281     4.72940     4.47184
         925         200     0.01615     1.07116     4.72801     4.47056
         925         225     0.01550     1.07717     4.73316     4.47531
         925         250     0.01608     1.07682     4.73285     4.47503
         925         275     0.01412     1.09812     4.75729     4.49673
         925         300     0.01458     1.08488     4.74020     4.48180
         925         325     0.01540     1.09489     4.75249     4.49262
         925         350     0.01486     1.09720     4.75591     4.49555
         925         375     0.01412     1.10740     4.77157     4.50900
         925         400     0.01324     1.13456     4.81720     4.54816
         925         425     0.01215     1.14521     4.83637     4.56462
         925         450     0.01210     1.14583     4.83749     4.56558
         925         475     0.01157     1.16712     4.87918     4.60077
         925         500     0.01010     1.17541     4.89712     4.61550
         925         525     0.00858     1.20393     4.96076     4.66775
         950          50     0.01754     1.07376     4.73020     4.47258
         950          75     0.01770     1.06972     4.72682     4.46946
         950         100     0.01707     1.07377     4.73021     4.47259
         950         125     0.01851     1.06498     4.72304     4.46598
         950         150     0.01688     1.07490     4.73118     4.47348
         950         175     0.01742     1.07824     4.73411     4.47618
         950         200     0.01777     1.07098     4.72786     4.47042
         950         225     0.01610     1.07088     4.72778     4.47034
         950         250     0.01782     1.07298     4.72954     4.47197
         950         275     0.01681     1.08777     4.74295     4.48433
         950         300     0.01633     1.08194     4.73746     4.47927
         950         325     0.01577     1.09776     4.75674     4.49627
         950         350     0.01545     1.09560     4.75353     4.49351
         950         375     0.01442     1.10109     4.76178     4.50059
         950         400     0.01435     1.11567     4.78492     4.52045
         950         425     0.01433     1.12470     4.80005     4.53344
         950         450     0.01280     1.11975     4.79169     4.52626
         950         475     0.01190     1.15084     4.84672     4.57350
         950         500     0.01056     1.16714     4.87922     4.60080
         950         525     0.00905     1.16423     4.87298     4.59568
         950         550     0.00893     1.23973     5.04935     4.74523
         975          50     0.01733     1.06834     4.72570     4.46843
         975          75     0.01807     1.07603     4.73216     4.47439
         975         100     0.01684     1.06680     4.72447     4.46729
         975         125     0.01647     1.06815     4.72555     4.46829
         975         150     0.01817     1.08322     4.73864     4.48037
         975         175     0.01788     1.08141     4.73697     4.47882
         975         200     0.01624     1.07444     4.73079     4.47312
         975         225     0.01674     1.07566     4.73184     4.47409
         975         250     0.01720     1.06974     4.72684     4.46948
         975         275     0.01663     1.08110     4.73669     4.47857
         975         300     0.01590     1.09738     4.75617     4.49578
         975         325     0.01684     1.07741     4.73337     4.47551
         975         350     0.01597     1.08429     4.73964     4.48128
         975         375     0.01478     1.09674     4.75522     4.49496
         975         400     0.01550     1.09356     4.75054     4.49094
         975         425     0.01430     1.11096     4.77725     4.51387
         975         450     0.01315     1.10931     4.77462     4.51161
         975         475     0.01194     1.12799     4.80570     4.53829
         975         500     0.01105     1.14845     4.84231     4.56972
         975         525     0.01111     1.19191     4.93361     4.64546
         975         550     0.00973     1.21368     4.98312     4.68611
         975         575     0.00899     1.24424     5.06120     4.75600
        1000          50     0.01839     1.06892     4.72617     4.46886
        1000         225     0.01710     1.07783     4.73374     4.47584
        1000         250     0.01737     1.06833     4.72570     4.46842
        1000         275     0.01654     1.07837     4.73423     4.47629
        1000         300     0.01632     1.07900     4.73479     4.47681
        1000         325     0.01698     1.09264     4.74921     4.48980
        1000         350     0.01566     1.08311     4.73853     4.48026
        1000         375     0.01529     1.09242     4.74888     4.48952
        1000         400     0.01459     1.09623     4.75446     4.49431
        1000         425     0.01478     1.09560     4.75353     4.49351
        1000         450     0.01539     1.11758     4.78807     4.52316
        1000         475     0.01393     1.13856     4.82433     4.55428
        1000         500     0.01385     1.12880     4.80711     4.53950
        1000         525     0.01233     1.12780     4.80538     4.53801
        1000         550     0.01101     1.16160     4.86739     4.59109
        1000         575     0.00999     1.16299     4.87035     4.59352
        1000         600     0.00803     1.25532     5.09056     4.78269
        1025          50     0.01770     1.06743     4.72497     4.46776
        1025          75     0.01780     1.06878     4.72606     4.46876
        1025         100     0.01736     1.07811     4.73399     4.47608
        1025         125     0.01753     1.06992     4.72698     4.46961
        1025         150     0.01714     1.07751     4.73346     4.47559
        1025         175     0.01722     1.07344     4.72993     4.47233
        1025         200     0.01684     1.06968     4.72679     4.46943
        1025         225     0.01707     1.07564     4.73182     4.47408
        1025         250     0.01669     1.06174     4.72058     4.46371
        1025         275     0.01769     1.07097     4.72786     4.47042
        1025         300     0.01655     1.08800     4.74316     4.48453
        1025         325     0.01621     1.07278     4.72937     4.47181
        1025         350     0.01608     1.08035     4.73601     4.47793
        1025         375     0.01625     1.08579     4.74106     4.48259
        1025         400     0.01546     1.09129     4.74726     4.48813
        1025         425     0.01444     1.09234     4.74877     4.48943
        1025         450     0.01392     1.09656     4.75496     4.49474
        1025         475     0.01380     1.08510     4.74040     4.48198
        1025         500     0.01370     1.11970     4.79161     4.52620
        1025         525     0.01244     1.15298     4.85071     4.57693
        1025         550     0.01189     1.12123     4.79418     4.52840
        1025         575     0.01157     1.16286     4.87007     4.59328
        1025         600     0.01004     1.15949     4.86296     4.58744
        1025         625     0.00844     1.23919     5.04792     4.74393
        1050          50     0.01783     1.06821     4.72560     4.46834
        1050          75     0.01752     1.06669     4.72438     4.46721
        1050         100     0.01831     1.06495     4.72302     4.46596
        1050         125     0.01765     1.07087     4.72777     4.47034
        1050         150     0.01772     1.06585     4.72372     4.46661
        1050         175     0.01717     1.07444     4.73078     4.47311
        1050         200     0.01773     1.07477     4.73107     4.47338
        1050         225     0.01687     1.07646     4.73253     4.47473
        1050         250     0.01711     1.07544     4.73165     4.47391
        1050         275     0.01642     1.08267     4.73813     4.47989
        1050         300     0.01652     1.06476     4.72287     4.46582
        1050         325     0.01751     1.07244     4.72908     4.47155
        1050         350     0.01607     1.08140     4.73696     4.47881
        1050         375     0.01654     1.07091     4.72780     4.47037
        1050         400     0.01671     1.07897     4.73476     4.47679
        1050         425     0.01510     1.08382     4.73920     4.48088
        1050         450     0.01561     1.09876     4.75824     4.49756
        1050         475     0.01472     1.09440     4.75177     4.49200
        1050         500     0.01446     1.10553     4.76864     4.50648
        1050         525     0.01360     1.11182     4.77864     4.51507
        1050         550     0.01244     1.12663     4.80336     4.53628
        1050         575     0.01209     1.16914     4.88351     4.60432
        1050         600     0.01051     1.16855     4.88225     4.60329
        1050         625     0.00914     1.19275     4.93548     4.64700
        1050         650     0.00872     1.22327     5.00642     4.70620
        1075          50     0.01803     1.06745     4.72499     4.46777
        1075          75     0.01857     1.07121     4.72805     4.47060
        1075         100     0.01786     1.06863     4.72593     4.46864
        1075         125     0.01812     1.07127     4.72810     4.47064
        1075         150     0.01773     1.07168     4.72845     4.47096
        1075         175     0.01847     1.07029     4.72729     4.46989
        1075         200     0.01775     1.06954     4.72668     4.46933
        1075         225     0.01715     1.06534     4.72332     4.46623
        1075         250     0.01747     1.06673     4.72441     4.46724
        1075         275     0.01682     1.07889     4.73469     4.47672
        1075         300     0.01616     1.08212     4.73762     4.47942
        1075         325     0.01712     1.07690     4.73292     4.47509
        1075         350     0.01775     1.06640     4.72415     4.46700
        1075         375     0.01696     1.07276     4.72935     4.47180
        1075         400     0.01612     1.08168     4.73722     4.47905
        1075         425     0.01709     1.08585     4.74111     4.48264
        1075         450     0.01567     1.08878     4.74392     4.48523
        1075         475     0.01550     1.09314     4.74993     4.49042
        1075         500     0.01474     1.09831     4.75757     4.49698
        1075         525     0.01375     1.11637     4.78607     4.52144
        1075         550     0.01361     1.12515     4.80082     4.53410
        1075         575     0.01282     1.13230     4.81322     4.54475
        1075         600     0.01209     1.16088     4.86586     4.58983
        1075         625     0.01078     1.18023     4.90766     4.62415
        1075         650     0.01014     1.19541     4.94146     4.65190
        1075         675     0.00844     1.21577     4.98793     4.69006
        1100          50     0.01720     1.06540     4.72336     4.46628
        1100          75     0.01804     1.06853     4.72586     4.46857
        1100         100     0.01797     1.06652     4.72425     4.46709
        1100         125     0.01754     1.06780     4.72527     4.46803
        1100         150     0.01804     1.06882     4.72609     4.46879
        1100         175     0.01732     1.07066     4.72759     4.47017
        1100         200     0.01857     1.06872     4.72601     4.46872
        1100         225     0.01721     1.06620     4.72400     4.46686
        1100         250     0.01724     1.07349     4.72997     4.47236
        1100         275     0.01801     1.07341     4.72990     4.47230
        1100         300     0.01673     1.07365     4.73011     4.47249
        1100         325     0.01568     1.07910     4.73487     4.47689
        1100         350     0.01729     1.07344     4.72993     4.47233
        1100         375     0.01643     1.08690     4.74211     4.48356
        1100         400     0.01743     1.08102     4.73661     4.47849
        1100         425     0.01618     1.08507     4.74037     4.48196
        1100         450     0.01649     1.08600     4.74125     4.48277
        1100         475     0.01545     1.06952     4.72666     4.46931
        1100         500     0.01522     1.09607     4.75423     4.49411
        1100         525     0.01433     1.08459     4.73993     4.48155
        1100         550     0.01408     1.11301     4.78057     4.51672
        1100         575     0.01304     1.11117     4.77760     4.51417
        1100         600     0.01290     1.10851     4.77334     4.51051
        1100         625     0.01266     1.14044     4.82771     4.55718
        1100         650     0.01111     1.13384     4.81593     4.54707
        1100         675     0.00962     1.19463     4.93972     4.65048
        1100         700     0.00838     1.22090     5.00029     4.70063
        1125          50     0.01881     1.06816     4.72556     4.46830
        1125          75     0.01639     1.07360     4.73007     4.47246
        1125         100     0.01742     1.07414     4.73053     4.47288
        1125         125     0.01826     1.07289     4.72946     4.47190
        1125         150     0.01852     1.06949     4.72663     4.46929
        1125         175     0.01847     1.06358     4.72196     4.46498
        1125         200     0.01824     1.07107     4.72793     4.47049
        1125         225     0.01739     1.07255     4.72917     4.47163
        1125         250     0.01768     1.06749     4.72502     4.46780
        1125         275     0.01641     1.07021     4.72722     4.46983
        1125         300     0.01756     1.06877     4.72605     4.46875
        1125         325     0.01641     1.06599     4.72383     4.46670
        1125         350     0.01651     1.07183     4.72857     4.47108
        1125         375     0.01773     1.07424     4.73061     4.47296
        1125         400     0.01747     1.07296     4.72952     4.47195
        1125         425     0.01734     1.07101     4.72788     4.47044
        1125         450     0.01592     1.07562     4.73181     4.47406
        1125         475     0.01702     1.08948     4.74468     4.48591
        1125         500     0.01439     1.07601     4.73214     4.47437
        1125         525     0.01530     1.09661     4.75503     4.49480
        1125         550     0.01342     1.07980     4.73551     4.47747
        1125         575     0.01394     1.10219     4.76346     4.50203
        1125         600     0.01331     1.12316     4.79743     4.53119
        1125         625     0.01234     1.15199     4.84887     4.57535
        1125         650     0.01109     1.18006     4.90730     4.62385
        1125         675     0.01125     1.17807     4.90293     4.62027
        1125         700     0.00961     1.20411     4.96118     4.66809
        1125         725     0.00876     1.23332     5.03255     4.72995
        1150          50     0.01751     1.06851     4.72584     4.46855
        1150          75     0.01786     1.07689     4.73291     4.47508
        1150         100     0.01643     1.07141     4.72822     4.47075
        1150         125     0.01774     1.07333     4.72983     4.47224
        1150         150     0.01714     1.07263     4.72924     4.47169
        1150         175     0.01783     1.07079     4.72771     4.47028
        1150         200     0.01702     1.07116     4.72801     4.47056
        1150         225     0.01690     1.06704     4.72466     4.46747
        1150         250     0.01782     1.07218     4.72887     4.47135
        1150         275     0.01875     1.07127     4.72811     4.47065
        1150         300     0.01787     1.07364     4.73010     4.47249
        1150         325     0.01711     1.07534     4.73156     4.47384
        1150         350     0.01825     1.07468     4.73099     4.47331
        1150         375     0.01714     1.07382     4.73025     4.47263
        1150         400     0.01767     1.07167     4.72844     4.47095
        1150         425     0.01720     1.07539     4.73160     4.47387
        1150         450     0.01715     1.07986     4.73556     4.47752
        1150         475     0.01664     1.06724     4.72482     4.46761
        1150         500     0.01538     1.07089     4.72778     4.47035
        1150         525     0.01601     1.09145     4.74749     4.48832
        1150         550     0.01535     1.08735     4.74254     4.48396
        1150         575     0.01494     1.10360     4.76563     4.50389
        1150         600     0.01382     1.09764     4.75656     4.49611
        1150         625     0.01465     1.11717     4.78738     4.52257
        1150         650     0.01280     1.12350     4.79801     4.53169
        1150         675     0.01153     1.16038     4.86482     4.58897
        1150         700     0.01130     1.16980     4.88494     4.60550
        1150         725     0.00986     1.21272     4.98089     4.68428
        1150         750     0.00873     1.20712     4.96804     4.67373
        1175          50     0.01723     1.06427     4.72249     4.46547
        1175          75     0.01770     1.07308     4.72962     4.47205
        1175         100     0.01837     1.07015     4.72717     4.46979
        1175         125     0.01929     1.06987     4.72695     4.46958
        1175         150     0.01834     1.07376     4.73020     4.47258
        1175         175     0.01796     1.07318     4.72971     4.47213
        1175         200     0.01734     1.07019     4.72721     4.46982
        1175         225     0.01824     1.06998     4.72704     4.46966
        1175         250     0.01722     1.07078     4.72769     4.47027
        1175         275     0.01741     1.07417     4.73055     4.47290
        1175         300     0.01809     1.06640     4.72415     4.46700
        1175         325     0.01734     1.07200     4.72871     4.47121
        1175         350     0.01802     1.06700     4.72462     4.46744
        1175         375     0.01755     1.08071     4.73633     4.47824
        1175         400     0.01732     1.06971     4.72681     4.46945
        1175         425     0.01742     1.07468     4.73099     4.47331
        1175         450     0.01638     1.07418     4.73056     4.47291
        1175         475     0.01697     1.07230     4.72897     4.47144
        1175         500     0.01612     1.07513     4.73138     4.47367
        1175         525     0.01529     1.07391     4.73033     4.47269
        1175         550     0.01635     1.09355     4.75053     4.49094
        1175         575     0.01478     1.09382     4.75092     4.49127
        1175         600     0.01562     1.10355     4.76556     4.50384
        1175         625     0.01401     1.10829     4.77299     4.51021
        1175         650     0.01249     1.10203     4.76321     4.50182
        1175         675     0.01243     1.13742     4.82229     4.55254
        1175         700     0.01245     1.15207     4.84902     4.57547
        1175         725     0.01098     1.17523     4.89672     4.61517
        1175         750     0.00980     1.21076     4.97640     4.68059
        1175         775     0.00778     1.27145     5.13367     4.82188
        1200          50     0.01904     1.07054     4.72749     4.47008
        1200          75     0.01740     1.07352     4.73000     4.47239
        1200         100     0.01757     1.07145     4.72825     4.47078
        1200         125     0.01735     1.07058     4.72753     4.47011
        1200         150     0.01816     1.06599     4.72383     4.46670
        1200         175     0.01816     1.07205     4.72876     4.47125
        1200         200     0.01860     1.06729     4.72486     4.46765
        1200         225     0.01725     1.07233     4.72899     4.47146
        1200         250     0.01693     1.07070     4.72763     4.47021
        1200         275     0.01846     1.07074     4.72766     4.47024
        1200         300     0.01709     1.07182     4.72856     4.47107
        1200         325     0.01821     1.06700     4.72462     4.46744
        1200         350     0.01799     1.06596     4.72381     4.46668
        1200         375     0.01724     1.06772     4.72520     4.46797
        1200         400     0.01722     1.07128     4.72811     4.47065
        1200         425     0.01736     1.07967     4.73539     4.47736
        1200         450     0.01718     1.06491     4.72299     4.46593
        1200         475     0.01626     1.07265     4.72926     4.47171
        1200         500     0.01665     1.07652     4.73259     4.47478
        1200         525     0.01610     1.08040     4.73605     4.47797
        1200         550     0.01548     1.08763     4.74282     4.48421
        1200         575     0.01583     1.08215     4.73765     4.47945
        1200         600     0.01512     1.09125     4.74721     4.48808
        1200         625     0.01526     1.10822     4.77288     4.51012
        1200         650     0.01417     1.09765     4.75658     4.49613
        1200         675     0.01287     1.11506     4.78392     4.51959
        1200         700     0.01244     1.14850     4.84239     4.56979
        1200         725     0.01094     1.17725     4.90114     4.61880
        1200         750     0.01117     1.17211     4.88993     4.60959
        1200         775     0.00990     1.22106     5.00071     4.70101
        1200         800     0.00909     1.23602     5.03961     4.73638
