         450          50     0.00343     1.21402     5.49732     3.98979
         475          50     0.00424     1.20294     5.46567     3.96882
         475          75     0.00314     1.25392     5.63465     4.07186
         500          50     0.00593     1.18353     5.41137     3.93282
         500          75     0.00485     1.24986     5.62018     4.06332
         500         100     0.00366     1.24503     5.60301     4.05319
         525          50     0.00607     1.16055     5.34929     3.89168
         525          75     0.00584     1.20185     5.46257     3.96676
         525         100     0.00534     1.18693     5.42075     3.93904
         525         125     0.00375     1.22836     5.54424     4.01853
         550          50     0.00764     1.14610     5.31737     3.87022
         550          75     0.00723     1.18759     5.42259     3.94026
         550         100     0.00619     1.15822     5.34375     3.88797
         550         125     0.00559     1.16607     5.36395     3.90139
         550         150     0.00427     1.21320     5.49496     3.98823
         575          50     0.00785     1.12363     5.27088     3.83894
         575          75     0.00760     1.15657     5.34011     3.88552
         575         100     0.00740     1.13192     5.28762     3.85020
         575         125     0.00684     1.15898     5.34543     3.88911
         575         150     0.00547     1.16993     5.37429     3.90825
         575         175     0.00476     1.21457     5.49890     3.99084
         600          50     0.00929     1.12984     5.28338     3.84734
         600          75     0.00858     1.13131     5.28638     3.84937
         600         100     0.00815     1.13554     5.29511     3.85524
         600         125     0.00792     1.16867     5.37091     3.90601
         600         150     0.00687     1.15261     5.33143     3.87968
         600         175     0.00663     1.15457     5.33572     3.88257
         600         200     0.00502     1.15040     5.32664     3.87646
         625          50     0.01041     1.10204     5.22996     3.81140
         625          75     0.01001     1.12517     5.27396     3.84100
         625         100     0.00921     1.13654     5.29717     3.85663
         625         125     0.00898     1.11876     5.26130     3.83249
         625         150     0.00763     1.15806     5.34339     3.88773
         625         175     0.00777     1.13585     5.29575     3.85567
         625         200     0.00632     1.17811     5.39649     3.92296
         625         225     0.00518     1.20504     5.47164     3.97278
         650          50     0.01110     1.10993     5.24444     3.82114
         650          75     0.01102     1.11321     5.25063     3.82530
         650         100     0.01005     1.12561     5.27485     3.84160
         650         125     0.01028     1.10996     5.24449     3.82117
         650         150     0.00868     1.11522     5.25446     3.82788
         650         175     0.00863     1.13542     5.29485     3.85507
         650         200     0.00729     1.15281     5.33187     3.87998
         650         225     0.00650     1.14736     5.32008     3.87204
         650         250     0.00484     1.15692     5.34087     3.88604
         675          50     0.01197     1.10226     5.23036     3.81166
         675          75     0.01165     1.10441     5.23425     3.81429
         675         100     0.01080     1.11382     5.25178     3.82608
         675         125     0.01059     1.12476     5.27314     3.84046
         675         150     0.01026     1.12049     5.26470     3.83477
         675         175     0.00851     1.13674     5.29760     3.85691
         675         200     0.00854     1.14271     5.31015     3.86536
         675         225     0.00821     1.15259     5.33139     3.87966
         675         250     0.00662     1.18502     5.41547     3.93555
         675         275     0.00538     1.18242     5.40829     3.93079
         700          50     0.01286     1.11370     5.25154     3.82592
         700          75     0.01209     1.08583     5.20271     3.79446
         700         100     0.01183     1.10098     5.22807     3.81012
         700         125     0.01134     1.11624     5.25641     3.82920
         700         150     0.01090     1.11739     5.25865     3.83070
         700         175     0.01031     1.11585     5.25567     3.82870
         700         200     0.00903     1.11860     5.26100     3.83228
         700         225     0.00916     1.10667     5.23838     3.81706
         700         250     0.00818     1.13881     5.30192     3.85982
         700         275     0.00642     1.21810     5.50906     3.99758
         700         300     0.00591     1.18359     5.41152     3.93292
         725          50     0.01340     1.09623     5.21971     3.80450
         725          75     0.01273     1.09255     5.21342     3.80027
         725         100     0.01289     1.10880     5.24232     3.81971
         725         125     0.01268     1.10392     5.23336     3.81368
         725         150     0.01136     1.09713     5.22128     3.80556
         725         175     0.01123     1.13707     5.29828     3.85737
         725         200     0.01036     1.12151     5.26669     3.83611
         725         225     0.01005     1.10911     5.24290     3.82010
         725         250     0.00991     1.10762     5.24013     3.81824
         725         275     0.00892     1.12629     5.27622     3.84252
         725         300     0.00700     1.14503     5.31509     3.86869
         725         325     0.00620     1.17428     5.38605     3.91604
         750          50     0.01415     1.09117     5.21109     3.79870
         750          75     0.01327     1.08431     5.20044     3.79353
         750         100     0.01188     1.10565     5.23652     3.81581
         750         125     0.01304     1.09060     5.21015     3.79806
         750         150     0.01289     1.09614     5.21956     3.80440
         750         175     0.01232     1.08960     5.20848     3.79694
         750         200     0.01134     1.11010     5.24474     3.82135
         750         225     0.01106     1.09475     5.21716     3.80278
         750         250     0.01013     1.10933     5.24331     3.82038
         750         275     0.00913     1.12402     5.27166     3.83946
         750         300     0.00800     1.14241     5.30950     3.86492
         750         325     0.00667     1.16955     5.37328     3.90758
         750         350     0.00591     1.17834     5.39711     3.92337
         775          50     0.01369     1.08280     5.19822     3.79263
         775          75     0.01329     1.08811     5.20617     3.79587
         775         100     0.01342     1.09430     5.21640     3.80227
         775         125     0.01369     1.08458     5.20085     3.79370
         775         150     0.01317     1.08849     5.20675     3.79610
         775         175     0.01244     1.09356     5.21513     3.80142
         775         200     0.01133     1.10060     5.22739     3.80966
         775         225     0.01190     1.09783     5.22251     3.80638
         775         250     0.01114     1.10922     5.24310     3.82024
         775         275     0.01046     1.11127     5.24694     3.82282
         775         300     0.00922     1.11511     5.25424     3.82774
         775         325     0.00754     1.15049     5.32684     3.87659
         775         350     0.00715     1.14481     5.31461     3.86836
         775         375     0.00633     1.19740     5.45001     3.95844
         800          50     0.01430     1.08579     5.20265     3.79443
         800          75     0.01404     1.09873     5.22408     3.80744
         800         100     0.01432     1.09132     5.21136     3.79888
         800         125     0.01401     1.08411     5.20015     3.79341
         800         150     0.01358     1.08803     5.20604     3.79581
         800         175     0.01263     1.08193     5.19695     3.79211
         800         200     0.01245     1.08969     5.20862     3.79704
         800         225     0.01250     1.11343     5.25104     3.82558
         800         250     0.01173     1.11203     5.24838     3.82379
         800         275     0.01154     1.10875     5.24223     3.81965
         800         300     0.01083     1.11028     5.24509     3.82158
         800         325     0.01001     1.13172     5.28722     3.84993
         800         350     0.00922     1.12890     5.28148     3.84607
         800         375     0.00722     1.18908     5.42672     3.94300
         800         400     0.00619     1.17977     5.40101     3.92596
         825          50     0.01412     1.08459     5.20086     3.79370
         825          75     0.01387     1.08022     5.19448     3.79110
         825         100     0.01333     1.09654     5.22025     3.80486
         825         125     0.01335     1.08206     5.19714     3.79219
         825         150     0.01423     1.08499     5.20145     3.79394
         825         175     0.01302     1.08605     5.20305     3.79460
         825         200     0.01279     1.09990     5.22614     3.80883
         825         225     0.01247     1.09354     5.21510     3.80139
         825         250     0.01229     1.09677     5.22066     3.80514
         825         275     0.01247     1.09610     5.21950     3.80436
         825         300     0.01120     1.11500     5.25403     3.82759
         825         325     0.00984     1.11440     5.25288     3.82682
         825         350     0.01035     1.12656     5.27675     3.84289
         825         375     0.00839     1.17827     5.39692     3.92325
         825         400     0.00743     1.15283     5.33192     3.88001
         825         425     0.00568     1.19857     5.45331     3.96062
         850          50     0.01530     1.08415     5.20021     3.79344
         850          75     0.01477     1.07859     5.19216     3.79016
         850         100     0.01362     1.08427     5.20039     3.79351
         850         125     0.01440     1.07236     5.18361     3.78667
         850         150     0.01428     1.09210     5.21266     3.79975
         850         175     0.01310     1.08265     5.19800     3.79254
         850         200     0.01383     1.08220     5.19734     3.79227
         850         225     0.01324     1.08936     5.20809     3.79668
         850         250     0.01236     1.09173     5.21205     3.79934
         850         275     0.01299     1.11400     5.25213     3.82632
         850         300     0.01306     1.10280     5.23133     3.81232
         850         325     0.01089     1.09440     5.21657     3.80238
         850         350     0.01011     1.11375     5.25165     3.82599
         850         375     0.00969     1.13573     5.29550     3.85550
         850         400     0.00858     1.11049     5.24549     3.82185
         850         425     0.00715     1.15659     5.34015     3.88555
         850         450     0.00644     1.15387     5.33419     3.88154
         875          50     0.01529     1.07707     5.19003     3.78929
         875          75     0.01482     1.08535     5.20199     3.79416
         875         100     0.01466     1.08467     5.20098     3.79375
         875         125     0.01456     1.07191     5.18301     3.78643
         875         150     0.01449     1.07611     5.18869     3.78874
         875         175     0.01453     1.08125     5.19597     3.79171
         875         200     0.01480     1.08971     5.20866     3.79706
         875         225     0.01398     1.09451     5.21676     3.80251
         875         250     0.01446     1.09469     5.21707     3.80272
         875         275     0.01267     1.08109     5.19574     3.79161
         875         300     0.01298     1.10071     5.22759     3.80980
         875         325     0.01180     1.10207     5.23001     3.81143
         875         350     0.01160     1.10225     5.23035     3.81166
         875         375     0.01078     1.10723     5.23941     3.81775
         875         400     0.00982     1.12144     5.26656     3.83603
         875         425     0.00859     1.12546     5.27454     3.84140
         875         450     0.00799     1.12005     5.26382     3.83419
         875         475     0.00575     1.18050     5.40301     3.92729
         900          50     0.01557     1.08222     5.19736     3.79228
         900          75     0.01485     1.07710     5.19007     3.78930
         900         100     0.01598     1.06763     5.17747     3.78417
         900         125     0.01501     1.09331     5.21471     3.80113
         900         150     0.01416     1.08365     5.19947     3.79314
         900         175     0.01512     1.07913     5.19292     3.79047
         900         200     0.01416     1.08323     5.19885     3.79288
         900         225     0.01419     1.07681     5.18966     3.78914
         900         250     0.01249     1.08305     5.19859     3.79278
         900         275     0.01260     1.08729     5.20491     3.79535
         900         300     0.01267     1.10374     5.23303     3.81346
         900         325     0.01203     1.09755     5.22201     3.80605
         900         350     0.01182     1.10196     5.22982     3.81130
         900         375     0.01158     1.08678     5.20414     3.79504
         900         400     0.01051     1.10102     5.22815     3.81017
         900         425     0.00977     1.12418     5.27198     3.83968
         900         450     0.00857     1.13997     5.30436     3.86147
         900         475     0.00743     1.15410     5.33469     3.88188
         900         500     0.00610     1.15495     5.33655     3.88313
         925          50     0.01625     1.07754     5.19068     3.78955
         925          75     0.01615     1.07437     5.18632     3.78777
         925         100     0.01449     1.08062     5.19505     3.79133
         925         125     0.01509     1.08787     5.20580     3.79572
         925         150     0.01471     1.08057     5.19498     3.79131
         925         175     0.01501     1.07425     5.18615     3.78770
         925         200     0.01422     1.07165     5.18267     3.78629
         925         225     0.01379     1.08433     5.20048     3.79355
         925         250     0.01405     1.08705     5.20455     3.79521
         925         275     0.01247     1.07973     5.19378     3.79082
         925         300     0.01293     1.08975     5.20873     3.79711
         925         325     0.01352     1.09631     5.21986     3.80460
         925         350     0.01290     1.09254     5.21340     3.80025
         925         375     0.01237     1.10059     5.22738     3.80966
         925         400     0.01169     1.12481     5.27325     3.84053
         925         425     0.01068     1.09195     5.21241     3.79958
         925         450     0.01012     1.12107     5.26583     3.83553
         925         475     0.00920     1.12212     5.26790     3.83693
         925         500     0.00785     1.13908     5.30248     3.86020
         925         525     0.00632     1.16627     5.36448     3.90175
         950          50     0.01585     1.07633     5.18900     3.78887
         950          75     0.01573     1.07974     5.19380     3.79082
         950         100     0.01496     1.07420     5.18608     3.78768
         950         125     0.01677     1.06595     5.17536     3.78331
         950         150     0.01511     1.07456     5.18657     3.78788
         950         175     0.01571     1.07226     5.18348     3.78661
         950         200     0.01577     1.07159     5.18258     3.78625
         950         225     0.01435     1.08272     5.19810     3.79258
         950         250     0.01627     1.07845     5.19196     3.79007
         950         275     0.01416     1.08341     5.19911     3.79299
         950         300     0.01400     1.07947     5.19341     3.79067
         950         325     0.01351     1.09114     5.21105     3.79867
         950         350     0.01385     1.08952     5.20835     3.79685
         950         375     0.01297     1.09422     5.21627     3.80218
         950         400     0.01293     1.09941     5.22529     3.80825
         950         425     0.01202     1.10205     5.22999     3.81141
         950         450     0.01105     1.09834     5.22340     3.80698
         950         475     0.01042     1.10994     5.24446     3.82115
         950         500     0.00910     1.11234     5.24897     3.82419
         950         525     0.00740     1.16199     5.35311     3.89421
         950         550     0.00649     1.17472     5.38724     3.91683
         975          50     0.01549     1.07497     5.18713     3.78810
         975          75     0.01570     1.07894     5.19266     3.79036
         975         100     0.01537     1.06846     5.17852     3.78459
         975         125     0.01485     1.07390     5.18568     3.78751
         975         150     0.01616     1.07213     5.18331     3.78655
         975         175     0.01575     1.08584     5.20273     3.79446
         975         200     0.01463     1.07274     5.18411     3.78687
         975         225     0.01461     1.07877     5.19241     3.79026
         975         250     0.01505     1.07280     5.18419     3.78691
         975         275     0.01482     1.08643     5.20361     3.79483
         975         300     0.01403     1.08211     5.19720     3.79221
         975         325     0.01491     1.07103     5.18185     3.78595
         975         350     0.01413     1.08591     5.20283     3.79451
         975         375     0.01335     1.08269     5.19806     3.79256
         975         400     0.01411     1.09067     5.21026     3.79814
         975         425     0.01333     1.09635     5.21994     3.80465
         975         450     0.01119     1.10289     5.23149     3.81243
         975         475     0.01062     1.08878     5.20718     3.79628
         975         500     0.00964     1.11919     5.26215     3.83306
         975         525     0.00916     1.11128     5.24697     3.82284
         975         550     0.00761     1.15665     5.34028     3.88564
         975         575     0.00645     1.16053     5.34926     3.89166
        1000          50     0.01690     1.08002     5.19419     3.79098
        1000         225     0.01592     1.08447     5.20069     3.79363
        1000         250     0.01523     1.06854     5.17863     3.78464
        1000         275     0.01537     1.07581     5.18828     3.78857
        1000         300     0.01522     1.07610     5.18868     3.78874
        1000         325     0.01549     1.09473     5.21713     3.80276
        1000         350     0.01371     1.07456     5.18658     3.78788
        1000         375     0.01375     1.07526     5.18753     3.78827
        1000         400     0.01294     1.09363     5.21525     3.80150
        1000         425     0.01291     1.09394     5.21578     3.80185
        1000         450     0.01294     1.10372     5.23299     3.81344
        1000         475     0.01279     1.10377     5.23308     3.81349
        1000         500     0.01183     1.11677     5.25745     3.82990
        1000         525     0.01069     1.10851     5.24178     3.81935
        1000         550     0.00924     1.12355     5.27074     3.83884
        1000         575     0.00817     1.15255     5.33131     3.87960
        1000         600     0.00598     1.18301     5.40991     3.93186
        1025          50     0.01575     1.06602     5.17545     3.78334
        1025          75     0.01650     1.07295     5.18440     3.78699
        1025         100     0.01581     1.07828     5.19173     3.78998
        1025         125     0.01609     1.07188     5.18298     3.78641
        1025         150     0.01575     1.07367     5.18537     3.78739
        1025         175     0.01561     1.07774     5.19096     3.78967
        1025         200     0.01532     1.07353     5.18518     3.78731
        1025         225     0.01557     1.06989     5.18036     3.78534
        1025         250     0.01521     1.06814     5.17811     3.78443
        1025         275     0.01625     1.06936     5.17968     3.78507
        1025         300     0.01482     1.08137     5.19614     3.79178
        1025         325     0.01495     1.08064     5.19508     3.79135
        1025         350     0.01430     1.06899     5.17920     3.78487
        1025         375     0.01453     1.08404     5.20004     3.79337
        1025         400     0.01440     1.08709     5.20461     3.79523
        1025         425     0.01306     1.09546     5.21840     3.80361
        1025         450     0.01245     1.08949     5.20830     3.79682
        1025         475     0.01192     1.10196     5.22983     3.81131
        1025         500     0.01209     1.10904     5.24276     3.82001
        1025         525     0.01062     1.12158     5.26684     3.83621
        1025         550     0.01003     1.11138     5.24716     3.82297
        1025         575     0.00955     1.12740     5.27845     3.84403
        1025         600     0.00819     1.13863     5.30155     3.85958
        1025         625     0.00653     1.16066     5.34959     3.89188
        1050          50     0.01658     1.07976     5.19383     3.79084
        1050          75     0.01617     1.06875     5.17890     3.78475
        1050         100     0.01691     1.07386     5.18563     3.78749
        1050         125     0.01601     1.06939     5.17972     3.78508
        1050         150     0.01610     1.07186     5.18294     3.78640
        1050         175     0.01561     1.06686     5.17649     3.78377
        1050         200     0.01613     1.07414     5.18600     3.78765
        1050         225     0.01514     1.07533     5.18762     3.78830
        1050         250     0.01569     1.07418     5.18606     3.78767
        1050         275     0.01488     1.08453     5.20077     3.79367
        1050         300     0.01486     1.07874     5.19238     3.79024
        1050         325     0.01579     1.06842     5.17847     3.78457
        1050         350     0.01466     1.07755     5.19070     3.78956
        1050         375     0.01505     1.07240     5.18367     3.78669
        1050         400     0.01489     1.07549     5.18784     3.78839
        1050         425     0.01329     1.07905     5.19282     3.79042
        1050         450     0.01377     1.08668     5.20400     3.79498
        1050         475     0.01239     1.08136     5.19612     3.79177
        1050         500     0.01268     1.11768     5.25920     3.83107
        1050         525     0.01200     1.08945     5.20823     3.79677
        1050         550     0.01070     1.10030     5.22686     3.80931
        1050         575     0.01023     1.10502     5.23535     3.81502
        1050         600     0.00869     1.15064     5.32716     3.87681
        1050         625     0.00776     1.16205     5.35326     3.89431
        1050         650     0.00621     1.17238     5.38089     3.91262
        1075          50     0.01617     1.07704     5.18998     3.78927
        1075          75     0.01714     1.07778     5.19102     3.78969
        1075         100     0.01657     1.06980     5.18025     3.78530
        1075         125     0.01657     1.07760     5.19077     3.78959
        1075         150     0.01643     1.07272     5.18409     3.78687
        1075         175     0.01674     1.07502     5.18720     3.78813
        1075         200     0.01594     1.07529     5.18756     3.78828
        1075         225     0.01582     1.06755     5.17737     3.78412
        1075         250     0.01592     1.06999     5.18049     3.78540
        1075         275     0.01551     1.07645     5.18916     3.78893
        1075         300     0.01502     1.07328     5.18484     3.78717
        1075         325     0.01556     1.07507     5.18726     3.78816
        1075         350     0.01582     1.07092     5.18171     3.78590
        1075         375     0.01536     1.07858     5.19215     3.79015
        1075         400     0.01465     1.07780     5.19104     3.78970
        1075         425     0.01504     1.07846     5.19198     3.79008
        1075         450     0.01389     1.07008     5.18060     3.78544
        1075         475     0.01355     1.07962     5.19362     3.79075
        1075         500     0.01327     1.08323     5.19885     3.79288
        1075         525     0.01184     1.10376     5.23307     3.81349
        1075         550     0.01189     1.08251     5.19780     3.79246
        1075         575     0.01154     1.09372     5.21540     3.80160
        1075         600     0.01032     1.11181     5.24797     3.82352
        1075         625     0.00865     1.13693     5.29800     3.85718
        1075         650     0.00784     1.14388     5.31263     3.86703
        1075         675     0.00627     1.18645     5.41943     3.93817
        1100          50     0.01590     1.07300     5.18446     3.78702
        1100          75     0.01654     1.07066     5.18137     3.78575
        1100         100     0.01640     1.07057     5.18125     3.78571
        1100         125     0.01595     1.07382     5.18557     3.78747
        1100         150     0.01640     1.07574     5.18819     3.78854
        1100         175     0.01585     1.07400     5.18581     3.78756
        1100         200     0.01739     1.06769     5.17755     3.78420
        1100         225     0.01571     1.06961     5.18000     3.78520
        1100         250     0.01606     1.07523     5.18749     3.78825
        1100         275     0.01674     1.07044     5.18108     3.78564
        1100         300     0.01531     1.07190     5.18300     3.78642
        1100         325     0.01441     1.07116     5.18203     3.78602
        1100         350     0.01529     1.06694     5.17660     3.78381
        1100         375     0.01499     1.08293     5.19841     3.79271
        1100         400     0.01542     1.07437     5.18631     3.78777
        1100         425     0.01465     1.07350     5.18514     3.78729
        1100         450     0.01489     1.08005     5.19424     3.79100
        1100         475     0.01415     1.07559     5.18798     3.78845
        1100         500     0.01348     1.07991     5.19404     3.79092
        1100         525     0.01283     1.07260     5.18393     3.78680
        1100         550     0.01243     1.10273     5.23121     3.81224
        1100         575     0.01161     1.08829     5.20643     3.79597
        1100         600     0.01145     1.10872     5.24217     3.81961
        1100         625     0.01073     1.10944     5.24352     3.82052
        1100         650     0.00892     1.15512     5.33693     3.88338
        1100         675     0.00800     1.15640     5.33974     3.88527
        1100         700     0.00671     1.18584     5.41772     3.93703
        1125          50     0.01781     1.07901     5.19276     3.79040
        1125          75     0.01532     1.07067     5.18138     3.78576
        1125         100     0.01589     1.06997     5.18047     3.78539
        1125         125     0.01710     1.07290     5.18433     3.78696
        1125         150     0.01709     1.07094     5.18174     3.78591
        1125         175     0.01689     1.07072     5.18144     3.78578
        1125         200     0.01710     1.07398     5.18578     3.78756
        1125         225     0.01601     1.06991     5.18039     3.78536
        1125         250     0.01643     1.06432     5.17336     3.78249
        1125         275     0.01531     1.06338     5.17222     3.78202
        1125         300     0.01600     1.06967     5.18007     3.78523
        1125         325     0.01508     1.08337     5.19906     3.79297
        1125         350     0.01526     1.07270     5.18407     3.78686
        1125         375     0.01640     1.07388     5.18564     3.78750
        1125         400     0.01591     1.07115     5.18201     3.78602
        1125         425     0.01596     1.08251     5.19779     3.79245
        1125         450     0.01492     1.08014     5.19436     3.79105
        1125         475     0.01571     1.07626     5.18890     3.78883
        1125         500     0.01308     1.08114     5.19580     3.79164
        1125         525     0.01431     1.08078     5.19529     3.79143
        1125         550     0.01199     1.08568     5.20248     3.79437
        1125         575     0.01231     1.08904     5.20759     3.79645
        1125         600     0.01141     1.09369     5.21536     3.80157
        1125         625     0.01148     1.09662     5.22039     3.80496
        1125         650     0.01023     1.11625     5.25643     3.82921
        1125         675     0.00957     1.13094     5.28563     3.84886
        1125         700     0.00782     1.15073     5.32736     3.87694
        1125         725     0.00639     1.16853     5.37055     3.90577
        1150          50     0.01635     1.07455     5.18656     3.78787
        1150          75     0.01647     1.07613     5.18872     3.78875
        1150         100     0.01529     1.07571     5.18815     3.78852
        1150         125     0.01645     1.07505     5.18724     3.78815
        1150         150     0.01611     1.08324     5.19887     3.79289
        1150         175     0.01640     1.07663     5.18942     3.78904
        1150         200     0.01583     1.07552     5.18789     3.78841
        1150         225     0.01597     1.07155     5.18254     3.78623
        1150         250     0.01649     1.07449     5.18647     3.78784
        1150         275     0.01714     1.06671     5.17631     3.78369
        1150         300     0.01661     1.06757     5.17740     3.78414
        1150         325     0.01554     1.07328     5.18485     3.78717
        1150         350     0.01687     1.07955     5.19352     3.79071
        1150         375     0.01576     1.06667     5.17626     3.78367
        1150         400     0.01618     1.07588     5.18838     3.78862
        1150         425     0.01597     1.07491     5.18704     3.78807
        1150         450     0.01567     1.07526     5.18753     3.78827
        1150         475     0.01546     1.06674     5.17634     3.78371
        1150         500     0.01461     1.07154     5.18253     3.78623
        1150         525     0.01454     1.07738     5.19047     3.78946
        1150         550     0.01376     1.08850     5.20675     3.79610
        1150         575     0.01350     1.08148     5.19629     3.79184
        1150         600     0.01263     1.08687     5.20428     3.79510
        1150         625     0.01285     1.09851     5.22370     3.80718
        1150         650     0.01058     1.11126     5.24693     3.82282
        1150         675     0.01022     1.13611     5.29629     3.85603
        1150         700     0.01026     1.12878     5.28124     3.84590
        1150         725     0.00711     1.13478     5.29352     3.85417
        1150         750     0.00637     1.17430     5.38610     3.91607
        1175          50     0.01619     1.07053     5.18120     3.78569
        1175          75     0.01647     1.07143     5.18238     3.78617
        1175         100     0.01728     1.07716     5.19016     3.78934
        1175         125     0.01796     1.07232     5.18355     3.78665
        1175         150     0.01706     1.07522     5.18747     3.78824
        1175         175     0.01668     1.08029     5.19458     3.79114
        1175         200     0.01644     1.07090     5.18168     3.78588
        1175         225     0.01689     1.06932     5.17963     3.78504
        1175         250     0.01587     1.07681     5.18967     3.78914
        1175         275     0.01655     1.07297     5.18443     3.78700
        1175         300     0.01651     1.06692     5.17657     3.78380
        1175         325     0.01630     1.07053     5.18120     3.78569
        1175         350     0.01649     1.06613     5.17559     3.78340
        1175         375     0.01636     1.07315     5.18467     3.78710
        1175         400     0.01623     1.07085     5.18162     3.78586
        1175         425     0.01580     1.06608     5.17552     3.78337
        1175         450     0.01556     1.07509     5.18730     3.78817
        1175         475     0.01563     1.07557     5.18795     3.78844
        1175         500     0.01483     1.07152     5.18249     3.78621
        1175         525     0.01378     1.07770     5.19091     3.78964
        1175         550     0.01457     1.08803     5.20605     3.79582
        1175         575     0.01395     1.07979     5.19386     3.79085
        1175         600     0.01407     1.08926     5.20793     3.79658
        1175         625     0.01279     1.08911     5.20770     3.79649
        1175         650     0.01134     1.08909     5.20767     3.79648
        1175         675     0.01073     1.10027     5.22681     3.80928
        1175         700     0.01096     1.10930     5.24326     3.82035
        1175         725     0.00959     1.12805     5.27976     3.84491
        1175         750     0.00792     1.14391     5.31269     3.86707
        1175         775     0.00648     1.17019     5.37498     3.90871
        1200          50     0.01788     1.07445     5.18642     3.78781
        1200          75     0.01622     1.07571     5.18815     3.78852
        1200         100     0.01634     1.08014     5.19437     3.79106
        1200         125     0.01609     1.07313     5.18465     3.78709
        1200         150     0.01716     1.07022     5.18079     3.78552
        1200         175     0.01697     1.07443     5.18639     3.78780
        1200         200     0.01751     1.07345     5.18507     3.78726
        1200         225     0.01635     1.07403     5.18585     3.78758
        1200         250     0.01605     1.06902     5.17924     3.78489
        1200         275     0.01706     1.07307     5.18455     3.78705
        1200         300     0.01586     1.06913     5.17938     3.78495
        1200         325     0.01703     1.07050     5.18116     3.78567
        1200         350     0.01703     1.06607     5.17551     3.78337
        1200         375     0.01579     1.06400     5.17297     3.78233
        1200         400     0.01587     1.06840     5.17844     3.78456
        1200         425     0.01619     1.07190     5.18300     3.78642
        1200         450     0.01609     1.07080     5.18154     3.78583
        1200         475     0.01475     1.07406     5.18590     3.78760
        1200         500     0.01517     1.07775     5.19099     3.78968
        1200         525     0.01468     1.07291     5.18435     3.78697
        1200         550     0.01461     1.07602     5.18857     3.78869
        1200         575     0.01390     1.07532     5.18761     3.78830
        1200         600     0.01379     1.07993     5.19406     3.79093
        1200         625     0.01387     1.08747     5.20519     3.79547
        1200         650     0.01260     1.09957     5.22557     3.80844
        1200         675     0.01148     1.09932     5.22512     3.80814
        1200         700     0.01140     1.14296     5.31068     3.86572
        1200         725     0.00997     1.10676     5.23855     3.81717
        1200         750     0.00957     1.12789     5.27943     3.84468
        1200         775     0.00779     1.12601     5.27564     3.84214
        1200         800     0.00707     1.16007     5.34803     3.89084
