         450          50     0.00335     1.22402     2.77898     2.90816
         475          50     0.00452     1.12016     2.78728     2.87165
         475          75     0.00360     1.20719     2.77811     2.89960
         500          50     0.00450     1.14016     2.78326     2.87685
         500          75     0.00443     1.15654     2.77977     2.88135
         500         100     0.00384     1.16214     2.77905     2.88311
         525          50     0.00455     1.16333     2.77903     2.88352
         525          75     0.00437     1.14097     2.78309     2.87707
         525         100     0.00402     1.16024     2.77909     2.88244
         525         125     0.00395     1.17797     2.77873     2.88876
         550          50     0.00544     1.13124     2.78509     2.87448
         550          75     0.00544     1.15701     2.77967     2.88149
         550         100     0.00465     1.14540     2.78216     2.87827
         550         125     0.00434     1.16399     2.77901     2.88376
         550         150     0.00407     1.16705     2.77895     2.88484
         575          50     0.00548     1.11265     2.78871     2.86980
         575          75     0.00472     1.16339     2.77902     2.88354
         575         100     0.00490     1.13430     2.78446     2.87529
         575         125     0.00482     1.14149     2.78298     2.87721
         575         150     0.00449     1.16514     2.77899     2.88417
         575         175     0.00340     1.17778     2.77873     2.88869
         600          50     0.00574     1.12728     2.78588     2.87346
         600          75     0.00536     1.11277     2.78869     2.86983
         600         100     0.00499     1.12378     2.78657     2.87256
         600         125     0.00480     1.14042     2.78320     2.87692
         600         150     0.00508     1.14976     2.78123     2.87947
         600         175     0.00467     1.14324     2.78261     2.87768
         600         200     0.00423     1.15606     2.77987     2.88122
         625          50     0.00657     1.12211     2.78690     2.87214
         625          75     0.00597     1.14192     2.78289     2.87732
         625         100     0.00526     1.13649     2.78402     2.87587
         625         125     0.00602     1.13561     2.78420     2.87563
         625         150     0.00469     1.15370     2.78039     2.88056
         625         175     0.00526     1.12957     2.78542     2.87405
         625         200     0.00464     1.14586     2.78206     2.87839
         625         225     0.00376     1.14707     2.78181     2.87872
         650          50     0.00646     1.11843     2.78761     2.87122
         650          75     0.00595     1.14405     2.78244     2.87790
         650         100     0.00602     1.14591     2.78205     2.87841
         650         125     0.00561     1.12204     2.78691     2.87212
         650         150     0.00550     1.12729     2.78588     2.87346
         650         175     0.00572     1.14237     2.78279     2.87745
         650         200     0.00482     1.15423     2.78027     2.88071
         650         225     0.00443     1.13144     2.78505     2.87454
         650         250     0.00418     1.15914     2.77920     2.88209
         675          50     0.00651     1.14880     2.78144     2.87920
         675          75     0.00641     1.13328     2.78467     2.87502
         675         100     0.00645     1.12764     2.78581     2.87355
         675         125     0.00614     1.13861     2.78358     2.87643
         675         150     0.00496     1.11302     2.78864     2.86989
         675         175     0.00513     1.13766     2.78378     2.87618
         675         200     0.00493     1.13421     2.78448     2.87526
         675         225     0.00542     1.18654     2.77855     2.89189
         675         250     0.00504     1.17147     2.77886     2.88642
         675         275     0.00449     1.16069     2.77908     2.88260
         700          50     0.00716     1.13732     2.78384     2.87609
         700          75     0.00699     1.11212     2.78881     2.86967
         700         100     0.00639     1.12319     2.78669     2.87241
         700         125     0.00612     1.12564     2.78621     2.87304
         700         150     0.00604     1.13462     2.78440     2.87537
         700         175     0.00593     1.13259     2.78481     2.87484
         700         200     0.00508     1.12974     2.78539     2.87409
         700         225     0.00532     1.13005     2.78533     2.87417
         700         250     0.00529     1.13410     2.78451     2.87523
         700         275     0.00428     1.15090     2.78099     2.87978
         700         300     0.00375     1.19185     2.77844     2.89385
         725          50     0.00692     1.13179     2.78498     2.87463
         725          75     0.00676     1.13739     2.78383     2.87611
         725         100     0.00675     1.13224     2.78488     2.87474
         725         125     0.00669     1.11716     2.78786     2.87090
         725         150     0.00601     1.10796     2.78958     2.86867
         725         175     0.00588     1.13826     2.78365     2.87634
         725         200     0.00610     1.12418     2.78650     2.87266
         725         225     0.00540     1.15666     2.77974     2.88139
         725         250     0.00543     1.15332     2.78047     2.88045
         725         275     0.00546     1.12602     2.78613     2.87313
         725         300     0.00452     1.15638     2.77980     2.88131
         725         325     0.00483     1.16483     2.77900     2.88406
         750          50     0.00710     1.10830     2.78952     2.86876
         750          75     0.00679     1.12192     2.78694     2.87209
         750         100     0.00612     1.11936     2.78744     2.87145
         750         125     0.00717     1.12255     2.78681     2.87225
         750         150     0.00655     1.11127     2.78897     2.86947
         750         175     0.00660     1.12593     2.78615     2.87311
         750         200     0.00637     1.13881     2.78354     2.87649
         750         225     0.00607     1.12929     2.78548     2.87397
         750         250     0.00538     1.14376     2.78250     2.87782
         750         275     0.00590     1.12958     2.78542     2.87405
         750         300     0.00451     1.12126     2.78707     2.87193
         750         325     0.00432     1.17354     2.77882     2.88716
         750         350     0.00428     1.14672     2.78188     2.87863
         775          50     0.00704     1.13204     2.78492     2.87469
         775          75     0.00687     1.11793     2.78771     2.87109
         775         100     0.00662     1.13134     2.78507     2.87451
         775         125     0.00742     1.11842     2.78762     2.87121
         775         150     0.00678     1.12235     2.78685     2.87220
         775         175     0.00635     1.11705     2.78788     2.87087
         775         200     0.00533     1.12350     2.78663     2.87249
         775         225     0.00615     1.13754     2.78380     2.87615
         775         250     0.00574     1.15420     2.78028     2.88070
         775         275     0.00541     1.13111     2.78511     2.87445
         775         300     0.00594     1.12115     2.78709     2.87190
         775         325     0.00484     1.14605     2.78202     2.87845
         775         350     0.00453     1.13950     2.78339     2.87667
         775         375     0.00435     1.16536     2.77898     2.88424
         800          50     0.00696     1.12457     2.78642     2.87276
         800          75     0.00685     1.12263     2.78680     2.87227
         800         100     0.00760     1.12386     2.78656     2.87258
         800         125     0.00719     1.13423     2.78448     2.87527
         800         150     0.00699     1.11937     2.78743     2.87145
         800         175     0.00674     1.11964     2.78738     2.87152
         800         200     0.00654     1.13064     2.78521     2.87433
         800         225     0.00638     1.12232     2.78686     2.87219
         800         250     0.00591     1.11922     2.78746     2.87141
         800         275     0.00572     1.14564     2.78211     2.87833
         800         300     0.00614     1.13255     2.78482     2.87483
         800         325     0.00550     1.13839     2.78362     2.87637
         800         350     0.00487     1.14846     2.78151     2.87911
         800         375     0.00495     1.11476     2.78831     2.87031
         800         400     0.00420     1.17793     2.77873     2.88875
         825          50     0.00747     1.12155     2.78701     2.87200
         825          75     0.00700     1.12460     2.78641     2.87277
         825         100     0.00589     1.12878     2.78558     2.87384
         825         125     0.00649     1.11800     2.78770     2.87111
         825         150     0.00664     1.12224     2.78688     2.87217
         825         175     0.00619     1.14246     2.78278     2.87747
         825         200     0.00649     1.11491     2.78829     2.87035
         825         225     0.00676     1.12331     2.78667     2.87244
         825         250     0.00648     1.12310     2.78671     2.87239
         825         275     0.00604     1.11772     2.78775     2.87104
         825         300     0.00569     1.13386     2.78456     2.87517
         825         325     0.00563     1.11201     2.78883     2.86964
         825         350     0.00564     1.12968     2.78540     2.87408
         825         375     0.00429     1.14578     2.78208     2.87837
         825         400     0.00453     1.13549     2.78422     2.87560
         825         425     0.00440     1.14099     2.78308     2.87707
         850          50     0.00698     1.12545     2.78624     2.87299
         850          75     0.00756     1.12075     2.78717     2.87180
         850         100     0.00660     1.12751     2.78584     2.87352
         850         125     0.00673     1.12462     2.78641     2.87278
         850         150     0.00652     1.11400     2.78846     2.87013
         850         175     0.00602     1.11982     2.78735     2.87156
         850         200     0.00702     1.11288     2.78867     2.86985
         850         225     0.00730     1.12221     2.78688     2.87216
         850         250     0.00603     1.11357     2.78854     2.87002
         850         275     0.00608     1.13500     2.78432     2.87547
         850         300     0.00723     1.12259     2.78681     2.87226
         850         325     0.00559     1.13422     2.78448     2.87527
         850         350     0.00601     1.11798     2.78770     2.87110
         850         375     0.00548     1.13786     2.78373     2.87623
         850         400     0.00462     1.12987     2.78536     2.87413
         850         425     0.00467     1.14753     2.78171     2.87885
         850         450     0.00468     1.16235     2.77905     2.88318
         875          50     0.00738     1.12105     2.78711     2.87187
         875          75     0.00719     1.11867     2.78757     2.87128
         875         100     0.00724     1.11895     2.78751     2.87135
         875         125     0.00686     1.10955     2.78929     2.86905
         875         150     0.00695     1.11625     2.78803     2.87068
         875         175     0.00693     1.11426     2.78841     2.87019
         875         200     0.00718     1.12779     2.78578     2.87359
         875         225     0.00670     1.12226     2.78687     2.87218
         875         250     0.00624     1.12458     2.78642     2.87276
         875         275     0.00660     1.11130     2.78896     2.86947
         875         300     0.00659     1.11432     2.78840     2.87020
         875         325     0.00568     1.13304     2.78472     2.87496
         875         350     0.00573     1.14436     2.78238     2.87798
         875         375     0.00589     1.14114     2.78305     2.87711
         875         400     0.00560     1.14482     2.78228     2.87811
         875         425     0.00465     1.14872     2.78145     2.87918
         875         450     0.00433     1.14385     2.78249     2.87785
         875         475     0.00430     1.15685     2.77970     2.88144
         900          50     0.00810     1.12364     2.78660     2.87253
         900          75     0.00727     1.12602     2.78613     2.87313
         900         100     0.00794     1.12084     2.78715     2.87182
         900         125     0.00685     1.12500     2.78633     2.87287
         900         150     0.00667     1.12716     2.78590     2.87343
         900         175     0.00702     1.11996     2.78732     2.87160
         900         200     0.00687     1.11865     2.78757     2.87127
         900         225     0.00693     1.11429     2.78840     2.87020
         900         250     0.00577     1.12004     2.78730     2.87162
         900         275     0.00647     1.12907     2.78552     2.87392
         900         300     0.00607     1.12258     2.78681     2.87226
         900         325     0.00563     1.14038     2.78321     2.87691
         900         350     0.00630     1.11603     2.78807     2.87062
         900         375     0.00577     1.12458     2.78642     2.87276
         900         400     0.00527     1.11728     2.78784     2.87093
         900         425     0.00497     1.13319     2.78469     2.87499
         900         450     0.00513     1.12771     2.78580     2.87357
         900         475     0.00435     1.16206     2.77905     2.88308
         900         500     0.00423     1.17601     2.77877     2.88805
         925          50     0.00775     1.12345     2.78664     2.87248
         925          75     0.00776     1.12351     2.78663     2.87249
         925         100     0.00699     1.11382     2.78849     2.87008
         925         125     0.00711     1.12499     2.78634     2.87287
         925         150     0.00736     1.13149     2.78504     2.87455
         925         175     0.00718     1.12194     2.78694     2.87209
         925         200     0.00663     1.13532     2.78426     2.87556
         925         225     0.00626     1.12681     2.78597     2.87334
         925         250     0.00715     1.12079     2.78716     2.87181
         925         275     0.00574     1.14132     2.78302     2.87716
         925         300     0.00624     1.13858     2.78358     2.87643
         925         325     0.00646     1.11102     2.78902     2.86940
         925         350     0.00644     1.11842     2.78762     2.87121
         925         375     0.00596     1.13049     2.78524     2.87429
         925         400     0.00598     1.13333     2.78466     2.87503
         925         425     0.00503     1.13150     2.78503     2.87455
         925         450     0.00541     1.11846     2.78761     2.87122
         925         475     0.00497     1.14077     2.78313     2.87701
         925         500     0.00492     1.15178     2.78080     2.88002
         925         525     0.00426     1.14945     2.78130     2.87938
         950          50     0.00737     1.11881     2.78754     2.87131
         950          75     0.00751     1.12021     2.78727     2.87166
         950         100     0.00692     1.12023     2.78727     2.87166
         950         125     0.00834     1.11690     2.78791     2.87084
         950         150     0.00689     1.13042     2.78525     2.87427
         950         175     0.00750     1.12260     2.78681     2.87226
         950         200     0.00789     1.11778     2.78774     2.87106
         950         225     0.00702     1.11902     2.78750     2.87136
         950         250     0.00723     1.12232     2.78686     2.87219
         950         275     0.00713     1.11832     2.78764     2.87119
         950         300     0.00672     1.13069     2.78520     2.87434
         950         325     0.00719     1.12690     2.78596     2.87336
         950         350     0.00625     1.14951     2.78129     2.87940
         950         375     0.00604     1.13789     2.78373     2.87624
         950         400     0.00633     1.13585     2.78415     2.87570
         950         425     0.00601     1.12890     2.78556     2.87387
         950         450     0.00558     1.11511     2.78825     2.87040
         950         475     0.00511     1.14271     2.78272     2.87754
         950         500     0.00480     1.14261     2.78275     2.87751
         950         525     0.00475     1.15579     2.77993     2.88114
         950         550     0.00446     1.13554     2.78421     2.87561
         975          50     0.00756     1.11811     2.78768     2.87114
         975          75     0.00775     1.12407     2.78652     2.87263
         975         100     0.00738     1.12838     2.78566     2.87374
         975         125     0.00698     1.13176     2.78498     2.87462
         975         150     0.00761     1.11878     2.78755     2.87130
         975         175     0.00757     1.12665     2.78601     2.87330
         975         200     0.00654     1.12853     2.78563     2.87378
         975         225     0.00732     1.11558     2.78816     2.87051
         975         250     0.00736     1.11844     2.78761     2.87122
         975         275     0.00709     1.12102     2.78711     2.87186
         975         300     0.00649     1.12431     2.78647     2.87270
         975         325     0.00791     1.11916     2.78747     2.87140
         975         350     0.00628     1.12334     2.78666     2.87245
         975         375     0.00698     1.11481     2.78831     2.87032
         975         400     0.00664     1.10607     2.78993     2.86823
         975         425     0.00632     1.11466     2.78833     2.87029
         975         450     0.00554     1.14245     2.78278     2.87747
         975         475     0.00508     1.13719     2.78387     2.87605
         975         500     0.00501     1.13806     2.78369     2.87629
         975         525     0.00491     1.12747     2.78584     2.87351
         975         550     0.00486     1.14136     2.78301     2.87717
         975         575     0.00447     1.15841     2.77936     2.88188
        1000          50     0.00797     1.11459     2.78835     2.87027
        1000         225     0.00694     1.12675     2.78599     2.87332
        1000         250     0.00720     1.11872     2.78756     2.87129
        1000         275     0.00707     1.12516     2.78630     2.87291
        1000         300     0.00651     1.11875     2.78755     2.87130
        1000         325     0.00723     1.11269     2.78870     2.86981
        1000         350     0.00685     1.11065     2.78908     2.86932
        1000         375     0.00702     1.12251     2.78682     2.87224
        1000         400     0.00611     1.11846     2.78761     2.87123
        1000         425     0.00669     1.11982     2.78735     2.87156
        1000         450     0.00640     1.13321     2.78469     2.87500
        1000         475     0.00594     1.14043     2.78320     2.87692
        1000         500     0.00620     1.11077     2.78906     2.86934
        1000         525     0.00583     1.13918     2.78346     2.87659
        1000         550     0.00538     1.13267     2.78480     2.87486
        1000         575     0.00444     1.12457     2.78642     2.87276
        1000         600     0.00439     1.18038     2.77868     2.88963
        1025          50     0.00763     1.12644     2.78605     2.87324
        1025          75     0.00739     1.13662     2.78399     2.87590
        1025         100     0.00682     1.13259     2.78481     2.87484
        1025         125     0.00753     1.11969     2.78737     2.87153
        1025         150     0.00680     1.12539     2.78626     2.87297
        1025         175     0.00724     1.12514     2.78631     2.87291
        1025         200     0.00773     1.12826     2.78569     2.87371
        1025         225     0.00705     1.12112     2.78709     2.87189
        1025         250     0.00735     1.13042     2.78525     2.87427
        1025         275     0.00710     1.12778     2.78578     2.87359
        1025         300     0.00757     1.12264     2.78680     2.87227
        1025         325     0.00669     1.13643     2.78403     2.87585
        1025         350     0.00663     1.11838     2.78762     2.87120
        1025         375     0.00712     1.12331     2.78667     2.87244
        1025         400     0.00670     1.11797     2.78770     2.87110
        1025         425     0.00601     1.12069     2.78718     2.87178
        1025         450     0.00553     1.13902     2.78349     2.87654
        1025         475     0.00660     1.12819     2.78570     2.87369
        1025         500     0.00547     1.13676     2.78396     2.87594
        1025         525     0.00523     1.13558     2.78420     2.87562
        1025         550     0.00541     1.13500     2.78432     2.87547
        1025         575     0.00500     1.14168     2.78294     2.87726
        1025         600     0.00483     1.15773     2.77951     2.88169
        1025         625     0.00472     1.16407     2.77901     2.88379
        1050          50     0.00739     1.12534     2.78627     2.87296
        1050          75     0.00797     1.12771     2.78580     2.87357
        1050         100     0.00767     1.12754     2.78583     2.87352
        1050         125     0.00766     1.13221     2.78489     2.87474
        1050         150     0.00744     1.12757     2.78582     2.87353
        1050         175     0.00766     1.12264     2.78680     2.87227
        1050         200     0.00732     1.13100     2.78514     2.87442
        1050         225     0.00709     1.12747     2.78584     2.87351
        1050         250     0.00729     1.12562     2.78621     2.87303
        1050         275     0.00682     1.12590     2.78616     2.87310
        1050         300     0.00693     1.11542     2.78819     2.87047
        1050         325     0.00750     1.12594     2.78615     2.87311
        1050         350     0.00653     1.12196     2.78693     2.87210
        1050         375     0.00682     1.11016     2.78918     2.86920
        1050         400     0.00724     1.11102     2.78902     2.86940
        1050         425     0.00625     1.11875     2.78755     2.87130
        1050         450     0.00685     1.11428     2.78841     2.87019
        1050         475     0.00601     1.11708     2.78787     2.87088
        1050         500     0.00614     1.12815     2.78571     2.87368
        1050         525     0.00592     1.13746     2.78382     2.87612
        1050         550     0.00628     1.13158     2.78502     2.87457
        1050         575     0.00549     1.13153     2.78503     2.87456
        1050         600     0.00502     1.14571     2.78209     2.87835
        1050         625     0.00445     1.16086     2.77907     2.88266
        1050         650     0.00434     1.17392     2.77881     2.88730
        1075          50     0.00717     1.12716     2.78591     2.87343
        1075          75     0.00774     1.13721     2.78387     2.87606
        1075         100     0.00743     1.11645     2.78799     2.87073
        1075         125     0.00780     1.11968     2.78737     2.87153
        1075         150     0.00726     1.12989     2.78536     2.87413
        1075         175     0.00801     1.13134     2.78507     2.87451
        1075         200     0.00786     1.12481     2.78637     2.87282
        1075         225     0.00751     1.12201     2.78692     2.87211
        1075         250     0.00740     1.11508     2.78826     2.87039
        1075         275     0.00634     1.12717     2.78590     2.87343
        1075         300     0.00669     1.11867     2.78757     2.87128
        1075         325     0.00718     1.13616     2.78408     2.87578
        1075         350     0.00783     1.11909     2.78749     2.87138
        1075         375     0.00738     1.11714     2.78786     2.87090
        1075         400     0.00682     1.12325     2.78668     2.87243
        1075         425     0.00758     1.12195     2.78693     2.87210
        1075         450     0.00669     1.12150     2.78702     2.87198
        1075         475     0.00623     1.11841     2.78762     2.87121
        1075         500     0.00628     1.10827     2.78952     2.86875
        1075         525     0.00553     1.12060     2.78720     2.87176
        1075         550     0.00556     1.12299     2.78673     2.87236
        1075         575     0.00640     1.11936     2.78744     2.87145
        1075         600     0.00550     1.14470     2.78231     2.87808
        1075         625     0.00467     1.13895     2.78351     2.87652
        1075         650     0.00463     1.16441     2.77900     2.88391
        1075         675     0.00426     1.15181     2.78079     2.88003
        1100          50     0.00728     1.14165     2.78295     2.87725
        1100          75     0.00738     1.12829     2.78568     2.87372
        1100         100     0.00774     1.13441     2.78444     2.87532
        1100         125     0.00707     1.13084     2.78517     2.87438
        1100         150     0.00796     1.13548     2.78422     2.87560
        1100         175     0.00705     1.13574     2.78417     2.87567
        1100         200     0.00802     1.13186     2.78496     2.87465
        1100         225     0.00678     1.11675     2.78794     2.87080
        1100         250     0.00676     1.11549     2.78818     2.87049
        1100         275     0.00739     1.11778     2.78774     2.87105
        1100         300     0.00673     1.11982     2.78735     2.87156
        1100         325     0.00660     1.13021     2.78530     2.87421
        1100         350     0.00717     1.11372     2.78851     2.87006
        1100         375     0.00709     1.12005     2.78730     2.87162
        1100         400     0.00746     1.11010     2.78919     2.86918
        1100         425     0.00656     1.12228     2.78687     2.87218
        1100         450     0.00690     1.10896     2.78940     2.86891
        1100         475     0.00682     1.11716     2.78786     2.87090
        1100         500     0.00633     1.13208     2.78492     2.87470
        1100         525     0.00591     1.11258     2.78873     2.86978
        1100         550     0.00626     1.12770     2.78580     2.87357
        1100         575     0.00541     1.11400     2.78846     2.87013
        1100         600     0.00562     1.14324     2.78261     2.87768
        1100         625     0.00569     1.12503     2.78633     2.87288
        1100         650     0.00519     1.12495     2.78634     2.87286
        1100         675     0.00482     1.14975     2.78123     2.87946
        1100         700     0.00428     1.19709     2.77832     2.89580
        1125          50     0.00804     1.13373     2.78458     2.87514
        1125          75     0.00653     1.12602     2.78613     2.87313
        1125         100     0.00736     1.12797     2.78574     2.87363
        1125         125     0.00733     1.12765     2.78581     2.87355
        1125         150     0.00792     1.13306     2.78472     2.87496
        1125         175     0.00812     1.12919     2.78550     2.87395
        1125         200     0.00736     1.12251     2.78682     2.87224
        1125         225     0.00788     1.12542     2.78625     2.87298
        1125         250     0.00719     1.12177     2.78697     2.87205
        1125         275     0.00705     1.11904     2.78750     2.87137
        1125         300     0.00745     1.12316     2.78670     2.87240
        1125         325     0.00679     1.11818     2.78766     2.87115
        1125         350     0.00680     1.11884     2.78754     2.87132
        1125         375     0.00760     1.12057     2.78720     2.87175
        1125         400     0.00746     1.12132     2.78706     2.87194
        1125         425     0.00758     1.12312     2.78670     2.87239
        1125         450     0.00680     1.13868     2.78356     2.87645
        1125         475     0.00710     1.12843     2.78565     2.87375
        1125         500     0.00646     1.12435     2.78646     2.87270
        1125         525     0.00645     1.11690     2.78791     2.87084
        1125         550     0.00610     1.11290     2.78867     2.86986
        1125         575     0.00603     1.12897     2.78554     2.87389
        1125         600     0.00581     1.13286     2.78476     2.87491
        1125         625     0.00520     1.14239     2.78279     2.87745
        1125         650     0.00506     1.14999     2.78118     2.87953
        1125         675     0.00528     1.12770     2.78580     2.87356
        1125         700     0.00439     1.15700     2.77967     2.88148
        1125         725     0.00441     1.19740     2.77832     2.89592
        1150          50     0.00708     1.12536     2.78626     2.87296
        1150          75     0.00732     1.13024     2.78529     2.87422
        1150         100     0.00747     1.12903     2.78553     2.87391
        1150         125     0.00725     1.13023     2.78529     2.87422
        1150         150     0.00762     1.13241     2.78485     2.87479
        1150         175     0.00776     1.13725     2.78386     2.87607
        1150         200     0.00723     1.12909     2.78552     2.87392
        1150         225     0.00721     1.13241     2.78485     2.87479
        1150         250     0.00806     1.12350     2.78663     2.87249
        1150         275     0.00769     1.12544     2.78625     2.87298
        1150         300     0.00776     1.12794     2.78575     2.87363
        1150         325     0.00702     1.13938     2.78342     2.87664
        1150         350     0.00728     1.11705     2.78788     2.87088
        1150         375     0.00723     1.12848     2.78564     2.87377
        1150         400     0.00740     1.12174     2.78697     2.87205
        1150         425     0.00697     1.11851     2.78760     2.87124
        1150         450     0.00708     1.11804     2.78769     2.87112
        1150         475     0.00714     1.11478     2.78831     2.87032
        1150         500     0.00660     1.10022     2.79097     2.86688
        1150         525     0.00674     1.12421     2.78649     2.87267
        1150         550     0.00668     1.13821     2.78366     2.87633
        1150         575     0.00656     1.12688     2.78596     2.87335
        1150         600     0.00646     1.14123     2.78303     2.87714
        1150         625     0.00627     1.13303     2.78472     2.87495
        1150         650     0.00583     1.11428     2.78841     2.87019
        1150         675     0.00518     1.13970     2.78335     2.87672
        1150         700     0.00554     1.16213     2.77905     2.88310
        1150         725     0.00447     1.15444     2.78023     2.88077
        1150         750     0.00451     1.17137     2.77886     2.88638
        1175          50     0.00798     1.12558     2.78622     2.87302
        1175          75     0.00729     1.13764     2.78378     2.87617
        1175         100     0.00789     1.13213     2.78491     2.87472
        1175         125     0.00781     1.13694     2.78392     2.87599
        1175         150     0.00781     1.13121     2.78509     2.87447
        1175         175     0.00799     1.13040     2.78526     2.87426
        1175         200     0.00692     1.13181     2.78497     2.87463
        1175         225     0.00779     1.12879     2.78558     2.87385
        1175         250     0.00730     1.11695     2.78790     2.87085
        1175         275     0.00747     1.12776     2.78579     2.87358
        1175         300     0.00752     1.12875     2.78559     2.87384
        1175         325     0.00697     1.12396     2.78654     2.87261
        1175         350     0.00780     1.11814     2.78767     2.87115
        1175         375     0.00720     1.12257     2.78681     2.87225
        1175         400     0.00789     1.11720     2.78785     2.87091
        1175         425     0.00770     1.11335     2.78858     2.86997
        1175         450     0.00634     1.11847     2.78761     2.87123
        1175         475     0.00741     1.10784     2.78960     2.86865
        1175         500     0.00656     1.10983     2.78924     2.86912
        1175         525     0.00673     1.12732     2.78587     2.87347
        1175         550     0.00703     1.11085     2.78905     2.86936
        1175         575     0.00589     1.12029     2.78726     2.87168
        1175         600     0.00720     1.12193     2.78694     2.87209
        1175         625     0.00590     1.13421     2.78448     2.87526
        1175         650     0.00550     1.12079     2.78716     2.87181
        1175         675     0.00532     1.14775     2.78166     2.87891
        1175         700     0.00595     1.12215     2.78689     2.87215
        1175         725     0.00495     1.11902     2.78750     2.87136
        1175         750     0.00446     1.14933     2.78132     2.87935
        1175         775     0.00450     1.15008     2.78116     2.87955
        1200          50     0.00748     1.12922     2.78549     2.87396
        1200          75     0.00720     1.13434     2.78446     2.87530
        1200         100     0.00679     1.13390     2.78455     2.87518
        1200         125     0.00712     1.12961     2.78541     2.87406
        1200         150     0.00783     1.14169     2.78294     2.87726
        1200         175     0.00732     1.13297     2.78474     2.87494
        1200         200     0.00820     1.12751     2.78584     2.87352
        1200         225     0.00688     1.13145     2.78504     2.87454
        1200         250     0.00689     1.12425     2.78648     2.87268
        1200         275     0.00802     1.12673     2.78599     2.87332
        1200         300     0.00654     1.14266     2.78273     2.87752
        1200         325     0.00811     1.13438     2.78445     2.87531
        1200         350     0.00735     1.12318     2.78669     2.87241
        1200         375     0.00777     1.11642     2.78800     2.87072
        1200         400     0.00763     1.12823     2.78569     2.87370
        1200         425     0.00748     1.13522     2.78428     2.87553
        1200         450     0.00729     1.12344     2.78664     2.87247
        1200         475     0.00670     1.12522     2.78629     2.87293
        1200         500     0.00759     1.11897     2.78751     2.87135
        1200         525     0.00691     1.10783     2.78961     2.86864
        1200         550     0.00626     1.12086     2.78714     2.87182
        1200         575     0.00655     1.11930     2.78745     2.87143
        1200         600     0.00663     1.12802     2.78573     2.87365
        1200         625     0.00648     1.10769     2.78963     2.86861
        1200         650     0.00582     1.11968     2.78737     2.87153
        1200         675     0.00549     1.13401     2.78452     2.87521
        1200         700     0.00601     1.11973     2.78736     2.87154
        1200         725     0.00520     1.17092     2.77887     2.88622
        1200         750     0.00516     1.12893     2.78555     2.87388
        1200         775     0.00499     1.15166     2.78082     2.87999
        1200         800     0.00483     1.14389     2.78248     2.87786
