1000 100 0.0175647 1.07031 4.72796 4.46161
1000 125 0.0177964 1.06906 4.72687 4.46083
1000 150 0.0183771 1.08146 4.74305 4.47513
1000 175 0.0183909 1.07675 4.73588 4.47092
1000 200 0.017257 1.0709 4.72875 4.4627
1000 225 0.0175791 1.07482 4.73298 4.46775
1000 250 0.0181511 1.07246 4.73084 4.46488
1000 275 0.0171796 1.0767 4.73586 4.47078
1000 300 0.0169036 1.07915 4.74042 4.47312
1000 325 0.0178433 1.0928 4.75724 4.48278
1000 350 0.0164377 1.07899 4.7406 4.4727
1000 375 0.0162647 1.09319 4.75777 4.48415
1000 400 0.0154135 1.09397 4.75859 4.48452
1000 425 0.0153374 1.0958 4.76113 4.48601
1000 450 0.0152934 1.11744 4.78878 4.5101
1000 475 0.0148012 1.13629 4.81901 4.54173
1000 500 0.0139763 1.12859 4.8063 4.52994
1000 50 0.0186556 1.06813 4.7256 4.45988
1000 525 0.0125208 1.1313 4.81061 4.53426
1000 550 0.0112203 1.17608 4.90439 4.62344
1000 575 0.0105894 1.15635 4.85574 4.57842
1000 600 0.00839554 1.22506 5.03114 4.74229
1000 75 0.018803 1.06889 4.72679 4.46109
1025 100 0.0176747 1.07645 4.73583 4.47039
1025 125 0.0181087 1.07081 4.72858 4.46258
1025 150 0.0180201 1.0816 4.74308 4.47513
1025 175 0.0179585 1.07435 4.73201 4.46673
1025 200 0.0175858 1.07034 4.72819 4.46169
1025 225 0.0177028 1.07919 4.74042 4.47318
1025 250 0.0171736 1.06405 4.72171 4.45813
1025 275 0.0178358 1.07385 4.73181 4.46593
1025 300 0.0172197 1.0884 4.75317 4.47966
1025 325 0.0170215 1.06886 4.72674 4.46105
1025 350 0.0167772 1.0821 4.74401 4.47509
1025 375 0.0164997 1.07909 4.74058 4.47262
1025 400 0.015994 1.07641 4.73591 4.47033
1025 425 0.0155701 1.0956 4.76083 4.4856
1025 450 0.0144725 1.09188 4.75731 4.48255
1025 475 0.0140862 1.09029 4.75513 4.48152
1025 500 0.0143075 1.12032 4.79285 4.51544
1025 50 0.0183343 1.06956 4.7275 4.46095
1025 525 0.0131213 1.15055 4.84412 4.56931
1025 550 0.0121488 1.11794 4.78986 4.51195
1025 575 0.0115678 1.16552 4.87901 4.59899
1025 600 0.0103983 1.16803 4.88395 4.60486
1025 625 0.00854675 1.21598 5.00603 4.71809
1025 75 0.0184978 1.0673 4.72531 4.45931
1050 100 0.0187711 1.06549 4.72334 4.45918
1050 125 0.0183983 1.06969 4.72755 4.46109
1050 150 0.0189195 1.06452 4.72194 4.45856
1050 175 0.0180081 1.0711 4.72871 4.46293
1050 200 0.0185224 1.07164 4.72962 4.46378
1050 225 0.0178641 1.07635 4.73563 4.47023
1050 250 0.0177355 1.07543 4.73363 4.46788
1050 275 0.0170852 1.08191 4.74352 4.47507
1050 300 0.0175616 1.06891 4.72692 4.46101
1050 325 0.0175769 1.07659 4.73599 4.4704
1050 350 0.0170378 1.07721 4.73732 4.47247
1050 375 0.0171177 1.06868 4.72615 4.46069
1050 400 0.0174817 1.07702 4.73687 4.47175
1050 425 0.0156415 1.07915 4.74042 4.47312
1050 450 0.0162482 1.10397 4.77239 4.49408
1050 475 0.0152118 1.09848 4.76584 4.4882
1050 500 0.0147515 1.11036 4.78204 4.50346
1050 50 0.018556 1.06837 4.72587 4.46032
1050 525 0.0141433 1.11737 4.78872 4.50986
1050 550 0.0131526 1.12882 4.80678 4.53064
1050 575 0.0123057 1.15824 4.86077 4.5824
1050 600 0.0109563 1.17249 4.89399 4.61579
1050 625 0.00983284 1.19857 4.95871 4.67272
1050 650 0.00902543 1.22303 5.0256 4.73866
1050 75 0.0183968 1.06704 4.7255 4.45931
1075 100 0.0181223 1.06844 4.72604 4.46061
1075 125 0.0186697 1.07051 4.72839 4.46166
1075 150 0.0183854 1.06814 4.72561 4.45988
1075 175 0.0190894 1.06908 4.72677 4.46076
1075 200 0.0186175 1.07008 4.72775 4.4615
1075 225 0.0180852 1.06601 4.72403 4.45912
1075 250 0.017852 1.06607 4.72416 4.45913
1075 275 0.0172405 1.07534 4.73397 4.46818
1075 300 0.0172061 1.08303 4.74433 4.47542
1075 325 0.0180318 1.07877 4.74018 4.47234
1075 350 0.0181378 1.06796 4.72531 4.45958
1075 375 0.0178615 1.07159 4.72983 4.4639
1075 400 0.0164411 1.08235 4.74393 4.47491
1075 425 0.0172498 1.0899 4.75424 4.4809
1075 450 0.0162603 1.09505 4.76001 4.48507
1075 475 0.0162461 1.09815 4.76557 4.48793
1075 500 0.0153886 1.09857 4.76598 4.48815
1075 50 0.0183642 1.0681 4.7256 4.45984
1075 525 0.0144266 1.11837 4.79104 4.51233
1075 550 0.0140456 1.12215 4.79472 4.5182
1075 575 0.0131053 1.12551 4.79957 4.52504
1075 600 0.0126039 1.15711 4.85722 4.58019
1075 625 0.0111406 1.17842 4.90862 4.62706
1075 650 0.0105225 1.19056 4.93875 4.65406
1075 675 0.00853444 1.20942 4.99126 4.70156
1075 75 0.0188086 1.07151 4.72956 4.46356
1100 100 0.0186765 1.06594 4.72411 4.4595
1100 125 0.017743 1.06888 4.72679 4.461
1100 150 0.0189216 1.06868 4.72615 4.46069
1100 175 0.0176739 1.06938 4.72756 4.46086
1100 200 0.0190723 1.07061 4.72843 4.46139
1100 225 0.0181468 1.0616 4.71886 4.45678
1100 250 0.0180449 1.07672 4.7359 4.47102
1100 275 0.0182202 1.07109 4.7287 4.46293
1100 300 0.017458 1.07336 4.73111 4.46609
1100 325 0.0167466 1.07503 4.73366 4.46767
1100 350 0.017692 1.07379 4.73177 4.4657
1100 375 0.0174335 1.08533 4.7468 4.47747
1100 400 0.0181607 1.08058 4.74213 4.47409
1100 425 0.0168848 1.08696 4.74891 4.47903
1100 450 0.0168991 1.08308 4.74437 4.4755
1100 475 0.0158328 1.07095 4.72861 4.46274
1100 500 0.0165031 1.09383 4.75828 4.48453
1100 50 0.0181618 1.06785 4.72542 4.45975
1100 525 0.014988 1.0845 4.74597 4.47733
1100 550 0.0150988 1.10889 4.77989 4.50162
1100 575 0.0135497 1.11309 4.78405 4.50354
1100 600 0.0135109 1.10993 4.78168 4.50349
1100 625 0.0127337 1.13749 4.82138 4.54464
1100 650 0.0111981 1.13219 4.81226 4.53595
1100 675 0.0099237 1.18308 4.91781 4.63915
1100 700 0.00853116 1.21798 5.01258 4.72424
1100 75 0.0183543 1.06962 4.72766 4.46092
1125 100 0.0181335 1.07365 4.73169 4.46611
1125 125 0.0185747 1.0739 4.7316 4.46565
1125 150 0.019213 1.07049 4.72837 4.46155
1125 175 0.0188933 1.06357 4.72142 4.45763
1125 200 0.0190704 1.07163 4.72962 4.46378
1125 225 0.0179977 1.07318 4.73079 4.46542
1125 250 0.0185502 1.06816 4.72565 4.45988
1125 275 0.0178205 1.07211 4.73035 4.46426
1125 300 0.0180611 1.06271 4.72046 4.45749
1125 325 0.0172261 1.06831 4.72575 4.46016
1125 350 0.0172868 1.06854 4.7263 4.46058
1125 375 0.0181402 1.0748 4.73301 4.46775
1125 400 0.0182611 1.07316 4.73089 4.46549
1125 425 0.0174719 1.07306 4.73054 4.46521
1125 450 0.0169188 1.07528 4.73383 4.46823
1125 475 0.0179425 1.09186 4.75735 4.48269
1125 500 0.0151339 1.07765 4.73791 4.47274
1125 50 0.0194647 1.06888 4.72679 4.461
1125 525 0.0161832 1.09353 4.75845 4.48493
1125 550 0.0144841 1.0737 4.73166 4.46615
1125 575 0.0143074 1.08984 4.75428 4.48105
1125 600 0.0140756 1.1279 4.80401 4.52789
1125 625 0.0131473 1.13162 4.81121 4.53456
1125 650 0.0113174 1.17444 4.89956 4.62099
1125 675 0.0114394 1.16837 4.88527 4.60616
1125 700 0.00986633 1.21028 4.99347 4.7037
1125 725 0.00884163 1.23862 5.06805 4.78137
1125 75 0.0174242 1.07133 4.72928 4.46317
1150 100 0.0166448 1.06997 4.72757 4.46165
1150 125 0.0186068 1.0715 4.72951 4.46358
1150 150 0.018097 1.07512 4.73391 4.46815
1150 175 0.0181201 1.06951 4.72756 4.46097
1150 200 0.0179721 1.06828 4.72568 4.45997
1150 225 0.0175473 1.06855 4.72638 4.46062
1150 250 0.0185522 1.06931 4.72738 4.46088
1150 275 0.0195173 1.0708 4.72857 4.46248
1150 300 0.018677 1.07337 4.73114 4.46609
1150 325 0.0179118 1.07288 4.73104 4.4652
1150 350 0.0184997 1.07145 4.72942 4.46334
1150 375 0.0179926 1.07691 4.73671 4.47168
1150 400 0.0182844 1.07458 4.73224 4.46698
1150 425 0.0175592 1.07638 4.73588 4.47038
1150 450 0.0183341 1.08116 4.7426 4.47501
1150 475 0.0170883 1.06752 4.72507 4.45957
1150 500 0.0164166 1.07334 4.73111 4.46598
1150 50 0.0179601 1.0691 4.72685 4.46085
1150 525 0.0166909 1.09085 4.75565 4.48171
1150 550 0.0158771 1.09114 4.75601 4.48158
1150 575 0.0162878 1.09893 4.76635 4.48952
1150 600 0.0144953 1.0952 4.7602 4.48545
1150 625 0.0147916 1.12131 4.79394 4.5166
1150 650 0.013023 1.12602 4.80101 4.52592
1150 675 0.0125209 1.15549 4.8542 4.57681
1150 700 0.0116412 1.1704 4.88984 4.6109
1150 725 0.0102463 1.20381 4.97406 4.68509
1150 750 0.0090111 1.20139 4.96735 4.68087
1150 75 0.0187056 1.07525 4.73392 4.46827
1175 100 0.0191328 1.07135 4.72925 4.46313
1175 125 0.0196815 1.0711 4.72871 4.46293
1175 150 0.0188923 1.07346 4.73096 4.46616
1175 175 0.0182123 1.07142 4.72933 4.46353
1175 200 0.0180577 1.06955 4.7275 4.46101
1175 225 0.0184916 1.0718 4.72985 4.46392
1175 250 0.017624 1.06933 4.72746 4.46092
1175 275 0.0176977 1.07236 4.73067 4.46487
1175 300 0.0191463 1.06859 4.72626 4.46048
1175 325 0.017822 1.07173 4.72967 4.46375
1175 350 0.0184468 1.06945 4.72752 4.46103
1175 375 0.0184175 1.07762 4.73775 4.47272
1175 400 0.0182191 1.07031 4.72796 4.46161
1175 425 0.0182712 1.07594 4.73459 4.46923
1175 450 0.0168631 1.07606 4.73532 4.46931
1175 475 0.0178023 1.07488 4.7331 4.46767
1175 500 0.017 1.07392 4.73164 4.46562
1175 50 0.0180663 1.06557 4.72336 4.45885
1175 525 0.0161148 1.07533 4.73382 4.46824
1175 550 0.01679 1.09624 4.76196 4.48608
1175 575 0.0153677 1.09474 4.7596 4.48454
1175 600 0.0162961 1.1042 4.77258 4.49464
1175 625 0.0148073 1.11138 4.78348 4.50273
1175 650 0.0129874 1.09442 4.75927 4.48425
1175 675 0.0129511 1.12935 4.80672 4.52975
1175 700 0.0127417 1.14953 4.84287 4.56826
1175 725 0.0114706 1.17747 4.90686 4.62569
1175 750 0.00997607 1.19523 4.95275 4.66625
1175 75 0.0185694 1.0701 4.72785 4.46142
1175 775 0.00870485 1.2585 5.13772 4.84123
1200 100 0.0180313 1.07407 4.7317 4.46599
1200 125 0.0179902 1.07154 4.7296 4.46359
1200 150 0.0186244 1.068 4.72542 4.45997
1200 175 0.0188605 1.07079 4.72848 4.46232
1200 200 0.0186913 1.07211 4.73035 4.46426
1200 225 0.0180343 1.07287 4.73102 4.46523
1200 250 0.017786 1.06363 4.72161 4.45779
1200 275 0.0191681 1.07045 4.7285 4.4616
1200 300 0.0180433 1.07166 4.7297 4.46384
1200 325 0.0184852 1.06628 4.72432 4.45966
1200 350 0.0187037 1.06316 4.72118 4.45743
1200 375 0.0178774 1.06688 4.72547 4.45936
1200 400 0.0181392 1.0717 4.72968 4.46395
1200 425 0.0181979 1.07797 4.73862 4.47316
1200 450 0.0178919 1.06686 4.72548 4.45936
1200 475 0.0171172 1.0722 4.73033 4.464
1200 500 0.0173716 1.07388 4.73168 4.46565
1200 50 0.0196852 1.07255 4.73063 4.46505
1200 525 0.0167531 1.0776 4.73771 4.47265
1200 550 0.0160973 1.08948 4.7542 4.48049
1200 575 0.0167414 1.08445 4.74611 4.47739
1200 600 0.0160537 1.08902 4.75382 4.47954
1200 625 0.0156313 1.10989 4.78178 4.50374
1200 650 0.0147156 1.10172 4.76995 4.49157
1200 675 0.0135521 1.11043 4.78227 4.5034
1200 700 0.0132361 1.15577 4.85473 4.57759
1200 725 0.0116207 1.16495 4.87869 4.59866
1200 750 0.0115081 1.18289 4.91733 4.63897
1200 75 0.0179948 1.07158 4.72981 4.46383
1200 775 0.0102574 1.21279 4.99637 4.7103
1200 800 0.0093595 1.23124 5.04664 4.76087
450 50 0.00747711 1.18189 4.91506 4.6347
475 50 0.00943282 1.19308 4.94697 4.6614
475 75 0.00840044 1.20575 4.98109 4.69155
500 100 0.00883375 1.23451 5.05514 4.76849
500 50 0.0100609 1.1734 4.89658 4.61815
500 75 0.00928624 1.16413 4.87595 4.5959
525 100 0.0091741 1.19032 4.93833 4.65371
525 125 0.00784418 1.17834 4.90863 4.62706
525 50 0.0107478 1.13897 4.82275 4.54682
525 75 0.0105635 1.1571 4.85722 4.58021
550 100 0.0106896 1.16817 4.88454 4.60522
550 125 0.00985558 1.20369 4.97366 4.68479
550 150 0.00861507 1.19453 4.95084 4.66337
550 50 0.0127489 1.14959 4.84279 4.56825
550 75 0.0121627 1.15561 4.85452 4.57726
575 100 0.0113097 1.15023 4.8436 4.56905
575 125 0.0113512 1.1459 4.83458 4.5605
575 150 0.00980949 1.16047 4.86653 4.5877
575 175 0.00849857 1.23858 5.06774 4.78109
575 50 0.0125436 1.13921 4.82284 4.54685
575 75 0.0125563 1.12943 4.80689 4.53009
600 100 0.0120277 1.13778 4.82161 4.54499
600 125 0.0117207 1.15121 4.84584 4.56939
600 150 0.0111688 1.18544 4.92474 4.64396
600 175 0.0100309 1.16379 4.87475 4.59507
600 200 0.0094151 1.19926 4.95973 4.67412
600 50 0.0138755 1.12631 4.80119 4.52614
600 75 0.0132566 1.11316 4.78394 4.50336
625 100 0.013139 1.15106 4.84546 4.56918
625 125 0.0129179 1.1285 4.80591 4.52928
625 150 0.0121128 1.17124 4.89128 4.61295
625 175 0.0113661 1.16601 4.87964 4.59983
625 200 0.00988352 1.15913 4.86271 4.5846
625 225 0.00867744 1.19361 4.94827 4.66253
625 50 0.0153203 1.11401 4.78461 4.50527
625 75 0.0149522 1.09895 4.76631 4.48944
650 100 0.0139821 1.11189 4.78389 4.50284
650 125 0.0135812 1.1036 4.7715 4.49316
650 150 0.0128553 1.12037 4.793 4.5155
650 175 0.0125279 1.16447 4.87722 4.59749
650 200 0.0112094 1.16283 4.87149 4.59283
650 225 0.0100991 1.16506 4.8785 4.59842
650 250 0.00932731 1.19465 4.95101 4.66376
650 50 0.0151486 1.10656 4.77611 4.49716
650 75 0.0149998 1.11233 4.78379 4.50276
675 100 0.014483 1.08892 4.7539 4.4796
675 125 0.0143563 1.11562 4.78586 4.50684
675 150 0.0135828 1.12059 4.79299 4.51531
675 175 0.0125346 1.12471 4.79874 4.52394
675 200 0.0117582 1.14149 4.82836 4.55261
675 225 0.0117242 1.16051 4.86653 4.58765
675 250 0.0104429 1.19309 4.94688 4.6614
675 275 0.00908956 1.20057 4.96487 4.67793
675 50 0.0161201 1.09583 4.76127 4.48603
675 75 0.0150432 1.10555 4.77442 4.49643
700 100 0.0156758 1.09556 4.76082 4.48554
700 125 0.0143295 1.11576 4.78637 4.50743
700 150 0.0144506 1.11014 4.782 4.50364
700 175 0.013577 1.11342 4.78448 4.50419
700 200 0.0129818 1.12648 4.8014 4.52593
700 225 0.0119787 1.14473 4.83305 4.55812
700 250 0.0113437 1.15919 4.86311 4.58488
700 275 0.00953146 1.20347 4.97311 4.6847
700 300 0.00867435 1.18592 4.92623 4.64419
700 50 0.0166535 1.09404 4.7586 4.48421
700 75 0.0158619 1.10208 4.77088 4.49193
725 100 0.0160504 1.08603 4.74818 4.47839
725 125 0.0157338 1.10049 4.7678 4.4903
725 150 0.0147196 1.10142 4.76989 4.49121
725 175 0.0141119 1.11064 4.78241 4.50339
725 200 0.0139134 1.12804 4.8044 4.528
725 225 0.0128969 1.12654 4.80146 4.52597
725 250 0.0133504 1.14213 4.82838 4.55418
725 275 0.012404 1.1471 4.83751 4.5628
725 300 0.00987393 1.15961 4.86415 4.5856
725 325 0.00949443 1.19462 4.95088 4.66355
725 50 0.0167593 1.09059 4.75532 4.48147
725 75 0.0161884 1.09031 4.7551 4.48142
750 100 0.0153912 1.08996 4.75438 4.48112
750 125 0.0161023 1.09567 4.76086 4.48572
750 150 0.0157895 1.09043 4.75504 4.48152
750 175 0.0153521 1.10596 4.77486 4.49697
750 200 0.0152392 1.12106 4.79338 4.5157
750 225 0.0141223 1.14137 4.82806 4.55248
750 250 0.0125123 1.13479 4.81689 4.53969
750 275 0.0129064 1.13597 4.81867 4.54169
750 300 0.0106886 1.14135 4.82795 4.55231
750 325 0.0103098 1.17373 4.89747 4.61919
750 350 0.00896333 1.21649 5.00814 4.71933
750 50 0.0165715 1.089 4.75376 4.47947
750 75 0.0160401 1.08415 4.746 4.47698
775 100 0.0165123 1.07586 4.7344 4.46932
775 125 0.0172175 1.09246 4.75735 4.48239
775 150 0.0155905 1.09656 4.76268 4.48628
775 175 0.0152259 1.09705 4.76424 4.48726
775 200 0.0140986 1.10429 4.77266 4.49475
775 225 0.0152054 1.09689 4.76339 4.48708
775 250 0.0149379 1.10554 4.77441 4.49658
775 275 0.0128917 1.11134 4.7833 4.5024
775 300 0.0125147 1.14596 4.83483 4.56052
775 325 0.0107132 1.14581 4.8344 4.56014
775 350 0.00941379 1.13127 4.81057 4.53425
775 375 0.0095209 1.17127 4.8912 4.61316
775 50 0.0169527 1.08407 4.74583 4.47691
775 75 0.0171232 1.08695 4.7489 4.47909
800 100 0.0173306 1.08137 4.74296 4.47489
800 125 0.0172617 1.09087 4.75568 4.48168
800 150 0.0165974 1.08642 4.7489 4.47907
800 175 0.0158073 1.10041 4.76793 4.49036
800 200 0.0155144 1.09166 4.75678 4.48214
800 225 0.0152855 1.09793 4.76507 4.48753
800 250 0.0149842 1.10787 4.77861 4.49918
800 275 0.013949 1.11997 4.79269 4.51491
800 300 0.0142027 1.12284 4.79581 4.51903
800 325 0.0128535 1.15625 4.85586 4.57836
800 350 0.0119331 1.17511 4.90064 4.62195
800 375 0.010239 1.18577 4.92557 4.6442
800 400 0.00955201 1.22145 5.02132 4.73505
800 50 0.0171645 1.07687 4.73653 4.47142
800 75 0.0170228 1.08306 4.74435 4.47556
825 100 0.0160879 1.07894 4.74069 4.47257
825 125 0.0163724 1.09014 4.75499 4.48125
825 150 0.0178698 1.07577 4.73432 4.46937
825 175 0.0156656 1.09469 4.75959 4.4846
825 200 0.015793 1.11977 4.79279 4.5144
825 225 0.0154772 1.0898 4.75436 4.48114
825 250 0.0155837 1.10199 4.77073 4.49223
825 275 0.0147374 1.11874 4.79143 4.51225
825 300 0.0138316 1.11799 4.79 4.51217
825 325 0.0130825 1.13592 4.81857 4.54159
825 350 0.0132527 1.13955 4.82334 4.54798
825 375 0.0109829 1.16157 4.86855 4.58959
825 400 0.00988092 1.158 4.86006 4.58198
825 425 0.00859327 1.18362 4.91902 4.64042
825 50 0.0174943 1.07005 4.72781 4.46156
825 75 0.0167596 1.0751 4.73382 4.46806
850 100 0.0164685 1.08795 4.75288 4.47957
850 125 0.0169554 1.08024 4.74164 4.4734
850 150 0.0167443 1.08603 4.74818 4.47839
850 175 0.0157526 1.08802 4.75283 4.47937
850 200 0.0166731 1.08583 4.75059 4.47863
850 225 0.0167343 1.08346 4.74506 4.4763
850 250 0.0151153 1.09721 4.7648 4.48719
850 275 0.0153572 1.10383 4.77225 4.4942
850 300 0.0158847 1.10645 4.77583 4.49736
850 325 0.0141405 1.11081 4.78261 4.50112
850 350 0.0131106 1.14037 4.82538 4.55021
850 375 0.0122737 1.13394 4.81571 4.53764
850 400 0.0108945 1.13659 4.81998 4.54257
850 425 0.0104484 1.14753 4.83834 4.56404
850 450 0.00979794 1.19172 4.94349 4.6581
850 50 0.0181585 1.08711 4.74879 4.47916
850 75 0.0177453 1.07179 4.72998 4.4638
875 100 0.0174473 1.07469 4.73274 4.46749
875 125 0.0173121 1.06972 4.72751 4.46106
875 150 0.0170208 1.07022 4.72808 4.46151
875 175 0.0174828 1.08287 4.74409 4.47498
875 200 0.0180046 1.08952 4.75422 4.48046
875 225 0.0166832 1.09785 4.76502 4.48775
875 250 0.0164985 1.09622 4.76201 4.48624
875 275 0.0147941 1.10556 4.7746 4.49691
875 300 0.0160074 1.09643 4.76237 4.48589
875 325 0.0145592 1.12211 4.79477 4.51826
875 350 0.0140906 1.12139 4.79412 4.51679
875 375 0.0137489 1.14833 4.84041 4.5659
875 400 0.0125206 1.15868 4.86208 4.5832
875 425 0.0110379 1.18015 4.91245 4.6297
875 450 0.0106471 1.1524 4.84824 4.57205
875 475 0.00844916 1.20626 4.98235 4.69335
875 50 0.0175315 1.06725 4.72534 4.45932
875 75 0.0179075 1.0778 4.7386 4.47283
900 100 0.0183811 1.0717 4.72968 4.46395
900 125 0.0176074 1.0781 4.73897 4.47299
900 150 0.0166506 1.08438 4.74616 4.47713
900 175 0.0178006 1.08422 4.74617 4.47727
900 200 0.0168891 1.08357 4.74521 4.47636
900 225 0.0170402 1.08344 4.74505 4.47614
900 250 0.0154347 1.08791 4.75295 4.47962
900 275 0.0156264 1.09014 4.75499 4.48125
900 300 0.0149697 1.1101 4.78205 4.50377
900 325 0.0158502 1.10024 4.76762 4.48985
900 350 0.0145867 1.10201 4.77075 4.4922
900 375 0.0141361 1.11826 4.79085 4.51217
900 400 0.0134955 1.15046 4.84418 4.56958
900 425 0.0120138 1.13826 4.82191 4.54508
900 450 0.011113 1.15962 4.86423 4.58572
900 475 0.00986805 1.15399 4.85137 4.57453
900 500 0.00853534 1.21376 4.99875 4.71173
900 50 0.0188996 1.07932 4.7411 4.47342
900 75 0.0172476 1.07253 4.7306 4.46503
925 100 0.0173611 1.07246 4.73084 4.46488
925 125 0.017948 1.07221 4.73032 4.46406
925 150 0.0172075 1.07187 4.72995 4.46376
925 175 0.0176037 1.07473 4.733 4.46757
925 200 0.0166608 1.07863 4.73982 4.47227
925 225 0.0163162 1.07647 4.73584 4.47049
925 250 0.0169862 1.08109 4.74272 4.47489
925 275 0.0152648 1.09967 4.76752 4.48955
925 300 0.0150876 1.09001 4.75455 4.48131
925 325 0.0163889 1.09949 4.76705 4.48961
925 350 0.0155822 1.09175 4.75716 4.48225
925 375 0.0150193 1.0944 4.75921 4.48408
925 400 0.0137246 1.12957 4.80701 4.53006
925 425 0.0125244 1.15398 4.85106 4.57456
925 450 0.0125662 1.14672 4.83626 4.56241
925 475 0.0123489 1.16873 4.88639 4.60676
925 500 0.010414 1.17805 4.90811 4.62734
925 50 0.0188279 1.06683 4.72552 4.45961
925 525 0.00897814 1.20889 4.98986 4.70019
925 75 0.0185858 1.07092 4.72865 4.46261
950 100 0.0173786 1.0749 4.73305 4.46759
950 125 0.018832 1.06804 4.72546 4.46001
950 150 0.0173642 1.07375 4.73156 4.46566
950 175 0.0180149 1.08057 4.74214 4.47408
950 200 0.0182174 1.07835 4.7394 4.4725
950 225 0.0168763 1.0692 4.72712 4.46054
950 250 0.0183465 1.07325 4.73094 4.46566
950 275 0.0174201 1.09507 4.76001 4.4852
950 300 0.0170949 1.09098 4.75575 4.48162
950 325 0.0164428 1.08545 4.74941 4.47807
950 350 0.0158054 1.09723 4.7648 4.4872
950 375 0.0147506 1.10138 4.76975 4.49072
950 400 0.0146759 1.11813 4.7904 4.5117
950 425 0.01473 1.11981 4.79287 4.51443
950 450 0.013126 1.10932 4.78048 4.50242
950 475 0.0128431 1.143 4.82924 4.55446
950 500 0.0112478 1.15957 4.86412 4.58549
950 50 0.0187013 1.07533 4.73382 4.46824
950 525 0.00966568 1.18702 4.92919 4.64598
950 550 0.00959743 1.23154 5.04686 4.76058
950 75 0.0186764 1.06473 4.72279 4.45889
975 100 0.0174547 1.06462 4.72236 4.45878
975 125 0.017484 1.06728 4.72533 4.45934
975 150 0.0187342 1.08132 4.74293 4.47491
975 175 0.0188234 1.07919 4.74042 4.47318
975 200 0.0169283 1.07152 4.72956 4.46354
975 225 0.0175406 1.07624 4.73533 4.46948
975 250 0.0181645 1.07566 4.73438 4.46865
975 275 0.0172843 1.07949 4.74162 4.47363
975 300 0.0167566 1.0967 4.76291 4.48655
975 325 0.0175748 1.08239 4.74408 4.47483
975 350 0.0165932 1.08393 4.74562 4.47657
975 375 0.0151995 1.094 4.75866 4.48447
975 400 0.015773 1.09301 4.75769 4.48348
975 425 0.0145836 1.1099 4.78179 4.50364
975 450 0.0139031 1.10971 4.78129 4.50306
975 475 0.012642 1.13609 4.8187 4.54174
975 500 0.0117149 1.14401 4.83109 4.55686
975 50 0.0180267 1.07058 4.72837 4.46169
975 525 0.011536 1.18045 4.91281 4.63046
975 550 0.0105135 1.20837 4.98867 4.6991
975 575 0.00917036 1.24531 5.08799 4.8021
975 75 0.0191081 1.07082 4.72854 4.46258
