         450          50     0.00262     1.29538     2.79310     3.23245
         475          50     0.00366     1.24278     2.76966     3.14555
         475          75     0.00268     1.31623     2.80375     3.27118
         500          50     0.00492     1.25541     2.77476     3.16477
         500          75     0.00364     1.29305     2.79192     3.22814
         500         100     0.00312     1.29025     2.79049     3.22297
         525          50     0.00511     1.23334     2.76587     3.13132
         525          75     0.00493     1.24756     2.77158     3.15279
         525         100     0.00430     1.27153     2.78135     3.18953
         525         125     0.00291     1.32241     2.80691     3.28271
         550          50     0.00672     1.19104     2.76708     3.07321
         550          75     0.00627     1.25402     2.77420     3.16263
         550         100     0.00543     1.25266     2.77365     3.16056
         550         125     0.00450     1.24933     2.77230     3.15549
         550         150     0.00331     1.29199     2.79138     3.22618
         575          50     0.00703     1.19257     2.76671     3.07519
         575          75     0.00679     1.18999     2.76733     3.07186
         575         100     0.00641     1.18442     2.76867     3.06473
         575         125     0.00591     1.21547     2.76109     3.10524
         575         150     0.00470     1.22931     2.76427     3.12528
         575         175     0.00363     1.34110     2.81656     3.31779
         600          50     0.00859     1.17338     2.77128     3.05077
         600          75     0.00777     1.17984     2.76976     3.05890
         600         100     0.00712     1.18878     2.76762     3.07031
         600         125     0.00699     1.23137     2.76509     3.12836
         600         150     0.00594     1.20538     2.76359     3.09189
         600         175     0.00508     1.26655     2.77931     3.18185
         600         200     0.00422     1.23813     2.76779     3.13852
         625          50     0.00974     1.14612     2.77827     3.02856
         625          75     0.00923     1.13892     2.78025     3.02586
         625         100     0.00817     1.19566     2.76596     3.07919
         625         125     0.00827     1.16173     2.77398     3.03635
         625         150     0.00663     1.24246     2.76952     3.14506
         625         175     0.00665     1.20340     2.76407     3.08929
         625         200     0.00516     1.25807     2.77584     3.16883
         625         225     0.00409     1.31521     2.80322     3.26928
         650          50     0.01014     1.14658     2.77814     3.02873
         650          75     0.01003     1.16623     2.77294     3.04188
         650         100     0.00926     1.14316     2.77909     3.02744
         650         125     0.00921     1.13857     2.78034     3.02573
         650         150     0.00748     1.18407     2.76875     3.06428
         650         175     0.00742     1.20556     2.76354     3.09212
         650         200     0.00618     1.20772     2.76301     3.09497
         650         225     0.00536     1.23002     2.76455     3.12634
         650         250     0.00387     1.22294     2.76174     3.11578
         675          50     0.01134     1.12731     2.78335     3.02162
         675          75     0.01094     1.14271     2.77921     3.02727
         675         100     0.01000     1.14514     2.77854     3.02819
         675         125     0.00978     1.15131     2.77682     3.03054
         675         150     0.00915     1.14939     2.77736     3.02981
         675         175     0.00752     1.20463     2.76377     3.09091
         675         200     0.00711     1.21222     2.76190     3.10092
         675         225     0.00722     1.20305     2.76416     3.08883
         675         250     0.00536     1.25478     2.77451     3.16380
         675         275     0.00430     1.27156     2.78136     3.18958
         700          50     0.01208     1.13302     2.78184     3.02368
         700          75     0.01125     1.11848     2.78561     3.01852
         700         100     0.01089     1.14486     2.77862     3.02808
         700         125     0.01030     1.14822     2.77769     3.02936
         700         150     0.00987     1.14749     2.77789     3.02908
         700         175     0.00921     1.15524     2.77571     3.03206
         700         200     0.00796     1.16574     2.77306     3.04128
         700         225     0.00809     1.15686     2.77525     3.03269
         700         250     0.00684     1.21701     2.76070     3.10729
         700         275     0.00500     1.29727     2.79406     3.23595
         700         300     0.00465     1.27297     2.78194     3.19175
         725          50     0.01252     1.12136     2.78488     3.01952
         725          75     0.01218     1.11481     2.78653     3.01726
         725         100     0.01203     1.11878     2.78554     3.01862
         725         125     0.01172     1.13254     2.78197     3.02351
         725         150     0.01066     1.12670     2.78350     3.02140
         725         175     0.01010     1.16370     2.77352     3.03877
         725         200     0.00919     1.18543     2.76843     3.06601
         725         225     0.00866     1.14512     2.77855     3.02818
         725         250     0.00855     1.17355     2.77124     3.05098
         725         275     0.00768     1.19411     2.76634     3.07718
         725         300     0.00562     1.22741     2.76351     3.12243
         725         325     0.00489     1.27374     2.78225     3.19294
         750          50     0.01334     1.11010     2.78769     3.01568
         750          75     0.01239     1.10775     2.78825     3.01491
         750         100     0.01102     1.12487     2.78398     3.02075
         750         125     0.01204     1.11680     2.78603     3.01794
         750         150     0.01176     1.12691     2.78345     3.02148
         750         175     0.01145     1.12972     2.78271     3.02249
         750         200     0.01047     1.13907     2.78021     3.02591
         750         225     0.01013     1.15514     2.77574     3.03202
         750         250     0.00877     1.16464     2.77331     3.03992
         750         275     0.00800     1.18272     2.76907     3.06256
         750         300     0.00675     1.17625     2.77060     3.05437
         750         325     0.00541     1.25379     2.77410     3.16228
         750         350     0.00459     1.26854     2.78012     3.18492
         775          50     0.01325     1.10551     2.78879     3.01418
         775          75     0.01276     1.10415     2.78911     3.01374
         775         100     0.01264     1.10678     2.78849     3.01459
         775         125     0.01288     1.10978     2.78777     3.01558
         775         150     0.01223     1.12442     2.78409     3.02060
         775         175     0.01145     1.12723     2.78336     3.02159
         775         200     0.01041     1.13158     2.78222     3.02316
         775         225     0.01102     1.13141     2.78226     3.02310
         775         250     0.01016     1.14562     2.77841     3.02837
         775         275     0.00899     1.16117     2.77410     3.03567
         775         300     0.00816     1.17913     2.76993     3.05800
         775         325     0.00627     1.21935     2.76033     3.11046
         775         350     0.00561     1.19982     2.76495     3.08460
         775         375     0.00521     1.24664     2.77121     3.15139
         800          50     0.01367     1.09665     2.79083     3.01138
         800          75     0.01346     1.10421     2.78909     3.01376
         800         100     0.01361     1.11460     2.78658     3.01719
         800         125     0.01329     1.11047     2.78760     3.01581
         800         150     0.01263     1.12139     2.78487     3.01953
         800         175     0.01168     1.11341     2.78688     3.01679
         800         200     0.01147     1.11377     2.78679     3.01691
         800         225     0.01170     1.14707     2.77801     3.02892
         800         250     0.01069     1.16125     2.77409     3.03576
         800         275     0.01022     1.15800     2.77492     3.03314
         800         300     0.00961     1.15167     2.77672     3.03068
         800         325     0.00892     1.17306     2.77135     3.05037
         800         350     0.00750     1.21223     2.76189     3.10094
         800         375     0.00564     1.25009     2.77260     3.15664
         800         400     0.00506     1.25015     2.77263     3.15673
         825          50     0.01359     1.09451     2.79131     3.01072
         825          75     0.01325     1.08874     2.79275     3.00906
         825         100     0.01254     1.11434     2.78665     3.01710
         825         125     0.01278     1.10743     2.78833     3.01480
         825         150     0.01357     1.09806     2.79052     3.01182
         825         175     0.01213     1.10575     2.78873     3.01426
         825         200     0.01202     1.14763     2.77785     3.02913
         825         225     0.01165     1.11826     2.78567     3.01844
         825         250     0.01143     1.12960     2.78274     3.02244
         825         275     0.01135     1.13138     2.78227     3.02309
         825         300     0.01009     1.15349     2.77621     3.03138
         825         325     0.00876     1.15242     2.77651     3.03097
         825         350     0.00915     1.16956     2.77217     3.04600
         825         375     0.00705     1.23709     2.76737     3.13695
         825         400     0.00594     1.23928     2.76825     3.14026
         825         425     0.00428     1.29320     2.79199     3.22842
         850          50     0.01488     1.09828     2.79047     3.01188
         850          75     0.01430     1.08844     2.79291     3.00900
         850         100     0.01319     1.09807     2.79051     3.01182
         850         125     0.01369     1.08496     2.79473     3.00831
         850         150     0.01361     1.11113     2.78744     3.01603
         850         175     0.01263     1.08955     2.79240     3.00924
         850         200     0.01320     1.10470     2.78898     3.01392
         850         225     0.01243     1.12103     2.78497     3.01940
         850         250     0.01166     1.12221     2.78467     3.01982
         850         275     0.01191     1.14416     2.77881     3.02782
         850         300     0.01201     1.13189     2.78214     3.02327
         850         325     0.00993     1.13351     2.78170     3.02386
         850         350     0.00887     1.18085     2.76952     3.06018
         850         375     0.00834     1.16749     2.77265     3.04344
         850         400     0.00729     1.18296     2.76902     3.06286
         850         425     0.00578     1.21135     2.76211     3.09977
         850         450     0.00513     1.22906     2.76417     3.12491
         875          50     0.01478     1.08498     2.79472     3.00831
         875          75     0.01410     1.09231     2.79180     3.01006
         875         100     0.01413     1.10439     2.78905     3.01381
         875         125     0.01428     1.08601     2.79419     3.00851
         875         150     0.01387     1.08619     2.79409     3.00855
         875         175     0.01393     1.11426     2.78667     3.01708
         875         200     0.01414     1.11080     2.78752     3.01592
         875         225     0.01332     1.12247     2.78460     3.01991
         875         250     0.01355     1.11884     2.78552     3.01864
         875         275     0.01169     1.11467     2.78657     3.01722
         875         300     0.01206     1.13067     2.78246     3.02283
         875         325     0.01081     1.14033     2.77986     3.02638
         875         350     0.01031     1.16431     2.77338     3.03952
         875         375     0.00941     1.16476     2.77328     3.04007
         875         400     0.00837     1.19190     2.76687     3.07432
         875         425     0.00739     1.21146     2.76208     3.09992
         875         450     0.00656     1.19698     2.76564     3.08091
         875         475     0.00449     1.24579     2.77087     3.15011
         900          50     0.01514     1.09602     2.79098     3.01118
         900          75     0.01420     1.08726     2.79353     3.00876
         900         100     0.01545     1.07713     2.79864     3.00682
         900         125     0.01449     1.11195     2.78724     3.01630
         900         150     0.01365     1.11332     2.78690     3.01676
         900         175     0.01446     1.10159     2.78971     3.01292
         900         200     0.01370     1.11299     2.78698     3.01665
         900         225     0.01351     1.08706     2.79364     3.00872
         900         250     0.01151     1.10097     2.78985     3.01273
         900         275     0.01182     1.11291     2.78700     3.01662
         900         300     0.01178     1.14041     2.77984     3.02641
         900         325     0.01132     1.12862     2.78300     3.02209
         900         350     0.01077     1.14568     2.77839     3.02839
         900         375     0.01048     1.13411     2.78155     3.02408
         900         400     0.00925     1.17682     2.77047     3.05509
         900         425     0.00831     1.18201     2.76924     3.06166
         900         450     0.00724     1.20392     2.76394     3.08997
         900         475     0.00616     1.24685     2.77130     3.15172
         900         500     0.00454     1.26599     2.77907     3.18098
         925          50     0.01571     1.08683     2.79376     3.00867
         925          75     0.01564     1.08053     2.79697     3.00746
         925         100     0.01417     1.09094     2.79210     3.00965
         925         125     0.01463     1.10586     2.78871     3.01429
         925         150     0.01402     1.08416     2.79514     3.00815
         925         175     0.01452     1.08369     2.79538     3.00806
         925         200     0.01378     1.08174     2.79637     3.00768
         925         225     0.01326     1.08943     2.79242     3.00921
         925         250     0.01357     1.10437     2.78906     3.01381
         925         275     0.01182     1.11216     2.78719     3.01637
         925         300     0.01221     1.10494     2.78892     3.01399
         925         325     0.01265     1.12619     2.78364     3.02122
         925         350     0.01191     1.11968     2.78531     3.01894
         925         375     0.01127     1.14081     2.77973     3.02656
         925         400     0.01074     1.16432     2.77338     3.03953
         925         425     0.00924     1.17888     2.76998     3.05769
         925         450     0.00869     1.19557     2.76598     3.07907
         925         475     0.00798     1.20236     2.76433     3.08792
         925         500     0.00642     1.22448     2.76235     3.11807
         925         525     0.00514     1.28037     2.78550     3.20480
         950          50     0.01541     1.08999     2.79230     3.00937
         950          75     0.01538     1.08688     2.79373     3.00868
         950         100     0.01458     1.08341     2.79553     3.00800
         950         125     0.01640     1.07522     2.79955     3.00648
         950         150     0.01482     1.09016     2.79226     3.00942
         950         175     0.01515     1.09137     2.79200     3.00978
         950         200     0.01533     1.08399     2.79523     3.00812
         950         225     0.01388     1.09074     2.79214     3.00959
         950         250     0.01577     1.09286     2.79168     3.01023
         950         275     0.01364     1.09427     2.79137     3.01065
         950         300     0.01332     1.10202     2.78961     3.01306
         950         325     0.01304     1.12416     2.78416     3.02050
         950         350     0.01286     1.12045     2.78511     3.01920
         950         375     0.01182     1.12239     2.78462     3.01988
         950         400     0.01182     1.13180     2.78216     3.02324
         950         425     0.01096     1.14574     2.77838     3.02842
         950         450     0.00956     1.15233     2.77653     3.03094
         950         475     0.00923     1.16810     2.77251     3.04420
         950         500     0.00753     1.19185     2.76688     3.07426
         950         525     0.00578     1.20799     2.76294     3.09533
         950         550     0.00481     1.28260     2.78663     3.20890
         975          50     0.01511     1.08592     2.79423     3.00850
         975          75     0.01543     1.08367     2.79539     3.00806
         975         100     0.01485     1.07857     2.79794     3.00709
         975         125     0.01430     1.08499     2.79472     3.00831
         975         150     0.01566     1.09049     2.79219     3.00952
         975         175     0.01541     1.10468     2.78898     3.01391
         975         200     0.01418     1.08598     2.79420     3.00851
         975         225     0.01407     1.09019     2.79226     3.00943
         975         250     0.01464     1.07974     2.79737     3.00731
         975         275     0.01427     1.10349     2.78926     3.01353
         975         300     0.01328     1.10184     2.78965     3.01300
         975         325     0.01407     1.09280     2.79169     3.01021
         975         350     0.01311     1.10284     2.78942     3.01332
         975         375     0.01226     1.11214     2.78719     3.01636
         975         400     0.01309     1.11003     2.78770     3.01566
         975         425     0.01209     1.13901     2.78022     3.02589
         975         450     0.00990     1.13356     2.78169     3.02388
         975         475     0.00952     1.12569     2.78377     3.02105
         975         500     0.00816     1.17475     2.77096     3.05249
         975         525     0.00766     1.24215     2.76940     3.14460
         975         550     0.00606     1.27049     2.78092     3.18792
         975         575     0.00501     1.23513     2.76659     3.13401
        1000          50     0.01657     1.08486     2.79478     3.00829
        1000         225     0.01536     1.09125     2.79203     3.00974
        1000         250     0.01484     1.07188     2.80111     3.00589
        1000         275     0.01468     1.08894     2.79265     3.00910
        1000         300     0.01448     1.09395     2.79144     3.01055
        1000         325     0.01463     1.11583     2.78628     3.01761
        1000         350     0.01296     1.09404     2.79142     3.01058
        1000         375     0.01276     1.11147     2.78735     3.01614
        1000         400     0.01189     1.12981     2.78269     3.02252
        1000         425     0.01213     1.12663     2.78352     3.02138
        1000         450     0.01199     1.13948     2.78010     3.02606
        1000         475     0.01129     1.16134     2.77407     3.03588
        1000         500     0.01068     1.16830     2.77246     3.04444
        1000         525     0.00921     1.15706     2.77519     3.03277
        1000         550     0.00736     1.18920     2.76752     3.07084
        1000         575     0.00681     1.23141     2.76510     3.12843
        1000         600     0.00468     1.25434     2.77433     3.16312
        1025          50     0.01550     1.07210     2.80102     3.00592
        1025          75     0.01603     1.07695     2.79873     3.00679
        1025         100     0.01555     1.08710     2.79362     3.00873
        1025         125     0.01567     1.08273     2.79587     3.00787
        1025         150     0.01531     1.08991     2.79232     3.00935
        1025         175     0.01514     1.08495     2.79474     3.00830
        1025         200     0.01475     1.08741     2.79345     3.00879
        1025         225     0.01505     1.08688     2.79373     3.00869
        1025         250     0.01471     1.07563     2.79936     3.00655
        1025         275     0.01571     1.07488     2.79972     3.00642
        1025         300     0.01439     1.11193     2.78724     3.01629
        1025         325     0.01424     1.09415     2.79139     3.01061
        1025         350     0.01381     1.09145     2.79199     3.00981
        1025         375     0.01368     1.10296     2.78939     3.01336
        1025         400     0.01319     1.10540     2.78881     3.01414
        1025         425     0.01209     1.11207     2.78721     3.01634
        1025         450     0.01135     1.11665     2.78607     3.01789
        1025         475     0.01093     1.12042     2.78512     3.01919
        1025         500     0.01120     1.15935     2.77453     3.03367
        1025         525     0.00917     1.16619     2.77295     3.04184
        1025         550     0.00868     1.16130     2.77407     3.03583
        1025         575     0.00783     1.18247     2.76913     3.06224
        1025         600     0.00650     1.18860     2.76767     3.07008
        1025         625     0.00492     1.27336     2.78210     3.19236
        1050          50     0.01621     1.08139     2.79655     3.00762
        1050          75     0.01591     1.07277     2.80071     3.00604
        1050         100     0.01666     1.07728     2.79857     3.00685
        1050         125     0.01568     1.07616     2.79911     3.00665
        1050         150     0.01572     1.07395     2.80015     3.00625
        1050         175     0.01527     1.07725     2.79858     3.00685
        1050         200     0.01573     1.08534     2.79453     3.00838
        1050         225     0.01472     1.08540     2.79450     3.00839
        1050         250     0.01523     1.08647     2.79394     3.00860
        1050         275     0.01452     1.10435     2.78906     3.01380
        1050         300     0.01448     1.08979     2.79234     3.00931
        1050         325     0.01521     1.08450     2.79497     3.00822
        1050         350     0.01397     1.09209     2.79185     3.00999
        1050         375     0.01429     1.08295     2.79576     3.00792
        1050         400     0.01412     1.09245     2.79177     3.01010
        1050         425     0.01261     1.10879     2.78800     3.01525
        1050         450     0.01277     1.12153     2.78484     3.01958
        1050         475     0.01148     1.11294     2.78699     3.01663
        1050         500     0.01147     1.15127     2.77683     3.03053
        1050         525     0.01076     1.12615     2.78365     3.02121
        1050         550     0.00938     1.15118     2.77686     3.03049
        1050         575     0.00874     1.18849     2.76769     3.06993
        1050         600     0.00716     1.22170     2.76125     3.11393
        1050         625     0.00601     1.22203     2.76138     3.11443
        1050         650     0.00483     1.27065     2.78098     3.18817
        1075          50     0.01592     1.08449     2.79497     3.00821
        1075          75     0.01679     1.08285     2.79581     3.00790
        1075         100     0.01637     1.07967     2.79740     3.00729
        1075         125     0.01624     1.08793     2.79318     3.00889
        1075         150     0.01601     1.07939     2.79754     3.00724
        1075         175     0.01639     1.07962     2.79742     3.00729
        1075         200     0.01560     1.07913     2.79767     3.00719
        1075         225     0.01544     1.07341     2.80041     3.00615
        1075         250     0.01551     1.07429     2.80000     3.00631
        1075         275     0.01485     1.09006     2.79229     3.00939
        1075         300     0.01455     1.09051     2.79219     3.00952
        1075         325     0.01511     1.09272     2.79171     3.01018
        1075         350     0.01524     1.07642     2.79898     3.00670
        1075         375     0.01461     1.09381     2.79147     3.01051
        1075         400     0.01399     1.09833     2.79046     3.01190
        1075         425     0.01422     1.09663     2.79084     3.01137
        1075         450     0.01327     1.09799     2.79053     3.01179
        1075         475     0.01296     1.10693     2.78845     3.01464
        1075         500     0.01213     1.11308     2.78696     3.01668
        1075         525     0.01093     1.13069     2.78245     3.02284
        1075         550     0.01070     1.14101     2.77968     3.02663
        1075         575     0.00978     1.16459     2.77332     3.03986
        1075         600     0.00876     1.17597     2.77067     3.05402
        1075         625     0.00736     1.21461     2.76130     3.10409
        1075         650     0.00646     1.21552     2.76108     3.10530
        1075         675     0.00503     1.27843     2.78452     3.20125
        1100          50     0.01563     1.07228     2.80093     3.00596
        1100          75     0.01625     1.07999     2.79724     3.00735
        1100         100     0.01622     1.07464     2.79983     3.00637
        1100         125     0.01576     1.07820     2.79813     3.00702
        1100         150     0.01618     1.08236     2.79606     3.00780
        1100         175     0.01554     1.07869     2.79788     3.00711
        1100         200     0.01683     1.07898     2.79774     3.00717
        1100         225     0.01541     1.07597     2.79920     3.00661
        1100         250     0.01547     1.08240     2.79604     3.00781
        1100         275     0.01637     1.07978     2.79735     3.00731
        1100         300     0.01496     1.08775     2.79327     3.00886
        1100         325     0.01378     1.08976     2.79235     3.00930
        1100         350     0.01494     1.08172     2.79638     3.00768
        1100         375     0.01445     1.10238     2.78952     3.01317
        1100         400     0.01499     1.10047     2.78996     3.01257
        1100         425     0.01377     1.09646     2.79088     3.01132
        1100         450     0.01426     1.10332     2.78930     3.01347
        1100         475     0.01342     1.08572     2.79434     3.00845
        1100         500     0.01258     1.10489     2.78894     3.01398
        1100         525     0.01195     1.09926     2.79024     3.01219
        1100         550     0.01127     1.12999     2.78264     3.02258
        1100         575     0.01025     1.11926     2.78542     3.01879
        1100         600     0.00994     1.14562     2.77841     3.02837
        1100         625     0.00939     1.18178     2.76930     3.06136
        1100         650     0.00765     1.18002     2.76971     3.05913
        1100         675     0.00632     1.22901     2.76415     3.12483
        1100         700     0.00505     1.25820     2.77590     3.16903
        1125          50     0.01736     1.07931     2.79758     3.00723
        1125          75     0.01506     1.08054     2.79697     3.00746
        1125         100     0.01561     1.07492     2.79970     3.00642
        1125         125     0.01669     1.07840     2.79802     3.00706
        1125         150     0.01682     1.07701     2.79870     3.00680
        1125         175     0.01672     1.07701     2.79870     3.00680
        1125         200     0.01680     1.08061     2.79693     3.00747
        1125         225     0.01564     1.07985     2.79731     3.00733
        1125         250     0.01613     1.06976     2.80208     3.00552
        1125         275     0.01487     1.07382     2.80022     3.00623
        1125         300     0.01558     1.07953     2.79747     3.00727
        1125         325     0.01479     1.08752     2.79339     3.00881
        1125         350     0.01467     1.08242     2.79603     3.00781
        1125         375     0.01580     1.08876     2.79274     3.00906
        1125         400     0.01525     1.08208     2.79620     3.00775
        1125         425     0.01540     1.09400     2.79143     3.01057
        1125         450     0.01415     1.08886     2.79268     3.00908
        1125         475     0.01478     1.09819     2.79049     3.01185
        1125         500     0.01241     1.09107     2.79207     3.00969
        1125         525     0.01297     1.11342     2.78687     3.01680
        1125         550     0.01122     1.10160     2.78971     3.01292
        1125         575     0.01136     1.11972     2.78530     3.01895
        1125         600     0.01044     1.15576     2.77556     3.03226
        1125         625     0.00983     1.15683     2.77526     3.03268
        1125         650     0.00837     1.22153     2.76118     3.11368
        1125         675     0.00802     1.20278     2.76422     3.08848
        1125         700     0.00629     1.24139     2.76909     3.14344
        1125         725     0.00499     1.28882     2.78977     3.22035
        1150          50     0.01595     1.07745     2.79849     3.00688
        1150          75     0.01628     1.08496     2.79473     3.00831
        1150         100     0.01498     1.08099     2.79674     3.00754
        1150         125     0.01611     1.08006     2.79721     3.00737
        1150         150     0.01568     1.08262     2.79593     3.00785
        1150         175     0.01603     1.08036     2.79706     3.00742
        1150         200     0.01547     1.07778     2.79833     3.00694
        1150         225     0.01547     1.07157     2.80125     3.00583
        1150         250     0.01599     1.08651     2.79392     3.00861
        1150         275     0.01680     1.07120     2.80143     3.00577
        1150         300     0.01610     1.08065     2.79692     3.00748
        1150         325     0.01517     1.07896     2.79775     3.00716
        1150         350     0.01631     1.09088     2.79211     3.00964
        1150         375     0.01533     1.08335     2.79556     3.00799
        1150         400     0.01579     1.07985     2.79731     3.00733
        1150         425     0.01531     1.08047     2.79701     3.00744
        1150         450     0.01523     1.09562     2.79107     3.01106
        1150         475     0.01473     1.08301     2.79573     3.00793
        1150         500     0.01377     1.08902     2.79260     3.00911
        1150         525     0.01381     1.10305     2.78937     3.01339
        1150         550     0.01283     1.10015     2.79004     3.01247
        1150         575     0.01247     1.12709     2.78340     3.02154
        1150         600     0.01139     1.11657     2.78609     3.01786
        1150         625     0.01176     1.13300     2.78184     3.02368
        1150         650     0.00940     1.16672     2.77283     3.04249
        1150         675     0.00880     1.20253     2.76429     3.08815
        1150         700     0.00835     1.19760     2.76549     3.08171
        1150         725     0.00601     1.24812     2.77181     3.15365
        1150         750     0.00515     1.25057     2.77280     3.15737
        1175          50     0.01589     1.07285     2.80067     3.00606
        1175          75     0.01625     1.08388     2.79528     3.00810
        1175         100     0.01699     1.08086     2.79681     3.00752
        1175         125     0.01769     1.07368     2.80028     3.00620
        1175         150     0.01681     1.08140     2.79654     3.00762
        1175         175     0.01647     1.08144     2.79652     3.00763
        1175         200     0.01613     1.07784     2.79830     3.00695
        1175         225     0.01659     1.07602     2.79917     3.00662
        1175         250     0.01550     1.08064     2.79692     3.00748
        1175         275     0.01625     1.08546     2.79447     3.00840
        1175         300     0.01629     1.07071     2.80165     3.00568
        1175         325     0.01587     1.07735     2.79853     3.00686
        1175         350     0.01613     1.07483     2.79974     3.00641
        1175         375     0.01599     1.09265     2.79172     3.01016
        1175         400     0.01579     1.08065     2.79691     3.00748
        1175         425     0.01531     1.08087     2.79681     3.00752
        1175         450     0.01495     1.08281     2.79583     3.00789
        1175         475     0.01494     1.09450     2.79132     3.01072
        1175         500     0.01407     1.08733     2.79349     3.00877
        1175         525     0.01312     1.08888     2.79268     3.00908
        1175         550     0.01355     1.11292     2.78700     3.01662
        1175         575     0.01301     1.11501     2.78648     3.01733
        1175         600     0.01308     1.12069     2.78505     3.01929
        1175         625     0.01146     1.12175     2.78478     3.01966
        1175         650     0.01001     1.11935     2.78539     3.01882
        1175         675     0.00955     1.15709     2.77518     3.03278
        1175         700     0.00966     1.18372     2.76883     3.06383
        1175         725     0.00798     1.20357     2.76403     3.08952
        1175         750     0.00619     1.23931     2.76826     3.14030
        1175         775     0.00468     1.27433     2.78250     3.19386
        1200          50     0.01761     1.07819     2.79813     3.00702
        1200          75     0.01597     1.07837     2.79804     3.00705
        1200         100     0.01609     1.08127     2.79660     3.00760
        1200         125     0.01586     1.07678     2.79881     3.00676
        1200         150     0.01690     1.07400     2.80013     3.00626
        1200         175     0.01672     1.07873     2.79786     3.00712
        1200         200     0.01732     1.07549     2.79943     3.00653
        1200         225     0.01611     1.07953     2.79747     3.00727
        1200         250     0.01579     1.07374     2.80025     3.00621
        1200         275     0.01686     1.08104     2.79672     3.00755
        1200         300     0.01551     1.08082     2.79683     3.00751
        1200         325     0.01658     1.07442     2.79993     3.00633
        1200         350     0.01666     1.07227     2.80093     3.00596
        1200         375     0.01542     1.07314     2.80053     3.00611
        1200         400     0.01550     1.07997     2.79725     3.00735
        1200         425     0.01580     1.08471     2.79486     3.00826
        1200         450     0.01561     1.07539     2.79947     3.00651
        1200         475     0.01420     1.08369     2.79538     3.00806
        1200         500     0.01445     1.09081     2.79213     3.00961
        1200         525     0.01410     1.09396     2.79144     3.01056
        1200         550     0.01359     1.10804     2.78818     3.01500
        1200         575     0.01327     1.09240     2.79178     3.01009
        1200         600     0.01259     1.10860     2.78805     3.01519
        1200         625     0.01286     1.13192     2.78213     3.02328
        1200         650     0.01159     1.12455     2.78406     3.02064
        1200         675     0.01051     1.13239     2.78201     3.02345
        1200         700     0.00962     1.20458     2.76378     3.09084
        1200         725     0.00844     1.19336     2.76652     3.07622
        1200         750     0.00770     1.18655     2.76816     3.06744
        1200         775     0.00619     1.23623     2.76703     3.13567
        1200         800     0.00533     1.25480     2.77451     3.16383
