         450          50     0.01211     1.08029     7.30721     7.77475
         475          50     0.01371     1.07591     7.30156     7.76847
         475          75     0.01257     1.07183     7.29650     7.76285
         500          50     0.01314     1.06647     7.29016     7.75582
         500          75     0.01379     1.07689     7.30281     7.76986
         500         100     0.01308     1.07141     7.29599     7.76229
         525          50     0.01355     1.08147     7.30877     7.77648
         525          75     0.01351     1.06806     7.29200     7.75786
         525         100     0.01342     1.07630     7.30205     7.76902
         525         125     0.01280     1.07098     7.29547     7.76171
         550          50     0.01604     1.06887     7.29294     7.75891
         550          75     0.01570     1.07133     7.29589     7.76217
         550         100     0.01364     1.06397     7.28734     7.75268
         550         125     0.01359     1.07452     7.29980     7.76652
         550         150     0.01316     1.08326     7.31117     7.77915
         575          50     0.01516     1.05957     7.28257     7.74738
         575          75     0.01489     1.07307     7.29801     7.76453
         575         100     0.01393     1.06572     7.28930     7.75486
         575         125     0.01449     1.05753     7.28046     7.74504
         575         150     0.01312     1.07203     7.29673     7.76312
         575         175     0.01246     1.07549     7.30102     7.76788
         600          50     0.01607     1.06977     7.29402     7.76010
         600          75     0.01513     1.06084     7.28392     7.74888
         600         100     0.01467     1.06064     7.28371     7.74865
         600         125     0.01451     1.07802     7.30426     7.77147
         600         150     0.01462     1.07959     7.30629     7.77373
         600         175     0.01430     1.07787     7.30405     7.77124
         600         200     0.01358     1.07236     7.29714     7.76357
         625          50     0.01710     1.06631     7.28997     7.75561
         625          75     0.01677     1.06777     7.29166     7.75749
         625         100     0.01517     1.07094     7.29542     7.76165
         625         125     0.01543     1.06742     7.29125     7.75703
         625         150     0.01457     1.07016     7.29448     7.76061
         625         175     0.01466     1.07429     7.29952     7.76621
         625         200     0.01394     1.07083     7.29528     7.76150
         625         225     0.01292     1.08280     7.31055     7.77846
         650          50     0.01710     1.06238     7.28558     7.75073
         650          75     0.01692     1.06645     7.29013     7.75579
         650         100     0.01593     1.06335     7.28664     7.75191
         650         125     0.01544     1.06592     7.28953     7.75512
         650         150     0.01491     1.06815     7.29210     7.75797
         650         175     0.01540     1.07868     7.30511     7.77242
         650         200     0.01410     1.06635     7.29003     7.75567
         650         225     0.01327     1.07540     7.30092     7.76776
         650         250     0.01304     1.06804     7.29197     7.75783
         675          50     0.01764     1.06029     7.28333     7.74823
         675          75     0.01640     1.06335     7.28665     7.75192
         675         100     0.01637     1.06083     7.28390     7.74887
         675         125     0.01604     1.06443     7.28784     7.75324
         675         150     0.01533     1.06461     7.28805     7.75347
         675         175     0.01465     1.06346     7.28677     7.75205
         675         200     0.01437     1.05993     7.28295     7.74781
         675         225     0.01492     1.06581     7.28941     7.75498
         675         250     0.01326     1.07258     7.29741     7.76387
         675         275     0.01318     1.07308     7.29802     7.76454
         700          50     0.01752     1.06208     7.28525     7.75036
         700          75     0.01710     1.05886     7.28183     7.74656
         700         100     0.01695     1.06082     7.28389     7.74885
         700         125     0.01645     1.06919     7.29333     7.75933
         700         150     0.01613     1.06311     7.28638     7.75162
         700         175     0.01583     1.06405     7.28742     7.75277
         700         200     0.01458     1.06356     7.28688     7.75217
         700         225     0.01521     1.06122     7.28432     7.74933
         700         250     0.01511     1.06594     7.28955     7.75514
         700         275     0.01338     1.08679     7.31600     7.78451
         700         300     0.01271     1.07241     7.29720     7.76363
         725          50     0.01791     1.06523     7.28875     7.75425
         725          75     0.01773     1.06677     7.29050     7.75620
         725         100     0.01781     1.06838     7.29238     7.75828
         725         125     0.01749     1.05909     7.28207     7.74683
         725         150     0.01599     1.06364     7.28696     7.75226
         725         175     0.01603     1.06791     7.29182     7.75766
         725         200     0.01576     1.06617     7.28981     7.75543
         725         225     0.01563     1.06365     7.28698     7.75228
         725         250     0.01565     1.06739     7.29122     7.75699
         725         275     0.01576     1.07441     7.29967     7.76638
         725         300     0.01345     1.07686     7.30276     7.76981
         725         325     0.01367     1.07389     7.29902     7.76566
         750          50     0.01816     1.06361     7.28693     7.75223
         750          75     0.01744     1.06363     7.28696     7.75226
         750         100     0.01694     1.06767     7.29154     7.75735
         750         125     0.01783     1.06153     7.28466     7.74971
         750         150     0.01788     1.06308     7.28635     7.75158
         750         175     0.01714     1.05543     7.27834     7.74269
         750         200     0.01652     1.06114     7.28424     7.74924
         750         225     0.01615     1.07146     7.29604     7.76235
         750         250     0.01561     1.06164     7.28478     7.74984
         750         275     0.01525     1.06592     7.28953     7.75512
         750         300     0.01326     1.06987     7.29414     7.76023
         750         325     0.01404     1.07091     7.29538     7.76161
         750         350     0.01314     1.06959     7.29381     7.75986
         775          50     0.01753     1.05962     7.28262     7.74744
         775          75     0.01746     1.06118     7.28428     7.74929
         775         100     0.01797     1.06148     7.28460     7.74964
         775         125     0.01819     1.05778     7.28071     7.74532
         775         150     0.01718     1.06448     7.28791     7.75331
         775         175     0.01652     1.06210     7.28528     7.75040
         775         200     0.01562     1.06593     7.28954     7.75513
         775         225     0.01621     1.06343     7.28674     7.75201
         775         250     0.01677     1.06668     7.29040     7.75608
         775         275     0.01561     1.06097     7.28406     7.74904
         775         300     0.01530     1.06092     7.28400     7.74897
         775         325     0.01310     1.07152     7.29612     7.76243
         775         350     0.01300     1.06379     7.28713     7.75245
         775         375     0.01352     1.07028     7.29462     7.76077
         800          50     0.01822     1.06028     7.28332     7.74822
         800          75     0.01760     1.06544     7.28899     7.75452
         800         100     0.01851     1.06115     7.28424     7.74925
         800         125     0.01758     1.06179     7.28494     7.75002
         800         150     0.01758     1.05677     7.27968     7.74418
         800         175     0.01692     1.05970     7.28271     7.74754
         800         200     0.01654     1.06056     7.28362     7.74855
         800         225     0.01678     1.06614     7.28978     7.75540
         800         250     0.01633     1.06469     7.28814     7.75357
         800         275     0.01588     1.06375     7.28709     7.75241
         800         300     0.01682     1.06097     7.28405     7.74903
         800         325     0.01548     1.07035     7.29471     7.76087
         800         350     0.01556     1.06774     7.29163     7.75745
         800         375     0.01433     1.07741     7.30346     7.77059
         800         400     0.01345     1.08848     7.31836     7.78713
         825          50     0.01778     1.06122     7.28433     7.74934
         825          75     0.01727     1.05970     7.28271     7.74754
         825         100     0.01656     1.06039     7.28344     7.74835
         825         125     0.01726     1.06147     7.28460     7.74964
         825         150     0.01799     1.06372     7.28705     7.75237
         825         175     0.01665     1.06822     7.29219     7.75807
         825         200     0.01680     1.06037     7.28342     7.74833
         825         225     0.01680     1.06143     7.28455     7.74959
         825         250     0.01651     1.05963     7.28263     7.74746
         825         275     0.01669     1.06534     7.28888     7.75439
         825         300     0.01568     1.07195     7.29664     7.76301
         825         325     0.01518     1.06216     7.28534     7.75046
         825         350     0.01512     1.06565     7.28922     7.75478
         825         375     0.01373     1.06838     7.29237     7.75827
         825         400     0.01394     1.06889     7.29297     7.75893
         825         425     0.01301     1.07429     7.29951     7.76620
         850          50     0.01883     1.06624     7.28989     7.75552
         850          75     0.01841     1.05965     7.28265     7.74748
         850         100     0.01701     1.05972     7.28272     7.74756
         850         125     0.01778     1.06169     7.28484     7.74990
         850         150     0.01710     1.06320     7.28648     7.75173
         850         175     0.01677     1.05964     7.28265     7.74747
         850         200     0.01772     1.05618     7.27909     7.74352
         850         225     0.01734     1.06013     7.28317     7.74805
         850         250     0.01596     1.05783     7.28076     7.74538
         850         275     0.01697     1.06503     7.28852     7.75399
         850         300     0.01782     1.06058     7.28364     7.74857
         850         325     0.01573     1.06043     7.28348     7.74840
         850         350     0.01541     1.06398     7.28735     7.75269
         850         375     0.01518     1.06333     7.28662     7.75189
         850         400     0.01408     1.06924     7.29338     7.75939
         850         425     0.01380     1.07064     7.29506     7.76125
         850         450     0.01431     1.07800     7.30423     7.77144
         875          50     0.01802     1.05857     7.28152     7.74622
         875          75     0.01843     1.06624     7.28989     7.75552
         875         100     0.01775     1.05742     7.28034     7.74491
         875         125     0.01775     1.06307     7.28634     7.75157
         875         150     0.01769     1.05965     7.28265     7.74748
         875         175     0.01795     1.05939     7.28238     7.74717
         875         200     0.01847     1.06207     7.28525     7.75036
         875         225     0.01740     1.06283     7.28608     7.75128
         875         250     0.01807     1.06553     7.28908     7.75462
         875         275     0.01608     1.05691     7.27982     7.74433
         875         300     0.01744     1.05890     7.28187     7.74661
         875         325     0.01567     1.06626     7.28992     7.75555
         875         350     0.01599     1.06031     7.28335     7.74826
         875         375     0.01529     1.06118     7.28428     7.74928
         875         400     0.01565     1.06636     7.29003     7.75567
         875         425     0.01396     1.07808     7.30433     7.77155
         875         450     0.01432     1.07428     7.29950     7.76619
         875         475     0.01319     1.07774     7.30389     7.77106
         900          50     0.01890     1.06206     7.28523     7.75034
         900          75     0.01794     1.06158     7.28471     7.74976
         900         100     0.01901     1.05863     7.28159     7.74630
         900         125     0.01784     1.06240     7.28561     7.75076
         900         150     0.01702     1.06384     7.28719     7.75252
         900         175     0.01836     1.06238     7.28558     7.75073
         900         200     0.01719     1.05716     7.28007     7.74461
         900         225     0.01764     1.05887     7.28184     7.74657
         900         250     0.01580     1.06229     7.28549     7.75063
         900         275     0.01605     1.05947     7.28246     7.74726
         900         300     0.01676     1.06613     7.28977     7.75538
         900         325     0.01645     1.06393     7.28729     7.75263
         900         350     0.01627     1.06025     7.28329     7.74819
         900         375     0.01559     1.06121     7.28431     7.74932
         900         400     0.01531     1.06100     7.28409     7.74907
         900         425     0.01467     1.06447     7.28790     7.75330
         900         450     0.01383     1.06742     7.29126     7.75704
         900         475     0.01312     1.06781     7.29171     7.75754
         900         500     0.01328     1.07774     7.30390     7.77107
         925          50     0.01926     1.05889     7.28186     7.74660
         925          75     0.01917     1.06613     7.28976     7.75538
         925         100     0.01777     1.06234     7.28554     7.75068
         925         125     0.01820     1.06011     7.28314     7.74802
         925         150     0.01782     1.06051     7.28356     7.74849
         925         175     0.01850     1.06054     7.28360     7.74853
         925         200     0.01717     1.06274     7.28598     7.75117
         925         225     0.01688     1.06566     7.28923     7.75478
         925         250     0.01732     1.05864     7.28159     7.74630
         925         275     0.01540     1.06247     7.28568     7.75084
         925         300     0.01625     1.06402     7.28739     7.75274
         925         325     0.01728     1.05962     7.28262     7.74744
         925         350     0.01691     1.06474     7.28820     7.75363
         925         375     0.01623     1.06352     7.28683     7.75212
         925         400     0.01527     1.07518     7.30063     7.76744
         925         425     0.01541     1.06054     7.28360     7.74853
         925         450     0.01539     1.06344     7.28675     7.75203
         925         475     0.01466     1.06615     7.28979     7.75541
         925         500     0.01422     1.07176     7.29641     7.76275
         925         525     0.01277     1.08319     7.31108     7.77905
         950          50     0.01849     1.06395     7.28731     7.75265
         950          75     0.01873     1.06196     7.28513     7.75023
         950         100     0.01825     1.06570     7.28928     7.75483
         950         125     0.01947     1.05751     7.28043     7.74502
         950         150     0.01776     1.05962     7.28263     7.74745
         950         175     0.01872     1.05623     7.27914     7.74358
         950         200     0.01876     1.05746     7.28038     7.74496
         950         225     0.01728     1.06169     7.28483     7.74989
         950         250     0.01891     1.05862     7.28158     7.74629
         950         275     0.01806     1.06080     7.28387     7.74883
         950         300     0.01775     1.06055     7.28361     7.74854
         950         325     0.01711     1.05581     7.27871     7.74310
         950         350     0.01733     1.06452     7.28795     7.75336
         950         375     0.01621     1.06086     7.28393     7.74890
         950         400     0.01673     1.06704     7.29081     7.75654
         950         425     0.01698     1.06196     7.28513     7.75023
         950         450     0.01572     1.05954     7.28254     7.74735
         950         475     0.01483     1.07904     7.30557     7.77293
         950         500     0.01485     1.07622     7.30194     7.76890
         950         525     0.01379     1.07960     7.30630     7.77374
         950         550     0.01421     1.07789     7.30408     7.77127
         975          50     0.01815     1.06247     7.28568     7.75084
         975          75     0.01879     1.06161     7.28474     7.74980
         975         100     0.01785     1.05953     7.28253     7.74734
         975         125     0.01718     1.05900     7.28197     7.74672
         975         150     0.01919     1.06227     7.28546     7.75060
         975         175     0.01870     1.06520     7.28872     7.75421
         975         200     0.01714     1.06036     7.28340     7.74831
         975         225     0.01785     1.06004     7.28307     7.74794
         975         250     0.01830     1.05833     7.28128     7.74595
         975         275     0.01786     1.06387     7.28723     7.75256
         975         300     0.01733     1.06159     7.28472     7.74977
         975         325     0.01845     1.05851     7.28147     7.74616
         975         350     0.01753     1.06407     7.28744     7.75280
         975         375     0.01703     1.06871     7.29277     7.75871
         975         400     0.01771     1.06415     7.28753     7.75290
         975         425     0.01664     1.06627     7.28993     7.75556
         975         450     0.01574     1.06532     7.28885     7.75436
         975         475     0.01432     1.06820     7.29216     7.75804
         975         500     0.01417     1.06400     7.28736     7.75271
         975         525     0.01511     1.06163     7.28477     7.74983
         975         550     0.01414     1.06536     7.28890     7.75441
         975         575     0.01408     1.07692     7.30284     7.76989
        1000          50     0.01913     1.06764     7.29151     7.75732
        1000         225     0.01818     1.06733     7.29115     7.75692
        1000         250     0.01842     1.05646     7.27936     7.74382
        1000         275     0.01785     1.06284     7.28609     7.75129
        1000         300     0.01748     1.05644     7.27935     7.74381
        1000         325     0.01837     1.06477     7.28823     7.75368
        1000         350     0.01730     1.06153     7.28466     7.74971
        1000         375     0.01723     1.06107     7.28417     7.74916
        1000         400     0.01651     1.05690     7.27981     7.74433
        1000         425     0.01674     1.06188     7.28504     7.75013
        1000         450     0.01749     1.07078     7.29522     7.76144
        1000         475     0.01654     1.06338     7.28668     7.75195
        1000         500     0.01656     1.06573     7.28931     7.75487
        1000         525     0.01598     1.06503     7.28853     7.75400
        1000         550     0.01524     1.06747     7.29131     7.75709
        1000         575     0.01403     1.06797     7.29189     7.75774
        1000         600     0.01329     1.07619     7.30191     7.76887
        1025          50     0.01832     1.06078     7.28385     7.74881
        1025          75     0.01860     1.06320     7.28648     7.75173
        1025         100     0.01789     1.06545     7.28899     7.75452
        1025         125     0.01828     1.06049     7.28355     7.74847
        1025         150     0.01812     1.06180     7.28496     7.75004
        1025         175     0.01810     1.06262     7.28585     7.75103
        1025         200     0.01801     1.06071     7.28378     7.74873
        1025         225     0.01799     1.06111     7.28421     7.74921
        1025         250     0.01775     1.05556     7.27847     7.74283
        1025         275     0.01873     1.06007     7.28310     7.74798
        1025         300     0.01745     1.06045     7.28350     7.74842
        1025         325     0.01758     1.05994     7.28296     7.74782
        1025         350     0.01729     1.05754     7.28047     7.74505
        1025         375     0.01791     1.06387     7.28723     7.75256
        1025         400     0.01748     1.06028     7.28332     7.74822
        1025         425     0.01648     1.06325     7.28654     7.75179
        1025         450     0.01628     1.06386     7.28721     7.75254
        1025         475     0.01627     1.06285     7.28610     7.75130
        1025         500     0.01596     1.06954     7.29374     7.75979
        1025         525     0.01500     1.06581     7.28940     7.75498
        1025         550     0.01483     1.06190     7.28506     7.75015
        1025         575     0.01525     1.06962     7.29384     7.75990
        1025         600     0.01429     1.08462     7.31302     7.78120
        1025         625     0.01400     1.06966     7.29388     7.75995
        1050          50     0.01858     1.06462     7.28806     7.75348
        1050          75     0.01842     1.06437     7.28778     7.75317
        1050         100     0.01901     1.06384     7.28719     7.75252
        1050         125     0.01841     1.06303     7.28630     7.75152
        1050         150     0.01854     1.06078     7.28385     7.74881
        1050         175     0.01794     1.05947     7.28246     7.74727
        1050         200     0.01847     1.06258     7.28580     7.75098
        1050         225     0.01769     1.06132     7.28443     7.74945
        1050         250     0.01817     1.05737     7.28029     7.74485
        1050         275     0.01733     1.06503     7.28852     7.75400
        1050         300     0.01760     1.05766     7.28059     7.74519
        1050         325     0.01867     1.06086     7.28394     7.74891
        1050         350     0.01698     1.06048     7.28353     7.74846
        1050         375     0.01798     1.06024     7.28328     7.74817
        1050         400     0.01821     1.05629     7.27920     7.74364
        1050         425     0.01634     1.06272     7.28596     7.75115
        1050         450     0.01746     1.06136     7.28448     7.74951
        1050         475     0.01656     1.05898     7.28196     7.74670
        1050         500     0.01648     1.06855     7.29257     7.75850
        1050         525     0.01629     1.05708     7.27999     7.74452
        1050         550     0.01505     1.05912     7.28209     7.74686
        1050         575     0.01515     1.06588     7.28949     7.75507
        1050         600     0.01410     1.07206     7.29677     7.76316
        1050         625     0.01355     1.07635     7.30212     7.76909
        1050         650     0.01394     1.07108     7.29558     7.76183
        1075          50     0.01864     1.06401     7.28738     7.75273
        1075          75     0.01933     1.06542     7.28896     7.75448
        1075         100     0.01834     1.06201     7.28517     7.75028
        1075         125     0.01885     1.06396     7.28732     7.75266
        1075         150     0.01851     1.06179     7.28494     7.75001
        1075         175     0.01927     1.06418     7.28757     7.75293
        1075         200     0.01841     1.06419     7.28757     7.75294
        1075         225     0.01793     1.06109     7.28418     7.74918
        1075         250     0.01828     1.05982     7.28284     7.74768
        1075         275     0.01788     1.06401     7.28738     7.75273
        1075         300     0.01701     1.06413     7.28751     7.75288
        1075         325     0.01810     1.06124     7.28434     7.74936
        1075         350     0.01896     1.05700     7.27991     7.74443
        1075         375     0.01832     1.05956     7.28256     7.74738
        1075         400     0.01741     1.05620     7.27910     7.74354
        1075         425     0.01857     1.05631     7.27922     7.74367
        1075         450     0.01735     1.06158     7.28472     7.74977
        1075         475     0.01700     1.05941     7.28240     7.74720
        1075         500     0.01670     1.05921     7.28219     7.74696
        1075         525     0.01587     1.06381     7.28715     7.75248
        1075         550     0.01615     1.06598     7.28960     7.75519
        1075         575     0.01625     1.05487     7.27778     7.74207
        1075         600     0.01567     1.07144     7.29602     7.76233
        1075         625     0.01426     1.07157     7.29618     7.76250
        1075         650     0.01398     1.07506     7.30048     7.76728
        1075         675     0.01299     1.08043     7.30740     7.77496
        1100          50     0.01773     1.06447     7.28789     7.75330
        1100          75     0.01874     1.06596     7.28958     7.75517
        1100         100     0.01854     1.06203     7.28520     7.75031
        1100         125     0.01818     1.06194     7.28510     7.75020
        1100         150     0.01862     1.06356     7.28688     7.75217
        1100         175     0.01782     1.06583     7.28943     7.75500
        1100         200     0.01961     1.06109     7.28419     7.74918
        1100         225     0.01806     1.06026     7.28330     7.74820
        1100         250     0.01817     1.06285     7.28609     7.75130
        1100         275     0.01869     1.06135     7.28447     7.74949
        1100         300     0.01735     1.06254     7.28575     7.75092
        1100         325     0.01675     1.06045     7.28350     7.74842
        1100         350     0.01813     1.05621     7.27912     7.74355
        1100         375     0.01753     1.06286     7.28611     7.75132
        1100         400     0.01845     1.05464     7.27756     7.74182
        1100         425     0.01772     1.05844     7.28139     7.74608
        1100         450     0.01781     1.06508     7.28858     7.75406
        1100         475     0.01667     1.05708     7.28000     7.74453
        1100         500     0.01692     1.06298     7.28624     7.75147
        1100         525     0.01599     1.06060     7.28366     7.74860
        1100         550     0.01626     1.06099     7.28408     7.74906
        1100         575     0.01556     1.06654     7.29023     7.75590
        1100         600     0.01582     1.06049     7.28355     7.74847
        1100         625     0.01552     1.06348     7.28679     7.75208
        1100         650     0.01468     1.06265     7.28588     7.75106
        1100         675     0.01405     1.06826     7.29224     7.75812
        1100         700     0.01310     1.08465     7.31305     7.78124
        1125          50     0.01939     1.06393     7.28729     7.75263
        1125          75     0.01695     1.06625     7.28991     7.75554
        1125         100     0.01792     1.06600     7.28962     7.75521
        1125         125     0.01907     1.06661     7.29032     7.75599
        1125         150     0.01893     1.06122     7.28432     7.74934
        1125         175     0.01901     1.06118     7.28428     7.74929
        1125         200     0.01902     1.06486     7.28833     7.75378
        1125         225     0.01811     1.06503     7.28852     7.75400
        1125         250     0.01840     1.05958     7.28258     7.74740
        1125         275     0.01728     1.06077     7.28384     7.74880
        1125         300     0.01842     1.06022     7.28325     7.74814
        1125         325     0.01736     1.06878     7.29285     7.75880
        1125         350     0.01769     1.05852     7.28147     7.74617
        1125         375     0.01894     1.06193     7.28509     7.75019
        1125         400     0.01879     1.05788     7.28081     7.74544
        1125         425     0.01853     1.06006     7.28309     7.74796
        1125         450     0.01710     1.05884     7.28180     7.74653
        1125         475     0.01868     1.05809     7.28103     7.74567
        1125         500     0.01600     1.06255     7.28577     7.75094
        1125         525     0.01738     1.06291     7.28616     7.75138
        1125         550     0.01502     1.05922     7.28221     7.74698
        1125         575     0.01593     1.06340     7.28670     7.75197
        1125         600     0.01551     1.06178     7.28493     7.75001
        1125         625     0.01582     1.06776     7.29165     7.75748
        1125         650     0.01459     1.07372     7.29882     7.76543
        1125         675     0.01481     1.06879     7.29286     7.75881
        1125         700     0.01374     1.07812     7.30438     7.77160
        1125         725     0.01302     1.07000     7.29428     7.76040
        1150          50     0.01815     1.06367     7.28700     7.75230
        1150          75     0.01824     1.06580     7.28940     7.75497
        1150         100     0.01710     1.06798     7.29190     7.75775
        1150         125     0.01830     1.06786     7.29176     7.75760
        1150         150     0.01811     1.07285     7.29774     7.76423
        1150         175     0.01848     1.06544     7.28899     7.75451
        1150         200     0.01772     1.06339     7.28669     7.75197
        1150         225     0.01765     1.06463     7.28807     7.75350
        1150         250     0.01857     1.06262     7.28584     7.75102
        1150         275     0.01944     1.06298     7.28624     7.75146
        1150         300     0.01887     1.06325     7.28653     7.75179
        1150         325     0.01787     1.06488     7.28835     7.75381
        1150         350     0.01917     1.06407     7.28745     7.75280
        1150         375     0.01819     1.05845     7.28140     7.74609
        1150         400     0.01846     1.05996     7.28298     7.74785
        1150         425     0.01848     1.06028     7.28332     7.74822
        1150         450     0.01800     1.06175     7.28490     7.74997
        1150         475     0.01813     1.05750     7.28042     7.74500
        1150         500     0.01663     1.05621     7.27911     7.74355
        1150         525     0.01744     1.05676     7.27967     7.74416
        1150         550     0.01723     1.06993     7.29420     7.76030
        1150         575     0.01714     1.06264     7.28587     7.75105
        1150         600     0.01623     1.05421     7.27714     7.74136
        1150         625     0.01699     1.05882     7.28179     7.74652
        1150         650     0.01550     1.06707     7.29085     7.75658
        1150         675     0.01457     1.07169     7.29633     7.76266
        1150         700     0.01585     1.06295     7.28620     7.75142
        1150         725     0.01353     1.08798     7.31766     7.78635
        1150         750     0.01365     1.07543     7.30094     7.76779
        1175          50     0.01787     1.06211     7.28529     7.75040
        1175          75     0.01826     1.06400     7.28737     7.75272
        1175         100     0.01887     1.06835     7.29234     7.75824
        1175         125     0.01967     1.06475     7.28820     7.75364
        1175         150     0.01888     1.06571     7.28929     7.75485
        1175         175     0.01840     1.07095     7.29542     7.76166
        1175         200     0.01787     1.06585     7.28945     7.75503
        1175         225     0.01887     1.06326     7.28654     7.75180
        1175         250     0.01787     1.06571     7.28930     7.75486
        1175         275     0.01802     1.06603     7.28966     7.75526
        1175         300     0.01865     1.05958     7.28258     7.74740
        1175         325     0.01801     1.06239     7.28559     7.75075
        1175         350     0.01868     1.05823     7.28117     7.74583
        1175         375     0.01840     1.06339     7.28670     7.75197
        1175         400     0.01813     1.05898     7.28195     7.74670
        1175         425     0.01828     1.05859     7.28155     7.74625
        1175         450     0.01747     1.06050     7.28356     7.74848
        1175         475     0.01825     1.05871     7.28167     7.74639
        1175         500     0.01729     1.06251     7.28572     7.75089
        1175         525     0.01654     1.05964     7.28265     7.74747
        1175         550     0.01820     1.05944     7.28243     7.74723
        1175         575     0.01643     1.06180     7.28495     7.75003
        1175         600     0.01758     1.06033     7.28337     7.74827
        1175         625     0.01619     1.06001     7.28303     7.74790
        1175         650     0.01518     1.06580     7.28940     7.75497
        1175         675     0.01478     1.05857     7.28152     7.74622
        1175         700     0.01528     1.06806     7.29200     7.75786
        1175         725     0.01492     1.07825     7.30455     7.77180
        1175         750     0.01399     1.06898     7.29308     7.75906
        1175         775     0.01311     1.08119     7.30840     7.77608
        1200          50     0.01954     1.06619     7.28984     7.75546
        1200          75     0.01785     1.07005     7.29435     7.76047
        1200         100     0.01813     1.06712     7.29090     7.75664
        1200         125     0.01797     1.06919     7.29333     7.75934
        1200         150     0.01869     1.06209     7.28526     7.75038
        1200         175     0.01862     1.06609     7.28973     7.75534
        1200         200     0.01918     1.06676     7.29049     7.75619
        1200         225     0.01782     1.06318     7.28646     7.75171
        1200         250     0.01767     1.06344     7.28675     7.75203
        1200         275     0.01915     1.06324     7.28653     7.75178
        1200         300     0.01788     1.06057     7.28363     7.74856
        1200         325     0.01890     1.06115     7.28425     7.74925
        1200         350     0.01867     1.06182     7.28498     7.75006
        1200         375     0.01795     1.05666     7.27957     7.74405
        1200         400     0.01795     1.05886     7.28183     7.74656
        1200         425     0.01810     1.06474     7.28820     7.75363
        1200         450     0.01803     1.05894     7.28191     7.74665
        1200         475     0.01721     1.06231     7.28551     7.75065
        1200         500     0.01786     1.06250     7.28571     7.75088
        1200         525     0.01719     1.05785     7.28078     7.74540
        1200         550     0.01727     1.06048     7.28353     7.74845
        1200         575     0.01700     1.06053     7.28359     7.74852
        1200         600     0.01708     1.05706     7.27997     7.74450
        1200         625     0.01702     1.05960     7.28260     7.74742
        1200         650     0.01646     1.06561     7.28917     7.75472
        1200         675     0.01483     1.06059     7.28365     7.74858
        1200         700     0.01546     1.06211     7.28529     7.75040
        1200         725     0.01391     1.06856     7.29258     7.75851
        1200         750     0.01549     1.07748     7.30356     7.77069
        1200         775     0.01449     1.07428     7.29951     7.76619
        1200         800     0.01443     1.07052     7.29491     7.76109
