         450          50     0.00985     1.10165     7.44506     6.01502
         475          50     0.01149     1.10198     7.44588     6.01556
         475          75     0.01041     1.10249     7.44720     6.01642
         500          50     0.01179     1.08433     7.40533     5.98925
         500          75     0.01176     1.09628     7.43160     6.00621
         500         100     0.01087     1.11701     7.48579     6.04171
         525          50     0.01202     1.09024     7.41699     5.99663
         525          75     0.01191     1.08977     7.41589     5.99591
         525         100     0.01127     1.09113     7.41912     5.99803
         525         125     0.01060     1.12580     7.51044     6.05786
         550          50     0.01410     1.07936     7.39625     5.98354
         550          75     0.01420     1.09404     7.42612     6.00261
         550         100     0.01229     1.08298     7.40282     5.98767
         550         125     0.01179     1.09423     7.42658     6.00292
         550         150     0.01079     1.11140     7.47056     6.03173
         575          50     0.01389     1.06803     7.37702     5.97146
         575          75     0.01371     1.07836     7.39446     5.98242
         575         100     0.01283     1.08479     7.40619     5.98979
         575         125     0.01317     1.07579     7.38995     5.97959
         575         150     0.01153     1.09614     7.43126     6.00599
         575         175     0.01083     1.12127     7.49761     6.04946
         600          50     0.01493     1.07990     7.39722     5.98415
         600          75     0.01385     1.06721     7.37571     5.97064
         600         100     0.01364     1.07285     7.38493     5.97643
         600         125     0.01320     1.09715     7.43375     6.00762
         600         150     0.01317     1.11035     7.46775     6.02989
         600         175     0.01240     1.10130     7.44416     6.01443
         600         200     0.01168     1.11164     7.47120     6.03215
         625          50     0.01602     1.07163     7.38290     5.97515
         625          75     0.01545     1.07806     7.39393     5.98209
         625         100     0.01406     1.08136     7.39985     5.98581
         625         125     0.01428     1.06657     7.37470     5.97001
         625         150     0.01327     1.07794     7.39373     5.98196
         625         175     0.01346     1.09733     7.43419     6.00790
         625         200     0.01207     1.08776     7.41181     5.99332
         625         225     0.01092     1.10510     7.45394     6.02084
         650          50     0.01591     1.06969     7.37970     5.97315
         650          75     0.01611     1.07203     7.38357     5.97558
         650         100     0.01465     1.07789     7.39364     5.98190
         650         125     0.01458     1.06915     7.37883     5.97260
         650         150     0.01369     1.07865     7.39499     5.98275
         650         175     0.01423     1.09509     7.42867     6.00429
         650         200     0.01281     1.08249     7.40192     5.98710
         650         225     0.01171     1.08816     7.41258     5.99380
         650         250     0.01132     1.09133     7.41959     5.99833
         675          50     0.01664     1.07682     7.39175     5.98071
         675          75     0.01564     1.06486     7.37204     5.96833
         675         100     0.01521     1.07329     7.38568     5.97691
         675         125     0.01519     1.08039     7.39809     5.98470
         675         150     0.01433     1.08017     7.39769     5.98445
         675         175     0.01353     1.07782     7.39350     5.98182
         675         200     0.01336     1.07609     7.39049     5.97992
         675         225     0.01333     1.08795     7.41219     5.99355
         675         250     0.01214     1.09161     7.42027     5.99878
         675         275     0.01126     1.09228     7.42186     5.99982
         700          50     0.01694     1.07438     7.38753     5.97807
         700          75     0.01633     1.06532     7.37276     5.96879
         700         100     0.01620     1.06451     7.37151     5.96800
         700         125     0.01547     1.07544     7.38935     5.97921
         700         150     0.01537     1.07428     7.38737     5.97796
         700         175     0.01492     1.07315     7.38544     5.97676
         700         200     0.01354     1.07662     7.39140     5.98049
         700         225     0.01415     1.07518     7.38891     5.97893
         700         250     0.01382     1.08469     7.40601     5.98968
         700         275     0.01187     1.13282     7.53070     6.07114
         700         300     0.01128     1.10015     7.44125     6.01253
         725          50     0.01721     1.06812     7.37716     5.97155
         725          75     0.01680     1.07004     7.38027     5.97350
         725         100     0.01676     1.07444     7.38763     5.97813
         725         125     0.01674     1.06882     7.37829     5.97226
         725         150     0.01522     1.06902     7.37862     5.97247
         725         175     0.01517     1.08078     7.39881     5.98515
         725         200     0.01483     1.07370     7.38638     5.97734
         725         225     0.01463     1.07049     7.38100     5.97397
         725         250     0.01473     1.07753     7.39300     5.98150
         725         275     0.01457     1.07821     7.39419     5.98225
         725         300     0.01206     1.08516     7.40689     5.99023
         725         325     0.01215     1.09908     7.43857     6.01077
         750          50     0.01733     1.06808     7.37709     5.97151
         750          75     0.01664     1.06528     7.37270     5.96875
         750         100     0.01639     1.07113     7.38206     5.97463
         750         125     0.01715     1.07646     7.39112     5.98032
         750         150     0.01699     1.06817     7.37724     5.97160
         750         175     0.01624     1.07023     7.38059     5.97371
         750         200     0.01576     1.07815     7.39409     5.98219
         750         225     0.01512     1.07592     7.39019     5.97974
         750         250     0.01441     1.07255     7.38443     5.97612
         750         275     0.01436     1.07275     7.38476     5.97633
         750         300     0.01231     1.09041     7.41741     5.99691
         750         325     0.01266     1.09919     7.43885     6.01095
         750         350     0.01163     1.11306     7.47501     6.03465
         775          50     0.01694     1.06430     7.37118     5.96780
         775          75     0.01676     1.06958     7.37953     5.97304
         775         100     0.01727     1.06809     7.37712     5.97152
         775         125     0.01753     1.06431     7.37120     5.96781
         775         150     0.01654     1.06717     7.37565     5.97060
         775         175     0.01595     1.06464     7.37170     5.96812
         775         200     0.01495     1.07212     7.38372     5.97567
         775         225     0.01563     1.06960     7.37955     5.97305
         775         250     0.01571     1.07589     7.39013     5.97970
         775         275     0.01460     1.06213     7.36790     5.96573
         775         300     0.01422     1.06895     7.37851     5.97240
         775         325     0.01224     1.08315     7.40315     5.98787
         775         350     0.01173     1.08905     7.41431     5.99489
         775         375     0.01198     1.10020     7.44138     6.01261
         800          50     0.01767     1.06289     7.36904     5.96645
         800          75     0.01705     1.07074     7.38142     5.97423
         800         100     0.01787     1.06726     7.37580     5.97070
         800         125     0.01701     1.06732     7.37589     5.97075
         800         150     0.01706     1.05983     7.36453     5.96361
         800         175     0.01636     1.06559     7.37317     5.96905
         800         200     0.01595     1.06549     7.37302     5.96895
         800         225     0.01602     1.07128     7.38231     5.97479
         800         250     0.01552     1.07057     7.38113     5.97405
         800         275     0.01518     1.07043     7.38091     5.97391
         800         300     0.01602     1.07827     7.39431     5.98233
         800         325     0.01446     1.08923     7.41465     5.99510
         800         350     0.01427     1.08505     7.40667     5.99009
         800         375     0.01266     1.08269     7.40230     5.98734
         800         400     0.01161     1.12522     7.50878     6.05678
         825          50     0.01720     1.06270     7.36875     5.96627
         825          75     0.01680     1.06273     7.36880     5.96630
         825         100     0.01601     1.06526     7.37266     5.96873
         825         125     0.01660     1.06823     7.37734     5.97166
         825         150     0.01743     1.06490     7.37211     5.96838
         825         175     0.01617     1.08053     7.39835     5.98486
         825         200     0.01599     1.07303     7.38523     5.97662
         825         225     0.01609     1.06411     7.37089     5.96761
         825         250     0.01566     1.06875     7.37818     5.97219
         825         275     0.01595     1.07573     7.38986     5.97953
         825         300     0.01480     1.08448     7.40561     5.98942
         825         325     0.01410     1.07192     7.38338     5.97546
         825         350     0.01440     1.07609     7.39049     5.97992
         825         375     0.01255     1.10460     7.45263     6.01999
         825         400     0.01232     1.09502     7.42851     6.00418
         825         425     0.01165     1.10839     7.46255     6.02648
         850          50     0.01824     1.07204     7.38357     5.97558
         850          75     0.01790     1.06324     7.36956     5.96678
         850         100     0.01652     1.06812     7.37717     5.97156
         850         125     0.01721     1.06320     7.36950     5.96674
         850         150     0.01654     1.06708     7.37551     5.97052
         850         175     0.01612     1.06792     7.37684     5.97135
         850         200     0.01698     1.06048     7.36546     5.96420
         850         225     0.01678     1.06644     7.37450     5.96988
         850         250     0.01536     1.06326     7.36960     5.96680
         850         275     0.01619     1.07557     7.38959     5.97936
         850         300     0.01710     1.07174     7.38309     5.97527
         850         325     0.01497     1.07342     7.38590     5.97704
         850         350     0.01476     1.08467     7.40598     5.98965
         850         375     0.01404     1.08139     7.39992     5.98585
         850         400     0.01272     1.07371     7.38639     5.97735
         850         425     0.01231     1.08901     7.41422     5.99483
         850         450     0.01254     1.11265     7.47390     6.03392
         875          50     0.01749     1.05878     7.36301     5.96266
         875          75     0.01808     1.07018     7.38050     5.97365
         875         100     0.01735     1.06175     7.36733     5.96537
         875         125     0.01722     1.05906     7.36341     5.96291
         875         150     0.01725     1.06250     7.36845     5.96608
         875         175     0.01730     1.05796     7.36184     5.96193
         875         200     0.01790     1.07204     7.38358     5.97558
         875         225     0.01695     1.06929     7.37906     5.97274
         875         250     0.01744     1.06843     7.37767     5.97187
         875         275     0.01563     1.06116     7.36646     5.96483
         875         300     0.01687     1.06336     7.36975     5.96690
         875         325     0.01519     1.08061     7.39849     5.98495
         875         350     0.01531     1.07134     7.38242     5.97486
         875         375     0.01470     1.06881     7.37828     5.97225
         875         400     0.01455     1.08075     7.39875     5.98512
         875         425     0.01297     1.09393     7.42586     6.00244
         875         450     0.01282     1.09581     7.43044     6.00544
         875         475     0.01105     1.10253     7.44729     6.01649
         900          50     0.01834     1.06502     7.37228     5.96849
         900          75     0.01736     1.06444     7.37140     5.96793
         900         100     0.01857     1.06201     7.36772     5.96562
         900         125     0.01748     1.06396     7.37067     5.96747
         900         150     0.01648     1.06277     7.36886     5.96633
         900         175     0.01798     1.06604     7.37388     5.96949
         900         200     0.01669     1.06237     7.36825     5.96595
         900         225     0.01717     1.06797     7.37692     5.97140
         900         250     0.01523     1.06724     7.37577     5.97068
         900         275     0.01541     1.06674     7.37498     5.97018
         900         300     0.01603     1.07024     7.38060     5.97371
         900         325     0.01563     1.07450     7.38774     5.97820
         900         350     0.01555     1.06966     7.37965     5.97312
         900         375     0.01495     1.07545     7.38936     5.97922
         900         400     0.01461     1.07514     7.38884     5.97889
         900         425     0.01358     1.07716     7.39235     5.98109
         900         450     0.01278     1.07780     7.39348     5.98180
         900         475     0.01203     1.08884     7.41389     5.99462
         900         500     0.01149     1.10411     7.45135     6.01915
         925          50     0.01881     1.06196     7.36764     5.96557
         925          75     0.01871     1.06571     7.37335     5.96916
         925         100     0.01723     1.06323     7.36955     5.96677
         925         125     0.01775     1.06217     7.36795     5.96577
         925         150     0.01721     1.06088     7.36606     5.96458
         925         175     0.01783     1.06059     7.36563     5.96431
         925         200     0.01682     1.06226     7.36810     5.96586
         925         225     0.01612     1.06459     7.37162     5.96807
         925         250     0.01679     1.06646     7.37452     5.96990
         925         275     0.01493     1.07004     7.38027     5.97350
         925         300     0.01560     1.06997     7.38016     5.97343
         925         325     0.01664     1.06355     7.37003     5.96707
         925         350     0.01627     1.07343     7.38592     5.97706
         925         375     0.01552     1.07404     7.38695     5.97770
         925         400     0.01460     1.08572     7.40795     5.99089
         925         425     0.01429     1.06751     7.37619     5.97094
         925         450     0.01446     1.07543     7.38934     5.97920
         925         475     0.01367     1.07584     7.39005     5.97965
         925         500     0.01304     1.10216     7.44637     6.01588
         925         525     0.01147     1.09230     7.42192     5.99986
         950          50     0.01811     1.06412     7.37090     5.96762
         950          75     0.01813     1.06458     7.37161     5.96806
         950         100     0.01756     1.06502     7.37228     5.96849
         950         125     0.01901     1.05828     7.36230     5.96221
         950         150     0.01729     1.06259     7.36858     5.96616
         950         175     0.01812     1.06238     7.36828     5.96597
         950         200     0.01836     1.06126     7.36661     5.96492
         950         225     0.01682     1.06088     7.36604     5.96457
         950         250     0.01843     1.06135     7.36674     5.96500
         950         275     0.01746     1.06145     7.36689     5.96510
         950         300     0.01727     1.06246     7.36839     5.96604
         950         325     0.01657     1.06110     7.36638     5.96478
         950         350     0.01678     1.07214     7.38374     5.97569
         950         375     0.01582     1.06617     7.37407     5.96961
         950         400     0.01600     1.07747     7.39289     5.98143
         950         425     0.01594     1.06946     7.37932     5.97291
         950         450     0.01486     1.06912     7.37877     5.97256
         950         475     0.01394     1.08265     7.40222     5.98729
         950         500     0.01354     1.09830     7.43661     6.00949
         950         525     0.01226     1.09649     7.43210     6.00653
         950         550     0.01252     1.11213     7.47251     6.03301
         975          50     0.01775     1.06278     7.36887     5.96634
         975          75     0.01838     1.06576     7.37343     5.96921
         975         100     0.01743     1.06143     7.36687     5.96509
         975         125     0.01707     1.06271     7.36877     5.96628
         975         150     0.01877     1.06520     7.37256     5.96866
         975         175     0.01831     1.06503     7.37230     5.96850
         975         200     0.01676     1.06294     7.36912     5.96650
         975         225     0.01744     1.06474     7.37186     5.96822
         975         250     0.01787     1.05663     7.35999     5.96077
         975         275     0.01739     1.07000     7.38020     5.97346
         975         300     0.01695     1.07029     7.38068     5.97376
         975         325     0.01795     1.06021     7.36508     5.96396
         975         350     0.01712     1.06934     7.37914     5.97279
         975         375     0.01628     1.06621     7.37413     5.96965
         975         400     0.01692     1.06865     7.37801     5.97208
         975         425     0.01585     1.07531     7.38913     5.97907
         975         450     0.01499     1.07505     7.38867     5.97878
         975         475     0.01361     1.07532     7.38915     5.97908
         975         500     0.01341     1.07240     7.38418     5.97596
         975         525     0.01399     1.07830     7.39436     5.98236
         975         550     0.01265     1.08427     7.40522     5.98918
         975         575     0.01240     1.12063     7.49582     6.04828
        1000          50     0.01882     1.06564     7.37325     5.96909
        1000         225     0.01780     1.07239     7.38416     5.97595
        1000         250     0.01794     1.06188     7.36752     5.96550
        1000         275     0.01740     1.06675     7.37499     5.97019
        1000         300     0.01721     1.06058     7.36562     5.96430
        1000         325     0.01800     1.07493     7.38847     5.97866
        1000         350     0.01662     1.06334     7.36971     5.96687
        1000         375     0.01657     1.06447     7.37144     5.96796
        1000         400     0.01592     1.06413     7.37093     5.96763
        1000         425     0.01604     1.06777     7.37660     5.97120
        1000         450     0.01671     1.07512     7.38881     5.97887
        1000         475     0.01586     1.07456     7.38784     5.97826
        1000         500     0.01562     1.07917     7.39591     5.98333
        1000         525     0.01486     1.07807     7.39396     5.98210
        1000         550     0.01385     1.08176     7.40058     5.98626
        1000         575     0.01263     1.08462     7.40588     5.98959
        1000         600     0.01154     1.11378     7.47698     6.03594
        1025          50     0.01804     1.06043     7.36540     5.96416
        1025          75     0.01839     1.06451     7.37150     5.96799
        1025         100     0.01765     1.06862     7.37796     5.97206
        1025         125     0.01803     1.06208     7.36783     5.96569
        1025         150     0.01763     1.06415     7.37095     5.96765
        1025         175     0.01775     1.06428     7.37115     5.96777
        1025         200     0.01760     1.06219     7.36799     5.96579
        1025         225     0.01773     1.06243     7.36835     5.96602
        1025         250     0.01729     1.05686     7.36031     5.96097
        1025         275     0.01833     1.06269     7.36874     5.96626
        1025         300     0.01708     1.06361     7.37014     5.96714
        1025         325     0.01707     1.06261     7.36862     5.96619
        1025         350     0.01675     1.06484     7.37201     5.96831
        1025         375     0.01727     1.06843     7.37767     5.97187
        1025         400     0.01685     1.06564     7.37326     5.96910
        1025         425     0.01568     1.06940     7.37924     5.97286
        1025         450     0.01553     1.06906     7.37868     5.97251
        1025         475     0.01511     1.06769     7.37648     5.97113
        1025         500     0.01501     1.07256     7.38445     5.97613
        1025         525     0.01424     1.08297     7.40280     5.98766
        1025         550     0.01395     1.07422     7.38725     5.97789
        1025         575     0.01418     1.09503     7.42853     6.00419
        1025         600     0.01305     1.09499     7.42844     6.00414
        1025         625     0.01229     1.11593     7.48283     6.03977
        1050          50     0.01821     1.06555     7.37310     5.96900
        1050          75     0.01793     1.06405     7.37080     5.96755
        1050         100     0.01863     1.06246     7.36839     5.96604
        1050         125     0.01805     1.06507     7.37237     5.96854
        1050         150     0.01813     1.06095     7.36615     5.96463
        1050         175     0.01757     1.06498     7.37223     5.96846
        1050         200     0.01825     1.06489     7.37209     5.96837
        1050         225     0.01738     1.06529     7.37271     5.96876
        1050         250     0.01780     1.06343     7.36985     5.96696
        1050         275     0.01683     1.06730     7.37585     5.97073
        1050         300     0.01699     1.06322     7.36953     5.96676
        1050         325     0.01823     1.05924     7.36367     5.96308
        1050         350     0.01680     1.06644     7.37449     5.96988
        1050         375     0.01750     1.06064     7.36570     5.96435
        1050         400     0.01768     1.05833     7.36237     5.96226
        1050         425     0.01589     1.06583     7.37355     5.96928
        1050         450     0.01692     1.06824     7.37737     5.97168
        1050         475     0.01591     1.06613     7.37402     5.96958
        1050         500     0.01586     1.07679     7.39169     5.98068
        1050         525     0.01560     1.06930     7.37907     5.97275
        1050         550     0.01438     1.07181     7.38319     5.97534
        1050         575     0.01427     1.08014     7.39765     5.98442
        1050         600     0.01301     1.09568     7.43013     6.00524
        1050         625     0.01218     1.11246     7.47339     6.03359
        1050         650     0.01229     1.10343     7.44961     6.01800
        1075          50     0.01831     1.06394     7.37063     5.96745
        1075          75     0.01900     1.06755     7.37626     5.97098
        1075         100     0.01812     1.06197     7.36767     5.96559
        1075         125     0.01848     1.06507     7.37236     5.96854
        1075         150     0.01819     1.06507     7.37237     5.96854
        1075         175     0.01885     1.06699     7.37537     5.97042
        1075         200     0.01814     1.06629     7.37426     5.96973
        1075         225     0.01768     1.06137     7.36677     5.96502
        1075         250     0.01796     1.06289     7.36904     5.96645
        1075         275     0.01748     1.06786     7.37675     5.97129
        1075         300     0.01675     1.06709     7.37553     5.97053
        1075         325     0.01765     1.06181     7.36743     5.96544
        1075         350     0.01846     1.06172     7.36728     5.96535
        1075         375     0.01787     1.06121     7.36654     5.96488
        1075         400     0.01696     1.06220     7.36801     5.96580
        1075         425     0.01805     1.06311     7.36937     5.96665
        1075         450     0.01661     1.06410     7.37087     5.96760
        1075         475     0.01629     1.06423     7.37108     5.96773
        1075         500     0.01621     1.06716     7.37563     5.97059
        1075         525     0.01513     1.06756     7.37627     5.97099
        1075         550     0.01541     1.07397     7.38684     5.97763
        1075         575     0.01524     1.06560     7.37319     5.96906
        1075         600     0.01475     1.09017     7.41683     5.99653
        1075         625     0.01308     1.10560     7.45523     6.02169
        1075         650     0.01278     1.08895     7.41411     5.99477
        1075         675     0.01138     1.11291     7.47461     6.03439
        1100          50     0.01749     1.06536     7.37281     5.96882
        1100          75     0.01835     1.06491     7.37212     5.96838
        1100         100     0.01820     1.06292     7.36909     5.96648
        1100         125     0.01783     1.06351     7.36998     5.96704
        1100         150     0.01834     1.06412     7.37090     5.96762
        1100         175     0.01764     1.06611     7.37399     5.96956
        1100         200     0.01918     1.06065     7.36572     5.96436
        1100         225     0.01762     1.06109     7.36636     5.96477
        1100         250     0.01792     1.06564     7.37325     5.96909
        1100         275     0.01844     1.06465     7.37172     5.96814
        1100         300     0.01716     1.06228     7.36813     5.96588
        1100         325     0.01635     1.06095     7.36616     5.96464
        1100         350     0.01771     1.05774     7.36154     5.96174
        1100         375     0.01712     1.06757     7.37628     5.97100
        1100         400     0.01799     1.05872     7.36292     5.96261
        1100         425     0.01736     1.06437     7.37129     5.96786
        1100         450     0.01730     1.06705     7.37546     5.97048
        1100         475     0.01645     1.06039     7.36533     5.96412
        1100         500     0.01643     1.06697     7.37534     5.97041
        1100         525     0.01536     1.05904     7.36339     5.96290
        1100         550     0.01570     1.07382     7.38658     5.97747
        1100         575     0.01494     1.07842     7.39457     5.98249
        1100         600     0.01498     1.06928     7.37903     5.97272
        1100         625     0.01442     1.07764     7.39320     5.98163
        1100         650     0.01374     1.09025     7.41702     5.99665
        1100         675     0.01270     1.09210     7.42143     5.99954
        1100         700     0.01165     1.11950     7.49267     6.04622
        1125          50     0.01927     1.06646     7.37453     5.96990
        1125          75     0.01668     1.06535     7.37280     5.96881
        1125         100     0.01775     1.06669     7.37490     5.97013
        1125         125     0.01872     1.06790     7.37682     5.97134
        1125         150     0.01879     1.06455     7.37157     5.96804
        1125         175     0.01875     1.06136     7.36676     5.96502
        1125         200     0.01864     1.06558     7.37316     5.96904
        1125         225     0.01787     1.06422     7.37105     5.96771
        1125         250     0.01818     1.06283     7.36894     5.96639
        1125         275     0.01693     1.06146     7.36691     5.96511
        1125         300     0.01810     1.06092     7.36610     5.96461
        1125         325     0.01686     1.06217     7.36796     5.96577
        1125         350     0.01718     1.05894     7.36324     5.96281
        1125         375     0.01838     1.06180     7.36741     5.96543
        1125         400     0.01830     1.06089     7.36607     5.96459
        1125         425     0.01803     1.06263     7.36865     5.96620
        1125         450     0.01677     1.06432     7.37120     5.96781
        1125         475     0.01817     1.06434     7.37124     5.96783
        1125         500     0.01530     1.06795     7.37689     5.97138
        1125         525     0.01695     1.06998     7.38018     5.97345
        1125         550     0.01450     1.06417     7.37098     5.96767
        1125         575     0.01520     1.07502     7.38863     5.97876
        1125         600     0.01486     1.06711     7.37556     5.97055
        1125         625     0.01492     1.07314     7.38542     5.97674
        1125         650     0.01384     1.09129     7.41949     5.99827
        1125         675     0.01387     1.07617     7.39063     5.98001
        1125         700     0.01250     1.09743     7.43445     6.00807
        1125         725     0.01181     1.12028     7.49485     6.04765
        1150          50     0.01793     1.06709     7.37553     5.97053
        1150          75     0.01809     1.06924     7.37898     5.97269
        1150         100     0.01677     1.06729     7.37584     5.97072
        1150         125     0.01808     1.06890     7.37842     5.97234
        1150         150     0.01764     1.07291     7.38504     5.97650
        1150         175     0.01826     1.06646     7.37454     5.96990
        1150         200     0.01741     1.06633     7.37433     5.96977
        1150         225     0.01743     1.06626     7.37422     5.96971
        1150         250     0.01833     1.06458     7.37162     5.96807
        1150         275     0.01914     1.06607     7.37391     5.96951
        1150         300     0.01841     1.06282     7.36893     5.96638
        1150         325     0.01757     1.06760     7.37633     5.97103
        1150         350     0.01888     1.06450     7.37149     5.96799
        1150         375     0.01769     1.05970     7.36433     5.96349
        1150         400     0.01821     1.06523     7.37262     5.96870
        1150         425     0.01789     1.06554     7.37309     5.96899
        1150         450     0.01767     1.06572     7.37338     5.96918
        1150         475     0.01749     1.05885     7.36311     5.96272
        1150         500     0.01634     1.05725     7.36086     5.96131
        1150         525     0.01696     1.06213     7.36790     5.96573
        1150         550     0.01656     1.07207     7.38363     5.97561
        1150         575     0.01629     1.06744     7.37608     5.97087
        1150         600     0.01562     1.06455     7.37156     5.96804
        1150         625     0.01619     1.06929     7.37905     5.97274
        1150         650     0.01465     1.06629     7.37426     5.96973
        1150         675     0.01379     1.09073     7.41816     5.99740
        1150         700     0.01439     1.08942     7.41507     5.99537
        1150         725     0.01232     1.11325     7.47553     6.03499
        1150         750     0.01191     1.09690     7.43312     6.00720
        1175          50     0.01756     1.06245     7.36838     5.96603
        1175          75     0.01794     1.06538     7.37284     5.96884
        1175         100     0.01866     1.06748     7.37615     5.97092
        1175         125     0.01957     1.06734     7.37592     5.97077
        1175         150     0.01865     1.06942     7.37927     5.97288
        1175         175     0.01817     1.07235     7.38410     5.97591
        1175         200     0.01766     1.06536     7.37281     5.96882
        1175         225     0.01864     1.06405     7.37080     5.96755
        1175         250     0.01760     1.06690     7.37523     5.97034
        1175         275     0.01775     1.06434     7.37125     5.96784
        1175         300     0.01836     1.06272     7.36878     5.96629
        1175         325     0.01780     1.06357     7.37007     5.96710
        1175         350     0.01845     1.05970     7.36433     5.96349
        1175         375     0.01797     1.06522     7.37259     5.96868
        1175         400     0.01784     1.06137     7.36677     5.96503
        1175         425     0.01796     1.05893     7.36323     5.96280
        1175         450     0.01711     1.06505     7.37233     5.96851
        1175         475     0.01776     1.05975     7.36440     5.96354
        1175         500     0.01704     1.06376     7.37035     5.96727
        1175         525     0.01605     1.05996     7.36471     5.96373
        1175         550     0.01762     1.06606     7.37391     5.96951
        1175         575     0.01589     1.06395     7.37064     5.96745
        1175         600     0.01697     1.06935     7.37915     5.97280
        1175         625     0.01574     1.07111     7.38204     5.97461
        1175         650     0.01449     1.06620     7.37412     5.96964
        1175         675     0.01403     1.07897     7.39554     5.98310
        1175         700     0.01438     1.07641     7.39104     5.98027
        1175         725     0.01371     1.07898     7.39557     5.98312
        1175         750     0.01277     1.09358     7.42501     6.00189
        1175         775     0.01149     1.12650     7.51241     6.05915
        1200          50     0.01934     1.06763     7.37638     5.97106
        1200          75     0.01771     1.07246     7.38428     5.97602
        1200         100     0.01782     1.07048     7.38099     5.97395
        1200         125     0.01764     1.06833     7.37750     5.97176
        1200         150     0.01844     1.06356     7.37006     5.96709
        1200         175     0.01846     1.06766     7.37643     5.97110
        1200         200     0.01883     1.06545     7.37295     5.96891
        1200         225     0.01755     1.06764     7.37640     5.97107
        1200         250     0.01732     1.06559     7.37317     5.96904
        1200         275     0.01878     1.06448     7.37146     5.96797
        1200         300     0.01747     1.06211     7.36788     5.96572
        1200         325     0.01872     1.06427     7.37113     5.96776
        1200         350     0.01839     1.06133     7.36671     5.96499
        1200         375     0.01773     1.05836     7.36241     5.96229
        1200         400     0.01763     1.06063     7.36568     5.96434
        1200         425     0.01783     1.06732     7.37589     5.97075
        1200         450     0.01771     1.06017     7.36502     5.96392
        1200         475     0.01694     1.06290     7.36906     5.96646
        1200         500     0.01751     1.06378     7.37038     5.96729
        1200         525     0.01683     1.05982     7.36451     5.96360
        1200         550     0.01666     1.06151     7.36698     5.96516
        1200         575     0.01659     1.06014     7.36497     5.96389
        1200         600     0.01657     1.06607     7.37393     5.96952
        1200         625     0.01649     1.06363     7.37015     5.96715
        1200         650     0.01560     1.07207     7.38363     5.97561
        1200         675     0.01415     1.07033     7.38075     5.97381
        1200         700     0.01472     1.07568     7.38977     5.97947
        1200         725     0.01328     1.08612     7.40870     5.99136
        1200         750     0.01419     1.09205     7.42132     5.99947
        1200         775     0.01306     1.09177     7.42063     5.99902
        1200         800     0.01268     1.10017     7.44130     6.01256
