1000 100 0.0160703 1.07481 5.23627 3.83941
1000 125 0.0162541 1.07305 5.23437 3.83826
1000 150 0.01667 1.07483 5.23632 3.83942
1000 175 0.016508 1.07857 5.24013 3.84082
1000 200 0.0156604 1.07281 5.23409 3.8385
1000 225 0.0163461 1.0812 5.24381 3.84143
1000 250 0.0160014 1.06387 5.22596 3.83411
1000 275 0.0158853 1.07075 5.23192 3.83751
1000 300 0.01573 1.07315 5.23438 3.83818
1000 325 0.016139 1.08938 5.25448 3.84725
1000 350 0.0145376 1.0764 5.23753 3.83918
1000 375 0.0143825 1.07712 5.23824 3.83991
1000 400 0.0136432 1.09226 5.25794 3.84933
1000 425 0.0134654 1.09286 5.25895 3.84904
1000 450 0.0130248 1.09851 5.26747 3.85282
1000 475 0.0135109 1.10456 5.27975 3.85963
1000 500 0.0118766 1.11007 5.28805 3.86466
1000 50 0.0171115 1.07595 5.23754 3.83956
1000 525 0.0109669 1.10956 5.28728 3.86508
1000 550 0.00926184 1.13595 5.33606 3.89463
1000 575 0.00862602 1.14826 5.36381 3.90347
1000 600 0.00630448 1.1799 5.44076 3.94154
1000 75 0.0169012 1.07079 5.23185 3.83757
1025 100 0.0161647 1.0812 5.24381 3.84143
1025 125 0.0165487 1.07315 5.23438 3.83818
1025 150 0.0167106 1.07711 5.23822 3.83991
1025 175 0.0163465 1.0771 5.23815 3.83998
1025 200 0.0160588 1.07452 5.23602 3.83896
1025 225 0.0161915 1.07468 5.23616 3.83902
1025 250 0.0157669 1.06792 5.23009 3.83558
1025 275 0.0162702 1.07036 5.23132 3.83678
1025 300 0.0153751 1.08111 5.2438 3.84151
1025 325 0.0155204 1.07562 5.2372 3.83977
1025 350 0.0148177 1.06571 5.22735 3.83472
1025 375 0.0147647 1.0816 5.24413 3.84126
1025 400 0.0148774 1.087 5.25096 3.84499
1025 425 0.0139192 1.09995 5.26957 3.8541
1025 450 0.0128822 1.08434 5.24796 3.84286
1025 475 0.0123601 1.10438 5.27768 3.859
1025 500 0.0124101 1.10907 5.28646 3.86483
1025 50 0.0164632 1.06963 5.23096 3.83624
1025 525 0.0112202 1.12458 5.31413 3.88225
1025 550 0.0103489 1.10943 5.28728 3.86501
1025 575 0.0097454 1.12544 5.31505 3.88343
1025 600 0.00838662 1.14009 5.34471 3.89598
1025 625 0.00655218 1.17346 5.42372 3.93173
1025 75 0.0171502 1.07056 5.23155 3.83721
1050 100 0.0172835 1.0723 5.23362 3.83853
1050 125 0.0165744 1.0684 5.23013 3.83603
1050 150 0.0171912 1.06649 5.22805 3.83537
1050 175 0.0162951 1.06606 5.22787 3.83511
1050 200 0.0169122 1.07017 5.23157 3.8369
1050 225 0.0159273 1.07099 5.2321 3.83735
1050 250 0.0162298 1.07707 5.23809 3.83992
1050 275 0.0155121 1.08291 5.24587 3.8425
1050 300 0.0157911 1.07951 5.24118 3.84065
1050 325 0.0160805 1.07333 5.23469 3.8382
1050 350 0.0154513 1.07769 5.23902 3.83976
1050 375 0.0156666 1.06838 5.23016 3.83597
1050 400 0.0156397 1.07116 5.23229 3.83749
1050 425 0.0138207 1.07274 5.23387 3.83852
1050 450 0.0144922 1.08917 5.25371 3.8468
1050 475 0.0130586 1.08336 5.24651 3.84241
1050 500 0.0130128 1.08739 5.25119 3.84511
1050 50 0.0171347 1.07893 5.24111 3.84076
1050 525 0.0125676 1.08842 5.25237 3.84598
1050 550 0.0114109 1.10006 5.26968 3.85426
1050 575 0.0104294 1.10603 5.28225 3.86071
1050 600 0.00918246 1.1427 5.3506 3.89807
1050 625 0.00804814 1.16448 5.40311 3.92135
1050 650 0.00686033 1.18137 5.44445 3.94316
1050 75 0.0170173 1.06902 5.23022 3.83635
1075 100 0.0169453 1.07032 5.2314 3.8369
1075 125 0.0173124 1.07745 5.23857 3.83996
1075 150 0.0170727 1.07393 5.23543 3.83857
1075 175 0.0172755 1.07173 5.23354 3.83774
1075 200 0.016639 1.07338 5.23476 3.83831
1075 225 0.0166688 1.06934 5.23049 3.83609
1075 250 0.0163628 1.06903 5.23028 3.8363
1075 275 0.0157701 1.07393 5.23543 3.83857
1075 300 0.0159494 1.07709 5.23809 3.83998
1075 325 0.0164177 1.07429 5.23588 3.8382
1075 350 0.0163322 1.06521 5.22737 3.83491
1075 375 0.0161748 1.07484 5.23644 3.83939
1075 400 0.0150594 1.08262 5.24535 3.84217
1075 425 0.015174 1.08106 5.24383 3.8414
1075 450 0.014463 1.07442 5.23586 3.83859
1075 475 0.0143227 1.08284 5.24569 3.84225
1075 500 0.0139069 1.0844 5.24804 3.84295
1075 50 0.0163811 1.07585 5.23747 3.83952
1075 525 0.0123735 1.08097 5.24346 3.84138
1075 550 0.0123023 1.09112 5.25668 3.84899
1075 575 0.0117316 1.09251 5.25849 3.8491
1075 600 0.0107498 1.12039 5.30516 3.87804
1075 625 0.00898766 1.12849 5.32103 3.88671
1075 650 0.00834374 1.12577 5.31556 3.88441
1075 675 0.00647529 1.17062 5.41675 3.92689
1075 75 0.0174517 1.07884 5.24089 3.84077
1100 100 0.017099 1.06489 5.22688 3.83458
1100 125 0.0163499 1.06838 5.23016 3.83597
1100 150 0.0173013 1.07328 5.23464 3.83816
1100 175 0.0161991 1.07402 5.23543 3.83822
1100 200 0.0178041 1.06922 5.23053 3.83604
1100 225 0.0166298 1.06763 5.22958 3.83537
1100 250 0.0167481 1.07574 5.23719 3.83961
1100 275 0.0169357 1.07178 5.23348 3.83813
1100 300 0.0159808 1.0751 5.23653 3.8395
1100 325 0.0152884 1.06403 5.22612 3.83436
1100 350 0.0157209 1.06686 5.2284 3.83541
1100 375 0.0159528 1.08081 5.24325 3.84139
1100 400 0.0161352 1.07829 5.23984 3.84089
1100 425 0.0153965 1.07665 5.23774 3.83953
1100 450 0.0153672 1.0826 5.24533 3.84218
1100 475 0.0143802 1.07385 5.2353 3.83851
1100 500 0.0146912 1.07983 5.24174 3.84055
1100 50 0.0167894 1.07007 5.23146 3.8369
1100 525 0.0133134 1.07144 5.23289 3.83767
1100 550 0.0132374 1.1029 5.27486 3.85722
1100 575 0.0120048 1.09096 5.25657 3.84886
1100 600 0.0118736 1.08912 5.25361 3.84683
1100 625 0.010953 1.11465 5.2945 3.87071
1100 650 0.00914627 1.12859 5.32134 3.88693
1100 675 0.00829551 1.16165 5.39658 3.91861
1100 700 0.00686984 1.18797 5.46156 3.95183
1100 75 0.0168 1.07021 5.23152 3.83678
1125 100 0.0164453 1.06746 5.22933 3.83546
1125 125 0.0172812 1.07488 5.23647 3.83931
1125 150 0.0175989 1.07355 5.23506 3.83847
1125 175 0.0174764 1.0684 5.23013 3.83603
1125 200 0.0175769 1.07283 5.23409 3.83848
1125 225 0.016553 1.07017 5.23157 3.8369
1125 250 0.0171549 1.06455 5.22721 3.83437
1125 275 0.0166361 1.06365 5.22566 3.83375
1125 300 0.0165838 1.06661 5.22825 3.83554
1125 325 0.0157368 1.08047 5.24278 3.84135
1125 350 0.0159723 1.07252 5.23378 3.83835
1125 375 0.0167805 1.07454 5.23604 3.83907
1125 400 0.0165821 1.06929 5.23064 3.8362
1125 425 0.0161345 1.08259 5.24531 3.84215
1125 450 0.0158747 1.07722 5.23835 3.83974
1125 475 0.0163561 1.07564 5.23727 3.83963
1125 500 0.0139378 1.08327 5.24643 3.84251
1125 50 0.0184071 1.07645 5.2375 3.83946
1125 525 0.0151574 1.08223 5.24508 3.84182
1125 550 0.0131356 1.08173 5.24423 3.84147
1125 575 0.012755 1.08054 5.24291 3.84148
1125 600 0.0122592 1.09661 5.26511 3.85138
1125 625 0.0119464 1.0984 5.26721 3.85277
1125 650 0.0105251 1.1227 5.31038 3.88061
1125 675 0.00993427 1.12268 5.31041 3.88062
1125 700 0.00810903 1.15035 5.36786 3.90644
1125 725 0.00652379 1.15202 5.37187 3.9075
1125 75 0.0162764 1.07116 5.23229 3.83749
1150 100 0.0153852 1.076 5.23754 3.83956
1150 125 0.0172147 1.07338 5.23476 3.83831
1150 150 0.0169029 1.08326 5.24646 3.84247
1150 175 0.0167127 1.07445 5.23587 3.83862
1150 200 0.0167703 1.07436 5.23584 3.83827
1150 225 0.0164894 1.06983 5.2312 3.83643
1150 250 0.0171956 1.07235 5.23362 3.83829
1150 275 0.0178289 1.069 5.23029 3.83631
1150 300 0.0173867 1.06976 5.23117 3.83644
1150 325 0.0164479 1.07338 5.23476 3.83831
1150 350 0.0170667 1.07439 5.23583 3.83837
1150 375 0.0165315 1.06839 5.23013 3.83603
1150 400 0.0167427 1.07586 5.23747 3.83952
1150 425 0.0162494 1.0692 5.23055 3.83598
1150 450 0.0166444 1.07435 5.23585 3.83828
1150 475 0.0157862 1.06579 5.22742 3.8349
1150 500 0.0153822 1.07342 5.23472 3.83839
1150 50 0.0167787 1.07438 5.23585 3.83827
1150 525 0.0152091 1.07517 5.23671 3.83947
1150 550 0.0140777 1.08721 5.25093 3.84527
1150 575 0.0147751 1.08248 5.24525 3.84209
1150 600 0.0131511 1.09017 5.25546 3.84769
1150 625 0.012999 1.09416 5.26078 3.85
1150 650 0.0109016 1.10931 5.28689 3.86508
1150 675 0.0110172 1.12967 5.32286 3.88762
1150 700 0.0102879 1.12756 5.31885 3.88644
1150 725 0.0076219 1.13128 5.3265 3.88862
1150 750 0.00675993 1.18511 5.45383 3.94745
1150 75 0.0172639 1.07656 5.23754 3.83938
1175 100 0.0180399 1.07708 5.23809 3.83994
1175 125 0.0183723 1.07031 5.23147 3.83684
1175 150 0.0174857 1.07459 5.23611 3.83915
1175 175 0.0169587 1.07708 5.23809 3.83994
1175 200 0.0170207 1.06977 5.23117 3.83639
1175 225 0.0171879 1.07157 5.23327 3.83766
1175 250 0.016409 1.07145 5.23289 3.83767
1175 275 0.0167829 1.07016 5.23156 3.8369
1175 300 0.0175968 1.06767 5.22968 3.83527
1175 325 0.0166936 1.06753 5.22953 3.8354
1175 350 0.016972 1.06863 5.23008 3.83611
1175 375 0.017017 1.06833 5.23014 3.83589
1175 400 0.0169953 1.07159 5.23326 3.83766
1175 425 0.0166328 1.06533 5.2275 3.83487
1175 450 0.0160181 1.07326 5.23462 3.8381
1175 475 0.0163855 1.07419 5.23577 3.8384
1175 500 0.0157258 1.06943 5.23056 3.83613
1175 50 0.0170005 1.071 5.23208 3.83735
1175 525 0.0145994 1.07614 5.23767 3.83945
1175 550 0.0150508 1.08631 5.25026 3.8444
1175 575 0.0143719 1.08211 5.24487 3.84168
1175 600 0.0147488 1.09217 5.25794 3.84912
1175 625 0.0134512 1.08685 5.25098 3.84475
1175 650 0.0116938 1.09517 5.26254 3.85032
1175 675 0.0112264 1.09255 5.25863 3.84904
1175 700 0.0114463 1.1008 5.27098 3.85529
1175 725 0.0101068 1.11987 5.30424 3.87788
1175 750 0.00779195 1.11709 5.29864 3.87341
1175 75 0.0173098 1.07003 5.23145 3.83666
1175 775 0.00722612 1.17118 5.41797 3.92821
1200 100 0.0168234 1.08284 5.24569 3.84225
1200 125 0.0166626 1.07239 5.23371 3.83833
1200 150 0.0175284 1.07099 5.2321 3.83735
1200 175 0.0176588 1.07479 5.23627 3.83927
1200 200 0.0175175 1.07567 5.23722 3.83961
1200 225 0.0170535 1.07333 5.23469 3.8382
1200 250 0.0168712 1.06809 5.23039 3.83553
1200 275 0.0177553 1.07313 5.23432 3.83821
1200 300 0.0168162 1.06801 5.23016 3.83564
1200 325 0.0172794 1.0699 5.23135 3.8365
1200 350 0.0175324 1.06473 5.22707 3.83426
1200 375 0.0164175 1.06166 5.22237 3.83232
1200 400 0.0167945 1.06369 5.22576 3.83374
1200 425 0.0169072 1.07302 5.23438 3.83824
1200 450 0.0167794 1.07222 5.23342 3.83846
1200 475 0.0155759 1.07451 5.236 3.83883
1200 500 0.0157868 1.07921 5.24166 3.84049
1200 50 0.0185053 1.07452 5.23602 3.83896
1200 525 0.0152866 1.07087 5.23201 3.83752
1200 550 0.0150399 1.07665 5.23774 3.83953
1200 575 0.0147314 1.06924 5.23057 3.83606
1200 600 0.0146604 1.07764 5.23888 3.8399
1200 625 0.0142186 1.08221 5.2451 3.8418
1200 650 0.0131042 1.09497 5.26214 3.85025
1200 675 0.0118529 1.09541 5.26268 3.85039
1200 700 0.0120748 1.13996 5.34452 3.896
1200 725 0.0104384 1.10685 5.28343 3.86161
1200 750 0.00982294 1.12661 5.31699 3.88548
1200 75 0.0168119 1.07307 5.23433 3.83827
1200 775 0.00806902 1.12325 5.31216 3.88093
1200 800 0.00714708 1.1502 5.36723 3.90634
450 50 0.00344943 1.22727 5.57289 4.01803
475 50 0.00437139 1.18904 5.46482 3.95366
475 75 0.00337803 1.19634 5.48672 3.96623
500 100 0.00392214 1.2159 5.53973 3.99833
500 50 0.00590316 1.1816 5.44527 3.94338
500 75 0.00502933 1.24161 5.61948 4.04477
525 100 0.00554849 1.19677 5.48774 3.96747
525 125 0.0039641 1.1919 5.47354 3.95822
525 50 0.00656549 1.14195 5.34893 3.89812
525 75 0.00655705 1.17107 5.41766 3.92821
550 100 0.00628893 1.17316 5.42313 3.93124
550 125 0.00585689 1.17119 5.41805 3.92815
550 150 0.0043877 1.2075 5.51913 3.98516
550 50 0.00787152 1.15843 5.38865 3.91576
550 75 0.0076668 1.19055 5.46931 3.9566
575 100 0.00750945 1.1415 5.34811 3.89764
575 125 0.00712666 1.14945 5.36547 3.90504
575 150 0.00576862 1.17567 5.42969 3.93441
575 175 0.00476628 1.17759 5.43518 3.93649
575 50 0.00791286 1.13087 5.32561 3.88839
575 75 0.00813972 1.1631 5.39928 3.9204
600 100 0.00844454 1.12182 5.30876 3.87946
600 125 0.0081912 1.16143 5.39608 3.91834
600 150 0.0070032 1.15228 5.37284 3.90801
600 175 0.00694544 1.15465 5.37845 3.91119
600 200 0.00539689 1.15891 5.38968 3.91598
600 50 0.00955629 1.13343 5.3306 3.89206
600 75 0.00927833 1.12063 5.30588 3.87831
625 100 0.00955346 1.12774 5.31921 3.88677
625 125 0.00933869 1.11048 5.28859 3.86491
625 150 0.00823205 1.15759 5.38616 3.91533
625 175 0.0078018 1.15092 5.36929 3.90685
625 200 0.00634071 1.16693 5.40823 3.92357
625 225 0.00542921 1.18393 5.45134 3.946
625 50 0.0110128 1.10173 5.27274 3.85609
625 75 0.0107138 1.13017 5.32414 3.88848
650 100 0.0107801 1.11898 5.30254 3.8767
650 125 0.0106593 1.11423 5.29411 3.87041
650 150 0.00942444 1.11375 5.29327 3.86969
650 175 0.00887121 1.1401 5.3448 3.89598
650 200 0.00776303 1.15246 5.37332 3.90809
650 225 0.00700724 1.13425 5.33247 3.89252
650 250 0.00563206 1.1486 5.36421 3.90376
650 50 0.0114343 1.08907 5.25361 3.84678
650 75 0.0112654 1.10763 5.2844 3.86235
675 100 0.0115437 1.11205 5.29145 3.8669
675 125 0.0111258 1.10838 5.28602 3.86399
675 150 0.0107316 1.1195 5.30355 3.87736
675 175 0.00921329 1.11742 5.29932 3.87367
675 200 0.0088727 1.13748 5.33883 3.89617
675 225 0.00861306 1.14352 5.3526 3.89855
675 250 0.00707984 1.18038 5.44165 3.94202
675 275 0.00586828 1.18388 5.45122 3.94597
675 50 0.0126536 1.10143 5.27221 3.85552
675 75 0.0120202 1.09858 5.26759 3.85273
700 100 0.0123912 1.10426 5.27711 3.85901
700 125 0.0116534 1.12856 5.32128 3.88679
700 150 0.0115894 1.12942 5.3227 3.88706
700 175 0.0105108 1.12248 5.31019 3.88034
700 200 0.00991045 1.12278 5.31101 3.88087
700 225 0.00908202 1.10635 5.28275 3.86111
700 250 0.00839667 1.12727 5.31834 3.88622
700 275 0.00679699 1.19371 5.47907 3.96163
700 300 0.00616325 1.19596 5.48502 3.96563
700 50 0.0136898 1.11491 5.29498 3.87095
700 75 0.0126332 1.08001 5.24193 3.8408
725 100 0.0134127 1.11255 5.29198 3.86775
725 125 0.0130027 1.10147 5.27215 3.85568
725 150 0.0117283 1.09345 5.26026 3.84933
725 175 0.0117359 1.11988 5.3043 3.87787
725 200 0.011179 1.11945 5.30347 3.87724
725 225 0.0102223 1.11397 5.29366 3.87022
725 250 0.0105884 1.1087 5.28608 3.86482
725 275 0.00913398 1.12523 5.31471 3.88276
725 300 0.00744769 1.14353 5.3526 3.89855
725 325 0.00642025 1.16411 5.40188 3.92129
725 50 0.0139976 1.08176 5.24435 3.84146
725 75 0.0132458 1.09041 5.25573 3.84809
750 100 0.0121902 1.09594 5.26378 3.85045
750 125 0.0132317 1.08775 5.25155 3.84551
750 150 0.0130477 1.09613 5.26421 3.85065
750 175 0.0127519 1.08973 5.25463 3.84706
750 200 0.0123134 1.11038 5.28838 3.86494
750 225 0.011451 1.09812 5.26695 3.85257
750 250 0.0104424 1.10606 5.28229 3.86073
750 275 0.00965728 1.11407 5.29384 3.87029
750 300 0.00833039 1.14379 5.353 3.89876
750 325 0.00702517 1.14844 5.36408 3.90371
750 350 0.00615984 1.16825 5.41131 3.9244
750 50 0.0142532 1.09416 5.26078 3.85
750 75 0.0137491 1.08228 5.24511 3.84189
775 100 0.0135628 1.08863 5.25274 3.84593
775 125 0.0144528 1.08571 5.25006 3.84414
775 150 0.0132511 1.08735 5.25114 3.84535
775 175 0.0128645 1.09132 5.2569 3.84901
775 200 0.0116501 1.09941 5.26855 3.85367
775 225 0.0125212 1.09669 5.26509 3.8516
775 250 0.0115782 1.10747 5.28414 3.86201
775 275 0.0107458 1.10215 5.27326 3.85592
775 300 0.0094376 1.10876 5.28613 3.86468
775 325 0.00825316 1.13615 5.33654 3.89494
775 350 0.00731006 1.14128 5.34755 3.8974
775 375 0.00651722 1.1854 5.45432 3.94759
775 50 0.0142488 1.0878 5.2517 3.84529
775 75 0.0141217 1.08808 5.25196 3.84567
800 100 0.0148106 1.09177 5.25747 3.8489
800 125 0.0151025 1.08421 5.24785 3.84266
800 150 0.0139961 1.07542 5.23703 3.83971
800 175 0.0133262 1.08376 5.2472 3.84242
800 200 0.0131961 1.09974 5.26926 3.85402
800 225 0.0127545 1.10625 5.28275 3.86113
800 250 0.0121916 1.08329 5.24639 3.84257
800 275 0.0118643 1.10455 5.27975 3.85963
800 300 0.0110366 1.11397 5.29366 3.87022
800 325 0.0102903 1.12791 5.31972 3.88642
800 350 0.00937874 1.13709 5.33844 3.89585
800 375 0.00773181 1.18671 5.45774 3.95076
800 400 0.00656852 1.17633 5.43203 3.93535
800 50 0.0144293 1.07446 5.23593 3.83862
800 75 0.01457 1.09713 5.26576 3.85182
825 100 0.0139695 1.08993 5.25512 3.84758
825 125 0.0138275 1.08277 5.2456 3.84231
825 150 0.0154921 1.07763 5.23879 3.84
825 175 0.0135532 1.08417 5.24777 3.84271
825 200 0.0134662 1.0983 5.26704 3.85279
825 225 0.0129647 1.09068 5.25617 3.84857
825 250 0.0130835 1.08965 5.25453 3.84732
825 275 0.0128346 1.09231 5.25807 3.84925
825 300 0.011661 1.12327 5.31223 3.88093
825 325 0.010489 1.11136 5.2901 3.86625
825 350 0.0110553 1.12753 5.31876 3.88644
825 375 0.00899916 1.16387 5.40132 3.9209
825 400 0.00771598 1.14326 5.35231 3.89834
825 425 0.00602214 1.18014 5.44128 3.94144
825 50 0.0148043 1.08435 5.24799 3.84286
825 75 0.0144091 1.07886 5.24098 3.84075
850 100 0.0141139 1.07656 5.23754 3.83938
850 125 0.0149095 1.07146 5.23293 3.83764
850 150 0.0150405 1.0887 5.25282 3.8463
850 175 0.0136412 1.06332 5.22518 3.83384
850 200 0.0144044 1.0806 5.24291 3.84149
850 225 0.0142969 1.08329 5.24639 3.84257
850 250 0.0130236 1.08922 5.25363 3.84693
850 275 0.013429 1.11237 5.2918 3.86754
850 300 0.0135266 1.1016 5.27234 3.85579
850 325 0.0117656 1.09593 5.26373 3.85039
850 350 0.0108434 1.0994 5.26853 3.85362
850 375 0.0101221 1.10321 5.2757 3.85769
850 400 0.00912837 1.11041 5.28841 3.86494
850 425 0.00767209 1.14394 5.35308 3.89904
850 450 0.00659779 1.14539 5.35651 3.89953
850 50 0.0156078 1.08499 5.24937 3.8439
850 75 0.015163 1.07534 5.2371 3.83952
875 100 0.0153765 1.08316 5.24634 3.84236
875 125 0.0149866 1.07643 5.23741 3.8394
875 150 0.0147703 1.07612 5.23767 3.8395
875 175 0.0154644 1.08419 5.24782 3.84272
875 200 0.0156089 1.08962 5.2545 3.84733
875 225 0.0145887 1.08904 5.25366 3.84665
875 250 0.0148424 1.0904 5.25573 3.84806
875 275 0.012911 1.08417 5.24777 3.84271
875 300 0.0135765 1.09549 5.26281 3.85038
875 325 0.0124029 1.09941 5.26855 3.85367
875 350 0.0118657 1.09796 5.26664 3.85252
875 375 0.0114622 1.11458 5.2943 3.87085
875 400 0.0101066 1.11816 5.30098 3.8749
875 425 0.00904231 1.12935 5.32254 3.8872
875 450 0.00838797 1.11825 5.3012 3.87494
875 475 0.00602606 1.16464 5.40329 3.92148
875 50 0.0157742 1.07674 5.23783 3.8397
875 75 0.0154241 1.08055 5.24291 3.84145
900 100 0.0161912 1.06626 5.22807 3.83528
900 125 0.0156719 1.09079 5.25623 3.84886
900 150 0.0148637 1.07966 5.2414 3.8406
900 175 0.015598 1.07639 5.23745 3.83912
900 200 0.0148991 1.08689 5.25103 3.84478
900 225 0.0149871 1.07616 5.23767 3.83963
900 250 0.013696 1.08289 5.24578 3.84234
900 275 0.0137178 1.08868 5.25281 3.84614
900 300 0.0131398 1.09569 5.26343 3.85039
900 325 0.0135331 1.09756 5.26636 3.85208
900 350 0.0123873 1.09987 5.26951 3.85413
900 375 0.0121767 1.10001 5.26967 3.85411
900 400 0.0110473 1.10706 5.28363 3.86139
900 425 0.0105994 1.10518 5.28055 3.85981
900 450 0.0090882 1.13205 5.32784 3.88993
900 475 0.00778795 1.13736 5.33869 3.89591
900 500 0.00645895 1.15847 5.38871 3.91576
900 50 0.0164302 1.08311 5.24629 3.84238
900 75 0.0154889 1.06566 5.22736 3.83488
925 100 0.0150315 1.07583 5.23754 3.83952
925 125 0.0156163 1.08086 5.2433 3.84139
925 150 0.015359 1.08093 5.24352 3.84152
925 175 0.015365 1.0762 5.23754 3.83961
925 200 0.0145882 1.07508 5.23649 3.83955
925 225 0.0144503 1.08165 5.24417 3.84119
925 250 0.0147331 1.08238 5.2453 3.84211
925 275 0.0135407 1.08346 5.24685 3.84233
925 300 0.0131454 1.09015 5.25546 3.84767
925 325 0.0143572 1.10028 5.27006 3.8543
925 350 0.0138172 1.0913 5.25685 3.84894
925 375 0.0131151 1.08661 5.25076 3.84491
925 400 0.0121346 1.11894 5.30238 3.87672
925 425 0.0110755 1.09002 5.25519 3.84776
925 450 0.0104499 1.11662 5.29773 3.87302
925 475 0.00966798 1.145 5.3557 3.89941
925 500 0.00825806 1.13676 5.33761 3.89565
925 50 0.0168218 1.07891 5.24111 3.84075
925 525 0.00659058 1.15933 5.39085 3.91691
925 75 0.0166931 1.07437 5.23585 3.83827
950 100 0.0153004 1.07432 5.23591 3.83817
950 125 0.0170239 1.06975 5.23116 3.83646
950 150 0.0155791 1.07971 5.24148 3.84064
950 175 0.0161415 1.06941 5.23053 3.83618
950 200 0.0161858 1.07533 5.23713 3.83962
950 225 0.015076 1.08247 5.24525 3.84212
950 250 0.0166699 1.07671 5.23781 3.83953
950 275 0.0148646 1.07352 5.23503 3.83845
950 300 0.014794 1.07879 5.24071 3.84094
950 325 0.0141994 1.08924 5.2539 3.84695
950 350 0.0140604 1.09217 5.25794 3.84912
950 375 0.0132318 1.09827 5.26706 3.85278
950 400 0.0131755 1.09932 5.2684 3.85334
950 425 0.0126064 1.09493 5.26219 3.85031
950 450 0.011379 1.10833 5.28593 3.86402
950 475 0.0110478 1.11491 5.29498 3.87095
950 500 0.00960824 1.11272 5.29232 3.86785
950 50 0.0167572 1.07613 5.23767 3.83953
950 525 0.00804239 1.15805 5.38725 3.91537
950 550 0.00675628 1.16851 5.41193 3.92445
950 75 0.0166683 1.07927 5.24173 3.84035
975 100 0.0159758 1.06874 5.22999 3.83606
975 125 0.0159594 1.07294 5.23426 3.83827
975 150 0.0166293 1.07257 5.23384 3.83822
975 175 0.0166696 1.0801 5.24203 3.84108
975 200 0.015262 1.07106 5.23208 3.83739
975 225 0.0154046 1.07957 5.24129 3.84041
975 250 0.0158639 1.07201 5.23347 3.83827
975 275 0.0156637 1.08719 5.25093 3.84519
975 300 0.0148213 1.07493 5.23652 3.83938
975 325 0.0153465 1.07365 5.23506 3.83853
975 350 0.0147081 1.08627 5.25037 3.8443
975 375 0.0134899 1.08165 5.24417 3.84119
975 400 0.0141567 1.08762 5.25146 3.84537
975 425 0.0136247 1.10058 5.2705 3.85515
975 450 0.0119131 1.10309 5.27528 3.85755
975 475 0.0111638 1.08832 5.25234 3.84583
975 500 0.0101207 1.108 5.28512 3.86387
975 50 0.0160923 1.07443 5.23581 3.83862
975 525 0.00958123 1.1079 5.28493 3.86341
975 550 0.00823703 1.15213 5.37225 3.90777
975 575 0.00675906 1.14722 5.36165 3.9022
975 75 0.0166522 1.07124 5.23256 3.83747
