1000 240 0.0078423 1.16023 2.77395 3.03523
1000 260 0.00768036 1.13787 2.78903 3.01709
1000 280 0.0067523 1.17398 2.77627 3.05336
1000 300 0.00740743 1.14069 2.78038 3.01858
1000 320 0.00713493 1.13809 2.78863 3.01696
1000 340 0.0077609 1.13026 2.79246 3.01028
1000 360 0.00697214 1.16845 2.77427 3.04715
1000 380 0.00723799 1.1348 2.79295 3.01598
1000 400 0.00651519 1.13417 2.79317 3.01498
1000 420 0.00669214 1.13989 2.78063 3.01789
1000 440 0.00795201 1.1449 2.78675 3.02368
1000 460 0.00724507 1.13264 2.79423 3.01461
1000 480 0.00743532 1.17237 2.77448 3.05109
1000 500 0.00687659 1.17917 2.77945 3.05917
1000 520 0.00807983 1.16982 2.77612 3.04769
1000 540 0.00812187 1.14839 2.77929 3.02656
1000 560 0.00814353 1.1137 2.79071 2.99926
1000 580 0.00631701 1.12053 2.78931 3.00251
1000 600 0.00883674 1.13027 2.79252 3.01028
1000 620 0.00857132 1.15341 2.78416 3.03188
1000 640 0.00696506 1.11439 2.7909 2.99943
1000 660 0.00661782 1.10738 2.79005 2.99478
1000 680 0.00689075 1.12003 2.78969 3.00246
1000 700 0.00608698 1.16513 2.77243 3.0409
1000 720 0.00612591 1.15532 2.77478 3.03247
1000 740 0.00588172 1.10563 2.79052 2.99421
1000 760 0.0061613 1.1318 2.79402 3.01324
1000 780 0.00679604 1.14632 2.78636 3.02358
460 240 0.00116431 1.39673 2.90757 3.36633
480 240 0.00223307 1.25223 2.80341 3.14543
480 260 0.00142973 1.15305 2.78402 3.03066
500 240 0.00187918 1.16664 2.77349 3.04347
500 260 0.00170223 1.32681 2.85631 3.25373
500 280 0.00150405 1.47906 2.97303 3.52513
520 240 0.00168808 1.27879 2.81854 3.18739
520 260 0.00188668 1.34907 2.8753 3.29272
520 280 0.00231447 1.24698 2.80227 3.13925
520 300 0.00294794 1.372 2.89089 3.3255
540 240 0.00292671 1.29036 2.83228 3.20766
540 260 0.00266129 1.15887 2.77324 3.03393
540 280 0.00268252 1.28152 2.81953 3.19232
540 300 0.00274976 1.39825 2.90797 3.36764
540 320 0.00330226 1.28554 2.82539 3.20027
560 240 0.00350001 1.27549 2.81544 3.18094
560 260 0.00400962 1.26254 2.80942 3.15751
560 280 0.00225431 1.36696 2.88778 3.31848
560 300 0.00249849 1.16391 2.77325 3.03999
560 320 0.00239586 1.24121 2.79847 3.13278
560 340 0.00249849 1.26276 2.81023 3.15828
580 240 0.00384683 1.25019 2.80452 3.1455
580 260 0.00428212 1.17178 2.77541 3.05107
580 280 0.00336907 1.30513 2.84446 3.21395
580 300 0.00321336 1.19563 2.77309 3.07262
580 320 0.00310365 1.25311 2.80533 3.14679
580 340 0.00277099 1.23761 2.79691 3.13063
580 360 0.00248434 1.22935 2.79057 3.11782
600 240 0.00339031 1.27586 2.81565 3.18154
600 260 0.00419365 1.17689 2.78092 3.05558
600 280 0.00391407 1.26727 2.81036 3.16812
600 300 0.00428212 1.30323 2.8441 3.21239
600 320 0.00331684 1.15894 2.77284 3.03348
600 340 0.00419365 1.21745 2.78751 3.10398
600 360 0.00381894 1.16337 2.77331 3.03848
600 380 0.00412641 1.31609 2.84475 3.2351
620 240 0.00446615 1.15035 2.77982 3.02894
620 260 0.00455462 1.23844 2.79664 3.13053
620 280 0.00419365 1.15113 2.78581 3.03068
620 300 0.00443783 1.23537 2.79453 3.12812
620 320 0.00462228 1.19502 2.77417 3.07177
620 340 0.00311781 1.25036 2.80434 3.14601
620 360 0.00428212 1.22622 2.78992 3.11549
620 380 0.00322837 1.1449 2.78675 3.02368
620 400 0.00295502 1.12252 2.7893 3.0025
640 240 0.00676646 1.17382 2.77623 3.05316
640 260 0.00455462 1.22132 2.78886 3.1096
640 280 0.00464352 1.16936 2.78194 3.0476
640 300 0.00491559 1.20855 2.78342 3.08998
640 320 0.00409102 1.14552 2.78689 3.02428
640 340 0.00462894 1.16369 2.77849 3.03922
640 360 0.00454046 1.14995 2.77927 3.0294
640 380 0.00421488 1.17644 2.78055 3.05476
640 400 0.00358891 1.26109 2.80948 3.15684
640 420 0.00349294 1.1533 2.78441 3.03136
660 240 0.0046506 1.15425 2.77692 3.03165
660 260 0.00471741 1.16602 2.77333 3.04249
660 280 0.00616838 1.151 2.78647 3.03099
660 300 0.00456878 1.18386 2.77704 3.0631
660 320 0.00510004 1.26386 2.81019 3.16095
660 340 0.00375128 1.1914 2.77535 3.06822
660 360 0.00489436 1.23817 2.79691 3.13085
660 380 0.00408394 1.15974 2.77261 3.03447
660 400 0.00347878 1.18444 2.77778 3.0644
660 420 0.00446615 1.25859 2.80963 3.15305
660 440 0.00358934 1.15041 2.78634 3.02895
680 240 0.0061688 1.17727 2.7801 3.05628
680 260 0.00622543 1.17376 2.77638 3.0533
680 280 0.00526949 1.14615 2.78594 3.02364
680 300 0.0057866 1.19936 2.77618 3.0765
680 320 0.0042967 1.15861 2.77404 3.03379
680 340 0.00705311 1.16649 2.77364 3.04287
680 360 0.00537962 1.22196 2.78871 3.10918
680 380 0.0040167 1.18312 2.77708 3.06186
680 400 0.00509296 1.14054 2.77994 3.01812
680 420 0.00428212 1.17306 2.77572 3.05222
680 440 0.0044878 1.19937 2.77626 3.07666
680 460 0.00372297 1.18606 2.77583 3.06385
700 240 0.00578617 1.1591 2.77268 3.03311
700 260 0.0064413 1.1283 2.79159 3.00682
700 280 0.00577909 1.1514 2.78567 3.03132
700 300 0.00554198 1.17119 2.77534 3.05015
700 320 0.00623562 1.20052 2.77623 3.07794
700 340 0.00410517 1.18257 2.77655 3.06055
700 360 0.00562338 1.21415 2.78627 3.09925
700 380 0.0050253 1.12915 2.791 3.00741
700 400 0.00437102 1.19101 2.77547 3.06782
700 420 0.00490851 1.174 2.77621 3.05338
700 440 0.00465102 1.21202 2.78443 3.09492
700 460 0.00408394 1.19153 2.77587 3.06853
700 480 0.0042892 1.30594 2.84352 3.21529
720 240 0.00490144 1.26084 2.80984 3.1567
720 260 0.00482712 1.14894 2.77923 3.02714
720 280 0.00510669 1.2015 2.77664 3.07962
720 300 0.0061613 1.14824 2.7791 3.02664
720 320 0.00600559 1.16552 2.7728 3.04116
720 340 0.00580033 1.11416 2.79041 2.99886
720 360 0.00749591 1.17864 2.77962 3.05772
720 380 0.00386099 1.13206 2.79398 3.01378
720 400 0.00489436 1.19013 2.77466 3.0668
720 420 0.00427504 1.13572 2.79326 3.01712
720 440 0.00498991 1.18467 2.77752 3.06446
720 460 0.00365573 1.17147 2.77567 3.0509
720 480 0.00569104 1.19328 2.77351 3.06891
720 500 0.00507838 1.23107 2.79115 3.12287
740 240 0.00571185 1.15104 2.78624 3.03093
740 260 0.00661075 1.15803 2.77342 3.03404
740 280 0.00669922 1.16315 2.77272 3.03854
740 300 0.00482754 1.17297 2.77561 3.0524
740 320 0.00633825 1.21436 2.78611 3.09938
740 340 0.00552075 1.12379 2.79074 3.00477
740 360 0.00579325 1.20979 2.78411 3.09199
740 380 0.0058888 1.20297 2.77692 3.08206
740 400 0.00576494 1.16953 2.78204 3.0476
740 420 0.00587465 1.17922 2.77944 3.0593
740 440 0.00685493 1.14731 2.77895 3.02501
740 460 0.00400962 1.21795 2.78774 3.10508
740 480 0.00518101 1.17991 2.77737 3.05883
740 500 0.00517393 1.1633 2.77325 3.03856
740 520 0.00417241 1.20824 2.78311 3.0888
760 240 0.00627851 1.14115 2.78461 3.01933
760 260 0.00528364 1.18492 2.7773 3.06456
760 280 0.00533673 1.14163 2.77905 3.01998
760 300 0.00599851 1.14651 2.78658 3.0235
760 320 0.0062962 1.20257 2.77648 3.08127
760 340 0.00577952 1.18672 2.77516 3.06347
760 360 0.00590296 1.15505 2.7752 3.03213
760 380 0.00633825 1.13913 2.7806 3.01834
760 400 0.00789892 1.13265 2.79437 3.01461
760 420 0.00687659 1.17674 2.78135 3.05512
760 440 0.00562338 1.24047 2.79788 3.13224
760 460 0.00592462 1.12978 2.79212 3.00828
760 480 0.00644088 1.15614 2.77319 3.03182
760 500 0.00571228 1.14083 2.77991 3.0184
760 520 0.00390699 1.24472 2.80037 3.13568
760 540 0.00490894 1.13829 2.7811 3.01672
780 240 0.00642007 1.15389 2.78363 3.03177
780 260 0.00714909 1.16663 2.77359 3.0434
780 280 0.00793785 1.20905 2.78388 3.09145
780 300 0.00685493 1.16876 2.77528 3.04702
780 320 0.00651519 1.16168 2.7729 3.03584
780 340 0.00651519 1.1452 2.78676 3.02404
780 360 0.00669214 1.13271 2.79457 3.01452
780 380 0.00640549 1.15619 2.77304 3.03201
780 400 0.00563754 1.16395 2.77344 3.03994
780 420 0.0060799 1.16812 2.77407 3.04726
780 440 0.00526283 1.16568 2.77355 3.04135
780 460 0.00633825 1.15693 2.77256 3.03301
780 480 0.00446615 1.16519 2.77256 3.04107
780 500 0.00510004 1.14272 2.78607 3.02135
780 520 0.00515313 1.17645 2.78055 3.05474
780 540 0.00410517 1.19771 2.77595 3.07443
780 560 0.00528364 1.20698 2.78175 3.08708
800 240 0.00650812 1.2112 2.78327 3.09371
800 260 0.00729022 1.15696 2.77265 3.03317
800 280 0.0067063 1.15193 2.78518 3.03142
800 300 0.00588172 1.16693 2.77315 3.04378
800 320 0.00608698 1.19807 2.77558 3.07492
800 340 0.00653643 1.1487 2.77928 3.02713
800 360 0.00696464 1.12274 2.78921 3.0026
800 380 0.00675938 1.1677 2.77418 3.04539
800 400 0.00635948 1.14216 2.78019 3.0213
800 420 0.00622854 1.13787 2.78903 3.01709
800 440 0.00635948 1.12868 2.79066 3.00702
800 460 0.00633117 1.13024 2.79244 3.01017
800 480 0.00588172 1.14713 2.77904 3.02479
800 500 0.00569062 1.1207 2.78932 3.00231
800 520 0.00606575 1.14806 2.77801 3.02613
800 540 0.00641964 1.1243 2.79085 3.00558
800 560 0.0062427 1.12103 2.79023 3.0028
800 580 0.0065302 1.11822 2.7898 3.00179
820 240 0.00715574 1.1947 2.77415 3.07094
820 260 0.00685536 1.18154 2.77694 3.05924
820 280 0.00661867 1.16187 2.77267 3.03656
820 300 0.00715617 1.12508 2.79186 3.00582
820 320 0.00762996 1.13467 2.7932 3.01609
820 340 0.00641256 1.13244 2.79464 3.01439
820 360 0.00724422 1.1569 2.77202 3.03248
820 380 0.00623604 1.13956 2.78033 3.01772
820 400 0.00642672 1.15701 2.77289 3.03339
820 420 0.0054327 1.15994 2.77335 3.03462
820 440 0.00589588 1.11447 2.79119 2.99996
820 460 0.00697922 1.14741 2.77807 3.02506
820 480 0.00613299 1.14148 2.77862 3.01973
820 500 0.00598435 1.17768 2.77981 3.056
820 520 0.00626393 1.13628 2.7924 3.01578
820 540 0.00749591 1.12994 2.79243 3.00904
820 560 0.00648688 1.12108 2.79023 3.00296
820 580 0.00552783 1.15242 2.78531 3.03158
820 600 0.00524117 1.16064 2.77389 3.0353
840 240 0.00801967 1.16119 2.77259 3.03524
840 260 0.00650104 1.14193 2.7861 3.02137
840 280 0.00671337 1.15207 2.78457 3.03154
840 300 0.00605952 1.13726 2.79027 3.01745
840 320 0.0067523 1.13369 2.79395 3.01526
840 340 0.00660367 1.11739 2.78981 3.00119
840 360 0.00709912 1.12903 2.79096 3.00705
840 380 0.00685493 1.1583 2.77331 3.03372
840 400 0.00707435 1.16086 2.77274 3.03532
840 420 0.00736454 1.14559 2.78678 3.02434
840 440 0.00639176 1.13581 2.79314 3.01721
840 460 0.00650812 1.13043 2.79275 3.01063
840 480 0.00714159 1.13165 2.79398 3.01251
840 500 0.00694383 1.17917 2.77945 3.05917
840 520 0.00587465 1.12434 2.79091 3.00562
840 540 0.00688324 1.19222 2.77433 3.06848
840 560 0.00579367 1.10593 2.7901 2.99421
840 580 0.0054252 1.15782 2.77408 3.0339
840 600 0.00687617 1.17906 2.77976 3.05876
840 620 0.00535796 1.17127 2.77507 3.05058
860 240 0.00497575 1.18867 2.7751 3.06557
860 260 0.00754149 1.13831 2.78106 3.01668
860 280 0.00660367 1.13953 2.78032 3.01778
860 300 0.00661782 1.12495 2.79179 3.00589
860 320 0.00641964 1.13478 2.79302 3.0161
860 340 0.00731146 1.15005 2.77926 3.02918
860 360 0.00546101 1.16156 2.77291 3.03588
860 380 0.00635283 1.13889 2.78025 3.01799
860 400 0.00720217 1.1423 2.77932 3.02097
860 420 0.00730438 1.13104 2.79299 3.01066
860 440 0.00749591 1.21234 2.78428 3.09516
860 460 0.00800509 1.15196 2.78496 3.03115
860 480 0.00668506 1.15415 2.78308 3.03168
860 500 0.0067952 1.16609 2.77862 3.0423
860 520 0.0060799 1.12627 2.79137 3.00517
860 540 0.00806214 1.14415 2.78743 3.0229
860 560 0.00500407 1.20161 2.7766 3.07975
860 580 0.00641256 1.16703 2.77279 3.04341
860 600 0.00739993 1.12109 2.79028 3.00276
860 620 0.00686909 1.10025 2.79229 2.98964
860 640 0.00430378 1.11988 2.78982 3.00286
880 240 0.00680978 1.1338 2.79346 3.01518
880 260 0.00785645 1.15252 2.7853 3.03145
880 280 0.00596312 1.14953 2.77933 3.02871
880 300 0.0075313 1.12593 2.79131 3.00545
880 320 0.00553491 1.19403 2.77383 3.06899
880 340 0.00622146 1.15496 2.7756 3.03187
880 360 0.00709954 1.1477 2.77746 3.02501
880 380 0.00606617 1.15461 2.77632 3.03152
880 400 0.00677354 1.12122 2.79035 3.00268
880 420 0.00811564 1.15458 2.77631 3.03175
880 440 0.00856424 1.20566 2.78076 3.08582
880 460 0.00563046 1.12342 2.79011 3.00431
880 480 0.00642715 1.14202 2.78003 3.02143
880 500 0.00490851 1.15843 2.77377 3.03371
880 520 0.0064338 1.15909 2.77261 3.03306
880 540 0.0087695 1.17432 2.7763 3.05402
880 560 0.00758395 1.13325 2.79462 3.01499
880 580 0.00552075 1.17054 2.78236 3.04999
880 600 0.00607283 1.12023 2.78969 3.00243
880 620 0.00543978 1.13267 2.79437 3.01463
880 640 0.00507881 1.21049 2.78337 3.09273
880 660 0.00552075 1.11901 2.78965 3.00185
900 240 0.00696464 1.13975 2.78028 3.01751
900 260 0.00703188 1.1533 2.78441 3.03136
900 280 0.00757688 1.15228 2.78496 3.03165
900 300 0.00694341 1.15279 2.7847 3.03098
900 320 0.00801924 1.12512 2.79193 3.00559
900 340 0.00731853 1.14666 2.7869 3.0238
900 360 0.00697257 1.18463 2.77775 3.06453
900 380 0.00763392 1.13779 2.78926 3.01695
900 400 0.00733269 1.12615 2.7916 3.00586
900 420 0.00765119 1.15016 2.77955 3.02928
900 440 0.00641256 1.11242 2.78994 2.99699
900 460 0.00713451 1.13372 2.79397 3.01535
900 480 0.007952 1.1602 2.77387 3.0353
900 500 0.00774675 1.15809 2.77362 3.03345
900 520 0.00716325 1.11686 2.78989 3.001
900 540 0.00599851 1.12571 2.79098 3.00542
900 560 0.00881593 1.13637 2.79245 3.01624
900 580 0.0065227 1.13318 2.79484 3.01481
900 600 0.00635948 1.11641 2.79084 3.0013
900 620 0.00541812 1.16983 2.7761 3.04774
900 640 0.00679477 1.11634 2.79087 3.00106
900 660 0.00552075 1.21216 2.78434 3.09504
900 680 0.00536504 1.14351 2.78631 3.02264
920 240 0.00667799 1.16176 2.77265 3.03616
920 260 0.00774675 1.14812 2.77825 3.02621
920 280 0.00738577 1.14296 2.78632 3.02169
920 300 0.00750964 1.13339 2.7947 3.01517
920 320 0.00588172 1.14223 2.77991 3.0215
920 340 0.0067523 1.14366 2.78639 3.02276
920 360 0.00787061 1.15101 2.78636 3.03067
920 380 0.00606617 1.14778 2.77762 3.02506
920 400 0.00551367 1.18452 2.77804 3.06461
920 420 0.00720217 1.11932 2.79012 3.0026
920 440 0.00722298 1.1273 2.79202 3.00606
920 460 0.0081148 1.17897 2.78017 3.05897
920 480 0.00728357 1.13088 2.79294 3.01092
920 500 0.00730438 1.15433 2.77644 3.03193
920 520 0.00769366 1.13288 2.79475 3.01431
920 540 0.00725129 1.11336 2.79071 2.99899
920 560 0.0081148 1.12818 2.79165 3.00651
920 580 0.00795908 1.13742 2.78972 3.01688
920 600 0.0081148 1.14232 2.77917 3.021
920 620 0.00835898 1.13842 2.78803 3.01661
920 640 0.00802632 1.13312 2.79474 3.01491
920 660 0.00661075 1.14271 2.78594 3.02113
920 680 0.00560215 1.19348 2.77312 3.06859
920 700 0.00621438 1.15285 2.78498 3.03115
940 240 0.00804756 1.1614 2.77309 3.03551
940 260 0.00821035 1.15235 2.78528 3.03165
940 280 0.00661075 1.15211 2.77831 3.03154
940 300 0.00580075 1.13468 2.79324 3.01624
940 320 0.00759854 1.13274 2.7947 3.01457
940 340 0.0064798 1.13716 2.79124 3.01763
940 360 0.00678812 1.15312 2.78395 3.03087
940 380 0.00675938 1.20507 2.7804 3.086
940 400 0.00776883 1.13461 2.7934 3.01641
940 420 0.00751714 1.12612 2.7917 3.0058
940 440 0.00731853 1.13031 2.79232 3.01039
940 460 0.00785688 1.13125 2.79327 3.01108
940 480 0.00732604 1.12322 2.78967 3.0037
940 500 0.00793077 1.16273 2.77279 3.03834
940 520 0.00821035 1.14301 2.78626 3.02179
940 540 0.00742824 1.11311 2.79051 2.99849
940 560 0.00720883 1.13979 2.78012 3.01748
940 580 0.00734685 1.1321 2.79407 3.01375
940 600 0.00773967 1.1223 2.78907 3.00343
940 620 0.0088969 1.15327 2.78426 3.03152
940 640 0.00661825 1.13922 2.78063 3.01805
940 660 0.00563839 1.13891 2.7804 3.01812
940 680 0.00599186 1.11359 2.79108 2.9993
940 700 0.00437059 1.22125 2.78921 3.10974
940 720 0.00472449 1.14111 2.78461 3.01923
960 240 0.00524868 1.16361 2.77848 3.03873
960 260 0.00818911 1.12516 2.79214 3.00542
960 280 0.0074884 1.15917 2.77283 3.03335
960 300 0.00686951 1.14224 2.7861 3.02149
960 320 0.0074884 1.13667 2.79188 3.01642
960 340 0.00649396 1.15607 2.77381 3.03167
960 360 0.0067523 1.20233 2.77661 3.08053
960 380 0.00810107 1.11417 2.79032 2.99886
960 400 0.00669922 1.13876 2.78813 3.01741
960 420 0.00981745 1.12294 2.78929 3.003
960 440 0.00580033 1.1401 2.78065 3.01834
960 460 0.00706727 1.1293 2.79107 3.00788
960 480 0.00816519 1.15982 2.77285 3.0343
960 500 0.00784938 1.14333 2.78646 3.02231
960 520 0.00846869 1.13552 2.79327 3.01751
960 540 0.00863856 1.11422 2.7908 2.99925
960 560 0.00841603 1.13814 2.78879 3.0169
960 580 0.00660409 1.10898 2.78906 2.99481
960 600 0.00598435 1.11711 2.78954 3.00066
960 620 0.00712078 1.11613 2.79116 3.00086
960 640 0.00818204 1.1544 2.77654 3.03185
960 660 0.00703188 1.13007 2.79224 3.00916
960 680 0.00804133 1.13453 2.79344 3.01596
960 700 0.00687617 1.13668 2.79184 3.01639
960 720 0.00641964 1.11045 2.78866 2.99635
960 740 0.00465767 1.14363 2.7863 3.02274
980 240 0.0070248 1.17881 2.78016 3.05832
980 260 0.00723714 1.14975 2.77926 3.02899
980 280 0.00801967 1.16922 2.78167 3.04809
980 300 0.00678769 1.15325 2.78431 3.0316
980 320 0.00823866 1.14038 2.78049 3.01812
980 340 0.00666425 1.14957 2.77961 3.02891
980 360 0.00659659 1.14925 2.77937 3.02854
980 380 0.00749548 1.1547 2.77609 3.03147
980 400 0.00747425 1.14535 2.78697 3.0243
980 420 0.00865979 1.15363 2.78338 3.0318
980 440 0.00578617 1.12068 2.78954 3.00245
980 460 0.00839437 1.1286 2.79097 3.00689
980 480 0.00716282 1.12856 2.79089 3.00704
980 500 0.00641256 1.13895 2.78022 3.01842
980 520 0.00751006 1.13095 2.79269 3.01069
980 540 0.00759811 1.14228 2.77958 3.02107
980 560 0.00842353 1.11955 2.78951 3.00247
980 580 0.00818911 1.13172 2.79375 3.01277
980 600 0.00803383 1.14829 2.77895 3.02668
980 620 0.00810772 1.15608 2.77378 3.03163
980 640 0.0067063 1.13296 2.79475 3.01456
980 660 0.00810064 1.17314 2.77571 3.05223
980 680 0.00694383 1.13187 2.79405 3.0131
980 700 0.0070248 1.1529 2.78491 3.03097
980 720 0.0069788 1.12869 2.7906 3.00687
980 740 0.00633117 1.11227 2.79032 2.9966
980 760 0.00598435 1.16971 2.77626 3.04752
