         290         100     0.00012     2.00000     3.22672     3.64813
         290         110     0.00000     1.00000     2.81816     2.87908
         300         110     0.00000     1.00000     2.81816     2.87908
         300         120     0.00012     2.68505     3.64717     4.32110
         310         100     0.00017     2.00057     3.22707     3.64869
         310         110     0.00006     2.00000     3.22672     3.64813
         310         120     0.00003     2.00000     3.22672     3.64813
         310         130     0.00005     2.17666     3.33494     3.82135
         320         100     0.00012     2.00000     3.22672     3.64813
         320         110     0.00020     2.20208     3.35053     3.84631
         320         120     0.00013     2.41421     3.48074     4.05471
         320         130     0.00018     2.41421     3.48074     4.05471
         320         140     0.00032     2.08987     3.28175     3.73621
         330         100     0.00004     2.00000     3.22672     3.64813
         330         110     0.00010     2.00000     3.22672     3.64813
         330         120     0.00045     2.19484     3.34610     3.83920
         330         130     0.00051     2.00000     3.22672     3.64813
         330         140     0.00023     2.32708     3.42724     3.96908
         330         150     0.00032     2.00000     3.22672     3.64813
         340         100     0.00004     2.41421     3.48074     4.05471
         340         120     0.00018     2.02967     3.24488     3.67720
         340         130     0.00049     2.00000     3.22672     3.64813
         340         140     0.00004     8.71662     7.36295    10.26854
         340         150     0.00061     2.05653     3.26133     3.70352
         340         160     0.00007     2.00000     3.22672     3.64813
         350         100     0.00049     2.03803     3.25000     3.68539
         350         110     0.00006     2.00000     3.22672     3.64813
         350         120     0.00016     2.10527     3.29119     3.75132
         350         130     0.00003     2.93688     3.80206     4.56902
         350         140     0.00000     1.00000     2.81816     2.87908
         350         150     0.00023     2.36413     3.44998     4.00548
         350         160     0.00039     2.11128     3.29487     3.75721
         350         170     0.00003     2.00245     3.22822     3.65053
         360         100     0.00033     2.12088     3.30075     3.76662
         360         110     0.00054     2.02115     3.23966     3.66885
         360         120     0.00017     2.00000     3.22672     3.64813
         360         130     0.00034     2.16774     3.32948     3.81260
         360         140     0.00025     1.16547     2.77898     2.88428
         360         150     0.00002     2.41421     3.48074     4.05471
         360         160     0.00007     2.32349     3.42503     3.96555
         360         170     0.00003     2.35204     3.44256     3.99360
         360         180     0.00006     2.00000     3.22672     3.64813
         370         100     0.00015     2.00000     3.22672     3.64813
         370         110     0.00034     2.00000     3.22672     3.64813
         370         120     0.00008     2.41421     3.48074     4.05471
         370         130     0.00022     2.26560     3.38951     3.90868
         370         140     0.00067     2.13848     3.31154     3.78389
         370         150     0.00029     2.00000     3.22672     3.64813
         370         160     0.00042     2.07782     3.27437     3.72439
         370         170     0.00050     2.11220     3.29543     3.75811
         370         180     0.00005     2.03572     3.24859     3.68313
         370         190     0.00022     2.00000     3.22672     3.64813
         380         100     0.00034     2.00021     3.22685     3.64834
         380         110     0.00037     2.00000     3.22672     3.64813
         380         120     0.00029     2.00000     3.22672     3.64813
         380         130     0.00046     2.00147     3.22762     3.64957
         380         140     0.00019     2.00000     3.22672     3.64813
         380         150     0.00034     2.39542     3.46920     4.03624
         380         160     0.00046     2.00000     3.22672     3.64813
         380         170     0.00049     2.00000     3.22672     3.64813
         380         180     0.00014     2.00000     3.22672     3.64813
         380         190     0.00054     2.07961     3.27547     3.72615
         380         200     0.00023     2.35011     3.44138     3.99171
         390         100     0.00022     2.00000     3.22672     3.64813
         390         110     0.00078     2.16282     3.32646     3.80778
         390         120     0.00043     2.07676     3.27372     3.72336
         390         130     0.00036     2.00000     3.22672     3.64813
         390         140     0.00034     2.07121     3.27032     3.71791
         390         150     0.00031     2.00046     3.22700     3.64858
         390         160     0.00027     2.05607     3.26104     3.70307
         390         170     0.00052     2.14239     3.31394     3.78773
         390         180     0.00049     2.07224     3.27095     3.71892
         390         190     0.00024     2.14290     3.31425     3.78822
         390         200     0.00050     2.00154     3.22766     3.64963
         390         210     0.00000     1.00000     2.81816     2.87908
         400         100     0.00024     2.19052     3.34345     3.83496
         400         110     0.00014     2.00197     3.22793     3.65006
         400         120     0.00069     2.04311     3.25311     3.69037
         400         130     0.00065     2.09519     3.28501     3.74143
         400         140     0.00004     2.00000     3.22672     3.64813
         400         150     0.00034     2.15142     3.31947     3.79658
         400         160     0.00049     2.00000     3.22672     3.64813
         400         170     0.00016     2.00000     3.22672     3.64813
         400         180     0.00023     2.23850     3.37288     3.88207
         400         190     0.00074     2.04275     3.25289     3.69002
         400         200     0.00033     2.00561     3.23015     3.65363
         400         210     0.00027     2.21511     3.35853     3.85910
         400         220     0.00022     2.00000     3.22672     3.64813
         410         100     0.00030     2.00000     3.22672     3.64813
         410         110     0.00034     2.11395     3.29651     3.75983
         410         120     0.00020     2.30139     3.41147     3.94383
         410         130     0.00003     2.01484     3.23580     3.66266
         410         140     0.00082     2.02084     3.23947     3.66854
         410         150     0.00101     2.00020     3.22684     3.64832
         410         160     0.00023     2.00000     3.22672     3.64813
         410         170     0.00043     2.00000     3.22672     3.64813
         410         180     0.00034     2.00883     3.23212     3.65678
         410         190     0.00014     2.00000     3.22672     3.64813
         410         200     0.00022     2.05272     3.25899     3.69979
         410         210     0.00033     2.15834     3.32371     3.80337
         410         220     0.00023     2.00000     3.22672     3.64813
         410         230     0.00018     2.00000     3.22672     3.64813
         420         100     0.00034     2.00000     3.22672     3.64813
         420         110     0.00030     2.00679     3.23087     3.65478
         420         120     0.00064     2.09215     3.28315     3.73845
         420         130     0.00063     2.03627     3.24892     3.68367
         420         140     0.00047     2.00302     3.22856     3.65108
         420         150     0.00043     2.00013     3.22680     3.64826
         420         160     0.00065     2.00466     3.22957     3.65269
         420         170     0.00036     2.63451     3.61610     4.27137
         420         180     0.00040     2.08969     3.28164     3.73603
         420         190     0.00075     2.00494     3.22974     3.65297
         420         200     0.00029     2.21844     3.36057     3.86237
         420         210     0.00066     1.73713     3.06626     3.39130
         420         220     0.00041     2.00000     3.22672     3.64813
         420         230     0.00080     2.00058     3.22707     3.64870
         420         240     0.00039     2.04231     3.25262     3.68958
         430         100     0.00058     2.00000     3.22672     3.64813
         430         110     0.00032     2.01701     3.23713     3.66479
         430         120     0.00010     2.00757     3.23135     3.65555
         430         130     0.00044     2.09416     3.28438     3.74042
         430         140     0.00057     2.01499     3.23589     3.66281
         430         150     0.00039     2.13108     3.30700     3.77663
         430         160     0.00075     2.00070     3.22715     3.64882
         430         170     0.00048     2.02982     3.24497     3.67735
         430         180     0.00054     2.00000     3.22672     3.64813
         430         190     0.00106     2.00000     3.22672     3.64813
         430         200     0.00031     2.00549     3.23008     3.65351
         430         210     0.00020     2.00000     3.22672     3.64813
         430         220     0.00022     2.00261     3.22832     3.65068
         430         230     0.00138     1.87596     3.15089     3.52676
         430         240     0.00074     2.02322     3.24093     3.67088
         430         250     0.00022     2.00000     3.22672     3.64813
         440         100     0.00053     2.00643     3.23066     3.65443
         440         110     0.00065     2.04515     3.25436     3.69237
         440         120     0.00086     2.12599     3.30388     3.77164
         440         130     0.00058     2.06118     3.26418     3.70808
         440         140     0.00047     2.00156     3.22767     3.64966
         440         150     0.00061     2.05897     3.26282     3.70591
         440         160     0.00037     2.25722     3.38436     3.90045
         440         170     0.00041     2.00000     3.22672     3.64813
         440         180     0.00114     2.00662     3.23077     3.65461
         440         190     0.00134     2.00984     3.23274     3.65777
         440         200     0.00019     2.00575     3.23024     3.65376
         440         210     0.00068     2.01096     3.23343     3.65886
         440         220     0.00030     2.08249     3.27723     3.72897
         440         230     0.00033     2.10478     3.29089     3.75083
         440         240     0.00033     2.00000     3.22672     3.64813
         440         250     0.00017     2.00000     3.22672     3.64813
         440         260     0.00034     2.00000     3.22672     3.64813
         450         100     0.00038     2.00004     3.22674     3.64817
         450         110     0.00064     2.00057     3.22707     3.64868
         450         120     0.00078     2.03192     3.24626     3.67940
         450         130     0.00111     2.01453     3.23561     3.66237
         450         140     0.00037     2.02139     3.23981     3.66908
         450         150     0.00012     2.00773     3.23145     3.65570
         450         160     0.00069     2.00004     3.22674     3.64816
         450         170     0.00049     2.00031     3.22691     3.64844
         450         180     0.00055     2.00000     3.22672     3.64813
         450         190     0.00045     2.01587     3.23643     3.66368
         450         200     0.00049     2.03497     3.24812     3.68239
         450         210     0.00049     2.00000     3.22672     3.64813
         450         220     0.00035     2.00108     3.22738     3.64919
         450         230     0.00050     2.00023     3.22686     3.64836
         450         240     0.00077     2.00000     3.22672     3.64813
         450         250     0.00056     2.02519     3.24214     3.67281
         450         260     0.00050     2.00000     3.22672     3.64813
         450         270     0.00013     2.00000     3.22672     3.64813
         460         100     0.00041     2.02785     3.24377     3.67541
         460         110     0.00065     2.00051     3.22703     3.64863
         460         120     0.00049     2.00000     3.22672     3.64813
         460         130     0.00007     3.27332     4.00910     4.90040
         460         140     0.00037     2.17039     3.33110     3.81520
         460         150     0.00076     2.00000     3.22672     3.64813
         460         160     0.00057     2.00439     3.22941     3.65243
         460         170     0.00042     2.00380     3.22904     3.65185
         460         180     0.00073     2.00000     3.22672     3.64813
         460         190     0.00062     2.03278     3.24679     3.68025
         460         200     0.00003     2.09006     3.28187     3.73640
         460         210     0.00044     2.13270     3.30800     3.77822
         460         220     0.00098     1.62984     3.00113     3.28706
         460         230     0.00023     2.02205     3.24021     3.66973
         460         240     0.00100     2.00063     3.22711     3.64875
         460         250     0.00095     2.00016     3.22682     3.64828
         460         260     0.00024     2.01083     3.23335     3.65874
         460         270     0.00025     2.00000     3.22672     3.64813
         460         280     0.00030     2.36874     3.45281     4.01002
         470         100     0.00021     2.08336     3.27776     3.72983
         470         110     0.00054     2.00124     3.22748     3.64934
         470         120     0.00007     2.68082     3.64458     4.31695
         470         130     0.00076     2.00000     3.22672     3.64813
         470         140     0.00050     2.33108     3.42969     3.97300
         470         150     0.00072     2.00277     3.22841     3.65084
         470         160     0.00015     2.01762     3.23750     3.66539
         470         170     0.00034     2.32422     3.42548     3.96626
         470         180     0.00064     2.00471     3.22960     3.65275
         470         190     0.00045     2.04293     3.25300     3.69019
         470         200     0.00044     2.00000     3.22672     3.64813
         470         210     0.00018     2.03227     3.24647     3.67975
         470         220     0.00046     2.01477     3.23576     3.66260
         470         230     0.00089     2.06604     3.26715     3.71285
         470         240     0.00034     2.10040     3.28820     3.74653
         470         250     0.00022     2.00000     3.22672     3.64813
         470         260     0.00039     2.00098     3.22732     3.64909
         470         270     0.00045     2.12943     3.30599     3.77502
         470         280     0.00024     2.00519     3.22990     3.65322
         470         290     0.00063     2.01247     3.23435     3.66035
         480         100     0.00046     2.00892     3.23218     3.65687
         480         110     0.00043     2.00567     3.23019     3.65368
         480         120     0.00063     2.05236     3.25877     3.69944
         480         130     0.00094     2.00014     3.22681     3.64827
         480         140     0.00102     2.02051     3.23927     3.66822
         480         150     0.00013     3.21517     3.97331     4.84311
         480         160     0.00025     2.00820     3.23174     3.65616
         480         170     0.00011     2.03754     3.24970     3.68491
         480         180     0.00026     2.16769     3.32944     3.81255
         480         190     0.00061     2.01353     3.23500     3.66139
         480         200     0.00056     2.04635     3.25509     3.69354
         480         210     0.00074     2.00830     3.23180     3.65626
         480         220     0.00089     2.00002     3.22673     3.64815
         480         230     0.00015     2.00320     3.22868     3.65127
         480         240     0.00043     2.06904     3.26899     3.71579
         480         250     0.00056     2.05779     3.26210     3.70475
         480         260     0.00075     2.05071     3.25776     3.69782
         480         270     0.00114     2.00945     3.23250     3.65739
         480         280     0.00072     2.04733     3.25569     3.69450
         480         290     0.00018     2.27501     3.39528     3.91792
         480         300     0.00032     2.00026     3.22688     3.64838
         490         100     0.00067     2.07136     3.27041     3.71806
         490         110     0.00066     2.00000     3.22672     3.64813
         490         120     0.00053     2.01821     3.23787     3.66597
         490         130     0.00060     2.01451     3.23560     3.66235
         490         140     0.00075     2.02289     3.24073     3.67055
         490         150     0.00088     2.02009     3.23901     3.66781
         490         160     0.00091     2.01120     3.23357     3.65910
         490         170     0.00106     2.00006     3.22676     3.64819
         490         180     0.00121     2.01151     3.23376     3.65940
         490         190     0.00096     2.00547     3.23007     3.65349
         490         200     0.00058     2.05195     3.25852     3.69903
         490         210     0.00044     2.07692     3.27382     3.72351
         490         220     0.00095     2.00651     3.23070     3.65450
         490         230     0.00055     2.07063     3.26996     3.71734
         490         240     0.00076     2.04076     3.25167     3.68807
         490         250     0.00090     2.00122     3.22746     3.64932
         490         260     0.00034     2.00582     3.23028     3.65383
         490         270     0.00072     2.06701     3.26774     3.71379
         490         280     0.00039     2.00694     3.23097     3.65493
         490         290     0.00030     2.21369     3.35765     3.85770
         490         300     0.00038     2.00140     3.22757     3.64950
         490         310     0.00028     2.00291     3.22850     3.65098
         500         100     0.00050     2.00017     3.22682     3.64830
         500         110     0.00042     2.00121     3.22746     3.64932
         500         120     0.00060     2.05936     3.26306     3.70630
         500         130     0.00030     2.17074     3.33132     3.81555
         500         140     0.00075     2.03573     3.24859     3.68314
         500         150     0.00055     2.00000     3.22672     3.64813
         500         160     0.00105     2.01704     3.23715     3.66482
         500         170     0.00093     2.00000     3.22672     3.64813
         500         180     0.00071     2.01149     3.23375     3.65939
         500         190     0.00083     2.03890     3.25053     3.68624
         500         200     0.00048     1.86703     3.14544     3.51803
         500         210     0.00031     1.70313     3.04559     3.35822
         500         220     0.00094     2.07509     3.27269     3.72172
         500         230     0.00061     2.04985     3.25724     3.69698
         500         240     0.00049     2.03390     3.24747     3.68135
         500         250     0.00047     2.00108     3.22738     3.64918
         500         260     0.00051     2.05484     3.26029     3.70187
         500         270     0.00023     2.03487     3.24806     3.68230
         500         280     0.00029     2.00000     3.22672     3.64813
         500         290     0.00085     2.02019     3.23908     3.66791
         500         300     0.00059     2.03535     3.24836     3.68276
         500         310     0.00037     2.02071     3.23939     3.66842
         500         320     0.00028     2.00000     3.22672     3.64813
