1000 140 0.00945733 1.12059 7.58589 7.88323
1000 160 0.00784272 1.13776 7.62005 7.91748
1000 180 0.00767285 1.13018 7.60538 7.90376
1000 200 0.00766535 1.13977 7.62475 7.92637
1000 220 0.00797451 1.13285 7.61325 7.91197
1000 240 0.00805463 1.14238 7.62938 7.93846
1000 260 0.00835191 1.12122 7.58855 7.89142
1000 280 0.00968609 1.13063 7.60739 7.90605
1000 300 0.00866687 1.13216 7.6104 7.90662
1000 320 0.00860671 1.11797 7.5857 7.88015
1000 340 0.00845496 1.11716 7.58781 7.87757
1000 360 0.00863148 1.11959 7.58481 7.88175
1000 380 0.00874827 1.11994 7.58569 7.88356
1000 400 0.00855051 1.13466 7.61599 7.91359
1000 420 0.00934012 1.11779 7.58511 7.87812
1000 440 0.0097144 1.11933 7.58645 7.88306
1000 460 0.00942067 1.12985 7.60361 7.90197
1000 480 0.00910966 1.11071 7.56588 7.86
1000 500 0.00953745 1.11415 7.57662 7.86642
1000 520 0.0103058 1.11396 7.57628 7.86691
1000 540 0.00947021 1.11925 7.58635 7.88284
1000 560 0.0089783 1.11595 7.57872 7.87308
1000 580 0.00902784 1.11292 7.5728 7.86315
1000 600 0.0100754 1.11584 7.57939 7.87265
1000 620 0.00740743 1.09897 7.52833 7.83202
1000 640 0.0108716 1.10348 7.55253 7.84675
1000 660 0.009913 1.0942 7.51899 7.83001
1000 680 0.00899288 1.10536 7.55651 7.84901
1000 700 0.0103983 1.10777 7.55993 7.8495
1000 720 0.00854301 1.108 7.56007 7.84825
1000 740 0.00821035 1.10928 7.56387 7.85734
1000 760 0.00730438 1.11264 7.57215 7.86414
1000 780 0.00746717 1.10036 7.53539 7.83903
360 140 0.00464309 1.11281 7.57218 7.86303
380 140 0.00712035 1.10296 7.55033 7.84322
380 160 0.00564461 1.09988 7.53319 7.83473
400 140 0.00481296 1.15681 7.66104 7.96921
400 160 0.00524117 1.15869 7.67498 7.98235
400 180 0.0051527 1.08508 7.50211 7.81092
420 140 0.00649396 1.09038 7.5076 7.82154
420 160 0.00598435 1.1035 7.55246 7.84653
420 180 0.00614714 1.09826 7.52477 7.83168
420 200 0.00577202 1.12613 7.59749 7.89742
440 140 0.00793785 1.10478 7.55566 7.84826
440 160 0.0064413 1.12323 7.59129 7.89284
440 180 0.00584633 1.17356 7.73127 8.04217
440 200 0.00677354 1.09892 7.52742 7.83108
440 220 0.00633117 1.14124 7.62881 7.93027
460 140 0.00667799 1.1027 7.54755 7.84224
460 160 0.00525533 1.12423 7.5975 7.89989
460 180 0.00666383 1.122 7.59055 7.89033
460 200 0.00765827 1.11033 7.56704 7.85947
460 220 0.00801217 1.1327 7.61256 7.91072
460 240 0.00560922 1.09646 7.52161 7.83486
480 140 0.00574017 1.10088 7.53678 7.84074
480 160 0.00861733 1.15598 7.65524 7.96343
480 180 0.00737912 1.1414 7.63007 7.932
480 200 0.00656828 1.12552 7.59727 7.90048
480 220 0.00611883 1.09117 7.5097 7.82541
480 240 0.00658951 1.10995 7.56759 7.85938
480 260 0.00620731 1.13099 7.60872 7.90628
500 140 0.00817496 1.11561 7.57946 7.87216
500 160 0.00642715 1.11119 7.56988 7.86164
500 180 0.00819619 1.11752 7.58392 7.87779
500 200 0.00648688 1.10841 7.56177 7.85324
500 220 0.00651562 1.09501 7.519 7.82941
500 240 0.00694341 1.08889 7.50827 7.81895
500 260 0.00588172 1.13799 7.6216 7.91811
500 280 0.00632409 1.12944 7.6029 7.90217
520 140 0.00835898 1.12548 7.59729 7.90073
520 160 0.0091769 1.10622 7.55468 7.84787
520 180 0.00697172 1.1218 7.59104 7.89048
520 200 0.00841023 1.10828 7.56229 7.85244
520 220 0.00748175 1.11589 7.57894 7.87262
520 240 0.00625685 1.106 7.55423 7.84924
520 260 0.00856424 1.12197 7.59069 7.88973
520 280 0.00569062 1.1151 7.57933 7.87189
520 300 0.00562338 1.12687 7.59944 7.89804
540 140 0.00759811 1.11789 7.58558 7.87885
540 160 0.00954495 1.12372 7.59566 7.8986
540 180 0.0091694 1.11151 7.57224 7.86251
540 200 0.00756315 1.10757 7.5587 7.84904
540 220 0.00804048 1.1185 7.58489 7.8807
540 240 0.00768701 1.09831 7.52446 7.8308
540 260 0.00774717 1.10885 7.56414 7.8564
540 280 0.00793785 1.09889 7.52739 7.83164
540 300 0.00667133 1.09539 7.52142 7.83172
540 320 0.0059702 1.13422 7.61415 7.91148
560 140 0.00874119 1.11777 7.58506 7.87812
560 160 0.0104293 1.11228 7.57174 7.86255
560 180 0.00874827 1.09804 7.52363 7.83063
560 200 0.00791662 1.14253 7.62875 7.93802
560 220 0.00723006 1.10295 7.55021 7.84314
560 240 0.00724422 1.13176 7.6082 7.90472
560 260 0.00852885 1.1171 7.58729 7.87688
560 280 0.00818911 1.10016 7.53449 7.83675
560 300 0.00801967 1.09535 7.52144 7.83084
560 320 0.00553491 1.10504 7.55701 7.84915
560 340 0.00697214 1.10415 7.55357 7.8479
580 140 0.00953745 1.10062 7.53617 7.84045
580 160 0.00898538 1.10641 7.55523 7.8497
580 180 0.00688324 1.1161 7.58005 7.874
580 200 0.00827093 1.09699 7.52131 7.83205
580 220 0.0080334 1.10695 7.55783 7.84901
580 240 0.00800509 1.10494 7.55589 7.84899
580 260 0.00773967 1.0912 7.50967 7.82507
580 280 0.00686909 1.09526 7.52022 7.83052
580 300 0.00650104 1.10745 7.55887 7.84998
580 320 0.00820327 1.12325 7.59147 7.89337
580 340 0.00728314 1.12121 7.58861 7.89156
580 360 0.00677354 1.11831 7.58551 7.88121
600 140 0.00830632 1.09958 7.53414 7.83584
600 160 0.00810772 1.12098 7.58652 7.88711
600 180 0.00810814 1.10117 7.53695 7.83973
600 200 0.0095233 1.10238 7.54489 7.84217
600 220 0.00981745 1.09983 7.53252 7.83447
600 240 0.00723714 1.11327 7.57263 7.86306
600 260 0.0071062 1.09924 7.53148 7.83369
600 280 0.00762727 1.09925 7.53178 7.83383
600 300 0.00782106 1.08924 7.50735 7.81979
600 320 0.00767951 1.10005 7.53366 7.83592
600 340 0.00766535 1.09256 7.51235 7.82809
600 360 0.00736808 1.10384 7.55467 7.84811
600 380 0.00605202 1.09472 7.5185 7.82973
620 140 0.00925788 1.11636 7.58121 7.87592
620 160 0.00984576 1.11855 7.58474 7.88101
620 180 0.00801217 1.11358 7.57412 7.86408
620 200 0.00865272 1.1213 7.5895 7.89152
620 220 0.0103549 1.10379 7.55395 7.84699
620 240 0.00840188 1.15726 7.66684 7.97379
620 260 0.0080334 1.09893 7.52749 7.83088
620 280 0.00790642 1.10051 7.53607 7.83981
620 300 0.00865272 1.09995 7.53335 7.83475
620 320 0.00723714 1.09224 7.51224 7.82704
620 340 0.00673107 1.1071 7.55813 7.84961
620 360 0.00702523 1.10023 7.53543 7.83812
620 380 0.00798386 1.10317 7.55142 7.8439
620 400 0.00676646 1.10014 7.53459 7.83677
640 140 0.00861464 1.10285 7.54926 7.84367
640 160 0.00953037 1.12071 7.58684 7.88559
640 180 0.00790996 1.1501 7.6472 7.95095
640 200 0.00812187 1.10585 7.55421 7.84852
640 220 0.00849743 1.11208 7.57235 7.86317
640 240 0.00706019 1.11319 7.57304 7.86362
640 260 0.00925788 1.10637 7.55511 7.84885
640 280 0.00847577 1.10007 7.5334 7.83557
640 300 0.00978872 1.1039 7.55401 7.84761
640 320 0.0067063 1.09633 7.52219 7.83534
640 340 0.00818246 1.11249 7.57251 7.86414
640 360 0.0079312 1.10661 7.55796 7.85069
640 380 0.00695799 1.0917 7.51162 7.82504
640 400 0.00827051 1.08941 7.50696 7.81975
640 420 0.0078423 1.09029 7.50756 7.82141
660 140 0.00918398 1.1209 7.5866 7.88697
660 160 0.00901369 1.1127 7.57253 7.86391
660 180 0.0080334 1.09649 7.5223 7.83536
660 200 0.0078423 1.10782 7.55979 7.8491
660 220 0.00712035 1.09369 7.51617 7.83062
660 240 0.00884424 1.10749 7.55873 7.84949
660 260 0.0102598 1.11547 7.57902 7.87082
660 280 0.00872703 1.10235 7.544 7.84143
660 300 0.00764454 1.09741 7.52153 7.83077
660 320 0.00801217 1.11247 7.57275 7.86419
660 340 0.00800594 1.11017 7.56657 7.85812
660 360 0.00875577 1.10852 7.56313 7.85471
660 380 0.00814311 1.10801 7.55989 7.84782
660 400 0.00855759 1.1066 7.55761 7.85011
660 420 0.0075698 1.11926 7.58644 7.88309
660 440 0.00916232 1.12831 7.59939 7.90017
680 140 0.0103019 1.1202 7.585 7.88335
680 160 0.00880843 1.1128 7.57198 7.86269
680 180 0.00872703 1.1202 7.585 7.88335
680 200 0.00890398 1.11638 7.5815 7.87596
680 220 0.00803383 1.11895 7.58683 7.8834
680 240 0.00747467 1.12009 7.58543 7.88373
680 260 0.00800509 1.10846 7.56278 7.85397
680 280 0.00977895 1.10236 7.54426 7.84167
680 300 0.00908843 1.09754 7.52125 7.82976
680 320 0.00818911 1.09924 7.53148 7.83369
680 340 0.00914817 1.10352 7.55197 7.84595
680 360 0.00838022 1.10576 7.55531 7.84897
680 380 0.00909508 1.10607 7.55405 7.8491
680 400 0.00792369 1.11088 7.56806 7.86077
680 420 0.00829967 1.0994 7.5337 7.83533
680 440 0.00711328 1.13154 7.60771 7.90461
680 460 0.00712035 1.10562 7.55605 7.8489
700 140 0.0100081 1.10937 7.56442 7.8573
700 160 0.00882966 1.12228 7.59241 7.89107
700 180 0.0091694 1.11985 7.58558 7.88345
700 200 0.00866022 1.12427 7.59763 7.90066
700 220 0.010681 1.10976 7.565 7.85823
700 240 0.00818204 1.10194 7.54098 7.83907
700 260 0.00820327 1.1061 7.55398 7.84838
700 280 0.00772594 1.10787 7.55992 7.84863
700 300 0.00742201 1.12801 7.59983 7.90028
700 320 0.00739285 1.12488 7.59887 7.89868
700 340 0.00749548 1.14163 7.63016 7.93283
700 360 0.00872703 1.10152 7.53966 7.84008
700 380 0.00741451 1.10452 7.55655 7.84899
700 400 0.00729022 1.08644 7.50805 7.81701
700 420 0.00810064 1.10349 7.55233 7.84621
700 440 0.00652977 1.11094 7.56813 7.8618
700 460 0.00723714 1.08695 7.50673 7.81743
700 480 0.00723714 1.09426 7.51927 7.83063
720 140 0.00856467 1.11895 7.58683 7.8834
720 160 0.00938174 1.11282 7.57186 7.86253
720 180 0.0105673 1.11311 7.57288 7.86308
720 200 0.00821035 1.12788 7.60065 7.90109
720 220 0.00819619 1.11721 7.58728 7.87737
720 240 0.00857132 1.11507 7.57909 7.87156
720 260 0.0101187 1.10896 7.56353 7.85642
720 280 0.00917648 1.112 7.57193 7.86238
720 300 0.00747425 1.11784 7.58579 7.87878
720 320 0.00855009 1.13306 7.61384 7.91336
720 340 0.00795951 1.10826 7.562 7.85228
720 360 0.00774675 1.10642 7.55495 7.84962
720 380 0.00899953 1.10463 7.55738 7.84909
720 400 0.00891148 1.10596 7.55434 7.84929
720 420 0.00765119 1.10321 7.55154 7.84394
720 440 0.00864564 1.09382 7.51769 7.83132
720 460 0.00631744 1.08716 7.50676 7.81704
720 480 0.00847619 1.09625 7.52234 7.83479
720 500 0.00694341 1.15301 7.64995 7.9537
740 140 0.0108716 1.1226 7.59046 7.88855
740 160 0.0104717 1.12745 7.59955 7.90127
740 180 0.00960866 1.11538 7.57901 7.87117
740 200 0.00823158 1.13327 7.61442 7.91264
740 220 0.00947064 1.10781 7.55962 7.8488
740 240 0.0102001 1.12723 7.59867 7.9
740 260 0.00796616 1.10525 7.55649 7.84784
740 280 0.00938882 1.11112 7.56913 7.86154
740 300 0.00864564 1.1121 7.57204 7.86312
740 320 0.00857132 1.1029 7.54934 7.84357
740 340 0.00818204 1.11703 7.5862 7.87704
740 360 0.00742159 1.12685 7.59927 7.89791
740 380 0.00966174 1.11521 7.57828 7.87037
740 400 0.00748175 1.10717 7.55837 7.84954
740 420 0.00900661 1.09755 7.52118 7.82976
740 440 0.00926538 1.10505 7.55687 7.84882
740 460 0.00716325 1.1089 7.56466 7.85702
740 480 0.00808648 1.11313 7.57305 7.86301
740 500 0.00823909 1.09293 7.5143 7.82925
740 520 0.00718051 1.13952 7.62516 7.92506
760 140 0.00882301 1.11831 7.58551 7.88121
760 160 0.00938174 1.12519 7.59795 7.89964
760 180 0.00819619 1.1299 7.60402 7.90221
760 200 0.00827759 1.14079 7.62693 7.92754
760 220 0.00997274 1.12015 7.58555 7.88345
760 240 0.00868103 1.11319 7.57304 7.86362
760 260 0.00813603 1.1193 7.58671 7.88304
760 280 0.00865356 1.12019 7.58563 7.8837
760 300 0.00894687 1.12437 7.59775 7.90041
760 320 0.00947729 1.11267 7.57285 7.86455
760 340 0.00792369 1.10606 7.55415 7.84931
760 360 0.00936758 1.10727 7.55879 7.84927
760 380 0.0071062 1.11128 7.56959 7.86119
760 400 0.0108933 1.09814 7.5246 7.83171
760 420 0.00910924 1.11495 7.57833 7.87046
760 440 0.00914817 1.11627 7.58015 7.87492
760 460 0.00909508 1.10625 7.55446 7.84738
760 480 0.00883009 1.10382 7.55431 7.84785
760 500 0.00731188 1.1292 7.60208 7.90088
760 520 0.0069226 1.1153 7.57821 7.87017
760 540 0.00767243 1.08792 7.50533 7.81395
780 140 0.00948479 1.13115 7.60816 7.90499
780 160 0.00910216 1.13015 7.60567 7.90467
780 180 0.0100616 1.12202 7.59073 7.89057
780 200 0.00774675 1.12517 7.59828 7.89996
780 220 0.0111658 1.12878 7.60251 7.89964
780 240 0.0107619 1.12468 7.59861 7.89895
780 260 0.0100086 1.11747 7.58409 7.87894
780 280 0.0091694 1.10776 7.56014 7.84988
780 300 0.00801924 1.12544 7.59799 7.90048
780 320 0.00803382 1.11106 7.56907 7.86188
780 340 0.0097219 1.12557 7.59665 7.89958
780 360 0.0100895 1.10606 7.55415 7.84931
780 380 0.00961885 1.11558 7.57944 7.87231
780 400 0.0110698 1.11177 7.57335 7.86269
780 420 0.00856509 1.09876 7.52723 7.83211
780 440 0.0106947 1.11626 7.58017 7.87462
780 460 0.00969317 1.09835 7.52475 7.83058
780 480 0.00919149 1.09572 7.52276 7.83404
780 500 0.00837314 1.09293 7.5143 7.82925
780 520 0.00669214 1.13096 7.6083 7.9062
780 540 0.00754899 1.10256 7.54638 7.84312
780 560 0.00874119 1.104 7.55421 7.84719
800 140 0.00995151 1.12255 7.591 7.88913
800 160 0.00874161 1.12428 7.59748 7.89995
800 180 0.011049 1.11883 7.58635 7.88227
800 200 0.00864564 1.13097 7.60862 7.90622
800 220 0.00802717 1.11868 7.58353 7.881
800 240 0.00930034 1.1253 7.59768 7.90077
800 260 0.0104717 1.10919 7.56388 7.85654
800 280 0.00891106 1.12946 7.60337 7.90338
800 300 0.00775382 1.12849 7.60056 7.89931
800 320 0.00831298 1.11075 7.56641 7.8599
800 340 0.00793077 1.11542 7.57914 7.87121
800 360 0.00901369 1.11377 7.57654 7.86678
800 380 0.0102382 1.11592 7.57857 7.87259
800 400 0.00778964 1.10588 7.5545 7.84902
800 420 0.00723714 1.10465 7.55679 7.84887
800 440 0.00880843 1.10004 7.53374 7.83604
800 460 0.00802632 1.09894 7.52746 7.83097
800 480 0.00829217 1.12129 7.58927 7.89091
800 500 0.00900661 1.11506 7.57845 7.8711
800 520 0.00812938 1.11758 7.58414 7.87807
800 540 0.0081148 1.11687 7.58462 7.87547
800 560 0.0087058 1.09108 7.50912 7.82404
800 580 0.00675938 1.10814 7.56061 7.85015
820 140 0.00875577 1.1206 7.586 7.8836
820 160 0.00833421 1.11058 7.56724 7.86043
820 180 0.00896811 1.12012 7.58575 7.88383
820 200 0.00893272 1.12499 7.59805 7.89934
820 220 0.00846912 1.11125 7.56966 7.86115
820 240 0.00948479 1.11881 7.58518 7.88182
820 260 0.00858548 1.11787 7.58542 7.87869
820 280 0.0110557 1.12115 7.58793 7.88959
820 300 0.00887256 1.11262 7.57252 7.86465
820 320 0.00847577 1.11635 7.58127 7.87591
820 340 0.00872703 1.11308 7.57209 7.86256
820 360 0.0099944 1.1033 7.55215 7.8446
820 380 0.0116227 1.11741 7.58882 7.8786
820 400 0.00928619 1.10733 7.55949 7.84929
820 420 0.00857925 1.10814 7.56061 7.85015
820 440 0.00820327 1.13508 7.61788 7.91482
820 460 0.00869561 1.09845 7.52498 7.82993
820 480 0.00937466 1.11252 7.57287 7.86412
820 500 0.0093605 1.1035 7.55246 7.84653
820 520 0.00938216 1.11328 7.57291 7.86309
820 540 0.00801925 1.08959 7.50747 7.82007
820 560 0.00863148 1.12734 7.59913 7.90078
820 580 0.00829925 1.10332 7.55235 7.84467
820 600 0.00703896 1.13324 7.6144 7.91325
840 140 0.00891814 1.12408 7.59652 7.89893
840 160 0.00855009 1.12721 7.59885 7.90017
840 180 0.00874119 1.13309 7.61442 7.91311
840 200 0.010723 1.11957 7.5852 7.88206
840 220 0.00770116 1.12708 7.59976 7.90003
840 240 0.00902077 1.1193 7.58671 7.88304
840 260 0.00981745 1.12261 7.59023 7.88857
840 280 0.00833464 1.12273 7.59052 7.88997
840 300 0.00904908 1.11723 7.58247 7.87812
840 320 0.0100683 1.14602 7.63722 7.94054
840 340 0.00921187 1.10876 7.56365 7.85596
840 360 0.0091234 1.12183 7.59134 7.89139
840 380 0.00767951 1.11662 7.58282 7.87451
840 400 0.00879824 1.11437 7.57726 7.86704
840 420 0.00970024 1.12008 7.58518 7.88378
840 440 0.00989135 1.10779 7.55953 7.84965
840 460 0.00981038 1.10604 7.55429 7.84969
840 480 0.0103762 1.10289 7.54932 7.84385
840 500 0.00910966 1.09867 7.52648 7.83154
840 520 0.0088969 1.1015 7.53956 7.83994
840 540 0.0103483 1.09922 7.5311 7.83311
840 560 0.00787103 1.10241 7.54524 7.84242
840 580 0.0086748 1.0977 7.52286 7.83049
840 600 0.00753087 1.11021 7.56629 7.85807
840 620 0.00701065 1.09912 7.5312 7.8337
860 140 0.00920522 1.1249 7.59846 7.89848
860 160 0.00844746 1.14616 7.63826 7.94199
860 180 0.00925788 1.13002 7.60554 7.90457
860 200 0.00884382 1.12647 7.59948 7.89931
860 220 0.00930077 1.12161 7.59008 7.89065
860 240 0.00846161 1.11841 7.58532 7.88063
860 260 0.00919063 1.11999 7.58471 7.88393
860 280 0.00784938 1.13342 7.61358 7.91149
860 300 0.00852178 1.11692 7.58525 7.87603
860 320 0.00863856 1.11204 7.57178 7.86273
860 340 0.00979579 1.11064 7.56644 7.8602
860 360 0.0092123 1.10638 7.55537 7.84949
860 380 0.00897122 1.11429 7.57731 7.86603
860 400 0.00968963 1.10751 7.5589 7.84949
860 420 0.00882258 1.11297 7.5731 7.8639
860 440 0.0108716 1.10839 7.5621 7.85319
860 460 0.0105398 1.10488 7.55594 7.84933
860 480 0.00821743 1.10147 7.53936 7.84022
860 500 0.00988427 1.10098 7.53657 7.84014
860 520 0.00867522 1.10432 7.55489 7.8488
860 540 0.00844746 1.09232 7.51267 7.8274
860 560 0.00652935 1.11152 7.57187 7.86231
860 580 0.00815019 1.11259 7.57242 7.86432
860 600 0.00796701 1.13461 7.61624 7.91323
860 620 0.00751671 1.12807 7.5998 7.90029
860 640 0.00601974 1.12243 7.59178 7.89011
880 140 0.00874204 1.12592 7.59587 7.89763
880 160 0.00961885 1.13166 7.60828 7.90434
880 180 0.0095233 1.13314 7.61499 7.91408
880 200 0.00901369 1.14173 7.62892 7.93336
880 220 0.0101289 1.13185 7.60753 7.90397
880 240 0.00908801 1.12455 7.59776 7.89917
880 260 0.00946313 1.11849 7.58449 7.88048
880 280 0.00937508 1.12071 7.58684 7.88559
880 300 0.00838022 1.12792 7.59999 7.90066
880 320 0.0099055 1.13017 7.60565 7.90412
880 340 0.0110415 1.12649 7.5992 7.89899
880 360 0.0085784 1.12017 7.58532 7.88353
880 380 0.00906677 1.11783 7.58562 7.87875
880 400 0.00820327 1.09833 7.52465 7.83066
880 420 0.0100329 1.12621 7.5973 7.89718
880 440 0.00979579 1.12482 7.59808 7.89858
880 460 0.00686201 1.11254 7.57278 7.86415
880 480 0.00911632 1.10369 7.55226 7.84594
880 500 0.00828467 1.10632 7.55508 7.84838
880 520 0.00855716 1.10234 7.54372 7.84105
880 540 0.0104576 1.10955 7.56575 7.8581
880 560 0.00989135 1.12166 7.58963 7.89066
880 580 0.00800509 1.09714 7.52039 7.8319
880 600 0.00927911 1.11653 7.582 7.87491
880 620 0.00770867 1.09406 7.51862 7.83053
880 640 0.00810064 1.10141 7.5388 7.84028
880 660 0.00648731 1.0996 7.53386 7.8356
900 140 0.00809399 1.12562 7.59608 7.89829
900 160 0.0100691 1.1352 7.61948 7.9157
900 180 0.00854343 1.1235 7.59595 7.89776
900 200 0.00848993 1.13091 7.60779 7.90704
900 220 0.00848327 1.13285 7.61325 7.91197
900 240 0.00768658 1.12639 7.59901 7.89936
900 260 0.00737912 1.12645 7.59906 7.89919
900 280 0.00855716 1.11413 7.57597 7.86597
900 300 0.00826386 1.12021 7.58476 7.88301
900 320 0.00902869 1.12745 7.59955 7.90127
900 340 0.00908093 1.12089 7.58651 7.88708
900 360 0.00741409 1.11673 7.58334 7.8744
900 380 0.0112538 1.117 7.58638 7.87759
900 400 0.00819619 1.11647 7.58236 7.87525
900 420 0.00942067 1.11547 7.57902 7.87082
900 440 0.00929411 1.10904 7.56468 7.85664
900 460 0.00705311 1.11486 7.57832 7.87119
900 480 0.0104222 1.11489 7.57837 7.8711
900 500 0.00984534 1.10762 7.56002 7.84995
900 520 0.00840895 1.11291 7.57286 7.86309
900 540 0.0102665 1.11151 7.57224 7.86251
900 560 0.0081223 1.10607 7.55405 7.8491
900 580 0.00763704 1.12356 7.59615 7.8983
900 600 0.00947729 1.10557 7.55597 7.84779
900 620 0.00801925 1.15356 7.64858 7.95542
900 640 0.00901411 1.09438 7.51989 7.83142
900 660 0.00640549 1.10249 7.54567 7.84262
900 680 0.00794493 1.10737 7.55915 7.8491
920 140 0.0083873 1.13098 7.60874 7.90627
920 160 0.00881551 1.11835 7.58519 7.88112
920 180 0.00836649 1.13361 7.61265 7.91156
920 200 0.00812187 1.14544 7.63698 7.93909
920 220 0.0106062 1.11828 7.5855 7.88068
920 240 0.00863941 1.13997 7.62321 7.92414
920 260 0.00864564 1.13412 7.61393 7.9118
920 280 0.0100612 1.12744 7.59943 7.90109
920 300 0.00827759 1.12095 7.58601 7.88581
920 320 0.00890398 1.13101 7.60869 7.90621
920 340 0.00822493 1.12253 7.59153 7.88927
920 360 0.00990593 1.10796 7.55987 7.84861
920 380 0.00604451 1.13379 7.61185 7.91147
920 400 0.00944898 1.12238 7.59121 7.88984
920 420 0.00995901 1.11272 7.57251 7.86371
920 440 0.00947064 1.11363 7.57502 7.86475
920 460 0.00917648 1.10531 7.55664 7.84922
920 480 0.0102527 1.10256 7.54638 7.84312
920 500 0.00927996 1.11417 7.57686 7.86645
920 520 0.00900661 1.10291 7.5497 7.84373
920 540 0.00723756 1.11859 7.58491 7.88134
920 560 0.00846204 1.10961 7.56531 7.8577
920 580 0.00812895 1.10246 7.54581 7.84222
920 600 0.00882259 1.11064 7.56644 7.8602
920 620 0.0100011 1.11653 7.582 7.87491
920 640 0.00873411 1.0982 7.52462 7.83183
920 660 0.00874827 1.11154 7.57228 7.86241
920 680 0.00769366 1.10974 7.56466 7.85778
920 700 0.0083873 1.1119 7.57214 7.86327
940 140 0.00918356 1.13551 7.61968 7.91741
940 160 0.00838022 1.12548 7.59729 7.90073
940 180 0.0093397 1.12387 7.5965 7.89894
940 200 0.00963343 1.13488 7.6175 7.91484
940 220 0.00908093 1.13976 7.62484 7.92632
940 240 0.00850408 1.12854 7.60126 7.89919
940 260 0.00983118 1.12495 7.59771 7.89906
940 280 0.00921229 1.14279 7.62857 7.93752
940 300 0.00809356 1.11039 7.56843 7.86095
940 320 0.0101726 1.12092 7.58642 7.88686
940 340 0.00786438 1.11454 7.57821 7.86864
940 360 0.00777591 1.12735 7.59911 7.90068
940 380 0.00945606 1.12804 7.5994 7.90013
940 400 0.00899245 1.14347 7.62994 7.93929
940 420 0.00947021 1.12371 7.59572 7.89884
940 440 0.00989885 1.11822 7.58551 7.88076
940 460 0.00892606 1.10878 7.56389 7.8568
940 480 0.00846869 1.10955 7.56575 7.8581
940 500 0.00937466 1.13242 7.61107 7.90895
940 520 0.0094419 1.12836 7.59972 7.89973
940 540 0.0103271 1.10344 7.55215 7.84607
940 560 0.0095383 1.11888 7.58613 7.88264
940 580 0.00886548 1.09993 7.53265 7.83406
940 600 0.00855009 1.1313 7.6076 7.90378
940 620 0.00894022 1.10819 7.56118 7.85103
940 640 0.010688 1.09515 7.51931 7.83031
940 660 0.00960469 1.10899 7.56404 7.85672
940 680 0.0083948 1.09567 7.52234 7.83373
940 700 0.00720883 1.11351 7.57401 7.8633
940 720 0.00828509 1.09467 7.51929 7.83061
960 140 0.00992674 1.1539 7.65052 7.95552
960 160 0.00742116 1.13671 7.61966 7.91634
960 180 0.00945606 1.13191 7.60803 7.90464
960 200 0.00801217 1.1335 7.61304 7.91078
960 220 0.00917648 1.12522 7.5984 7.90044
960 240 0.00900661 1.12713 7.60001 7.9004
960 260 0.00826343 1.12838 7.59982 7.89996
960 280 0.00739993 1.13762 7.62034 7.91694
960 300 0.00821743 1.14261 7.62861 7.93809
960 320 0.00897476 1.12145 7.5899 7.89112
960 340 0.00888275 1.13473 7.61555 7.9139
960 360 0.0091384 1.12834 7.59977 7.90011
960 380 0.00973563 1.12118 7.58849 7.89025
960 400 0.00890398 1.11554 7.57922 7.8725
960 420 0.00784272 1.11226 7.57201 7.86287
960 440 0.00787854 1.11459 7.57835 7.86924
960 460 0.0102602 1.11564 7.57948 7.87228
960 480 0.0105107 1.11326 7.57308 7.86357
960 500 0.00955161 1.10671 7.55774 7.84995
960 520 0.0086244 1.10298 7.55026 7.84336
960 540 0.00855009 1.10403 7.55384 7.84713
960 560 0.0101638 1.11722 7.58743 7.8778
960 580 0.00899245 1.12707 7.5995 7.89971
960 600 0.00794493 1.11482 7.57884 7.87138
960 620 0.00964008 1.10135 7.53805 7.83977
960 640 0.00962635 1.09757 7.52192 7.83066
960 660 0.00739993 1.10334 7.55216 7.84499
960 680 0.00915525 1.10585 7.55421 7.84852
960 700 0.00820369 1.10011 7.53371 7.83579
960 720 0.00892521 1.10834 7.56193 7.8527
960 740 0.00658243 1.12569 7.59668 7.8989
980 140 0.00827759 1.13182 7.60859 7.90465
980 160 0.00792369 1.13544 7.61993 7.91712
980 180 0.0118205 1.12953 7.60374 7.9025
980 200 0.00901369 1.13234 7.61059 7.90864
980 220 0.00845496 1.13114 7.60786 7.90474
980 240 0.00812895 1.11874 7.58385 7.88168
980 260 0.00678769 1.12467 7.598 7.89859
980 280 0.00766535 1.12454 7.59804 7.89936
980 300 0.0103483 1.12309 7.59125 7.89265
980 320 0.00930742 1.1287 7.60203 7.90003
980 340 0.010136 1.14334 7.62753 7.93862
980 360 0.00865272 1.1243 7.59754 7.90022
980 380 0.00903492 1.1263 7.59897 7.89876
980 400 0.0101426 1.11687 7.58462 7.87547
980 420 0.00724422 1.14239 7.63018 7.93844
980 440 0.0081223 1.11141 7.57204 7.86339
980 460 0.0100758 1.12771 7.60041 7.90282
980 480 0.0110038 1.1238 7.59659 7.899
980 500 0.0105531 1.10759 7.5588 7.84854
980 520 0.00820327 1.12644 7.59882 7.89907
980 540 0.0104717 1.10701 7.55767 7.84976
980 560 0.00782106 1.11081 7.56769 7.86084
980 580 0.00930034 1.14004 7.62416 7.92412
980 600 0.00916232 1.10727 7.55879 7.84927
980 620 0.00819619 1.10759 7.5588 7.84854
980 640 0.00916275 1.10735 7.55962 7.84959
980 660 0.00874827 1.09501 7.519 7.82941
980 680 0.00953745 1.10613 7.55369 7.84828
980 700 0.00794493 1.0958 7.52289 7.83502
980 720 0.00817538 1.13286 7.61335 7.91194
980 740 0.00848992 1.09834 7.52473 7.83074
980 760 0.00739285 1.09797 7.52358 7.83171
