         280         100     0.00002     1.31441     5.91737     4.17443
         290         100     0.00058     1.21406     5.55185     3.96186
         290         110     0.00025     1.46174     6.51114     4.52394
         300         100     0.00021     1.33549     6.00090     4.22359
         300         110     0.00050     1.61074     7.12527     4.88543
         300         120     0.00042     1.12468     5.30791     3.84120
         310         100     0.00029     1.67078     7.37464     5.03223
         310         110     0.00062     1.33685     6.00628     4.22676
         310         120     0.00033     2.96651    12.82112     8.23820
         310         130     0.00099     1.38602     6.20341     4.34280
         320         100     0.00082     1.27074     5.74797     4.07480
         320         110     0.00076     1.26834     5.73947     4.06985
         320         120     0.00056     1.43965     6.42093     4.47084
         320         130     0.00046     1.36099     6.10273     4.28354
         320         140     0.00080     1.30679     5.88733     4.15675
         330         100     0.00062     1.24009     5.64017     4.01204
         330         110     0.00070     1.60513     7.10201     4.87174
         330         120     0.00032     2.31136    10.05995     6.61288
         330         130     0.00152     1.60988     7.12169     4.88333
         330         140     0.00039     1.42415     6.35783     4.43369
         330         150     0.00083     1.27593     5.76683     4.08582
         340         100     0.00091     1.20289     5.51679     3.94421
         340         110     0.00139     1.13387     5.32770     3.85062
         340         120     0.00067     1.31959     5.93784     4.18647
         340         130     0.00094     1.54427     6.85028     4.72357
         340         140     0.00044     1.53822     6.82531     4.70887
         340         150     0.00110     1.18072     5.44869     3.90993
         340         160     0.00056     2.13992     9.33888     6.18844
         350         100     0.00135     1.32925     5.97610     4.20899
         350         110     0.00037     1.30400     5.87634     4.15028
         350         120     0.00146     1.39560     6.24209     4.36557
         350         130     0.00072     1.61040     7.12387     4.88461
         350         140     0.00088     1.67014     7.37195     5.03064
         350         150     0.00128     1.15682     5.37967     3.87536
         350         160     0.00149     1.40698     6.28813     4.39267
         350         170     0.00059     1.38678     6.20645     4.34459
         360         100     0.00113     1.32594     5.96295     4.20125
         360         110     0.00111     1.29994     5.86042     4.14090
         360         120     0.00114     1.31690     5.92717     4.18019
         360         130     0.00163     1.46517     6.52515     4.53219
         360         140     0.00060     1.39987     6.25935     4.37573
         360         150     0.00109     1.29200     5.82934     4.12261
         360         160     0.00010     1.67821     7.40556     5.05042
         360         170     0.00188     1.26800     5.73824     4.06914
         360         180     0.00153     1.15401     5.37314     3.87225
         370         100     0.00153     1.35495     6.07852     4.26929
         370         110     0.00143     1.29669     5.84769     4.13341
         370         120     0.00163     1.14409     5.35041     3.86144
         370         130     0.00118     1.38119     6.18390     4.33132
         370         140     0.00181     1.25915     5.70693     4.05090
         370         150     0.00041     3.02552    13.07005     8.38473
         370         160     0.00132     1.20481     5.52276     3.94721
         370         170     0.00165     1.44121     6.42731     4.47459
         370         180     0.00103     1.20428     5.52112     3.94639
         370         190     0.00124     1.52362     6.76516     4.67346
         380         100     0.00150     1.20091     5.51062     3.94110
         380         110     0.00192     1.30234     5.86983     4.14644
         380         120     0.00070     2.21411     9.65078     6.37204
         380         130     0.00151     1.31218     5.90854     4.16923
         380         140     0.00103     1.43828     6.41536     4.46756
         380         150     0.00172     1.25990     5.70958     4.05245
         380         160     0.00165     1.49852     6.66191     4.61269
         380         170     0.00171     1.28652     5.80798     4.11003
         380         180     0.00144     1.17837     5.44161     3.90637
         380         190     0.00099     1.23924     5.63719     4.01030
         380         200     0.00186     1.35950     6.09675     4.28001
         390         100     0.00206     1.28118     5.78718     4.09779
         390         110     0.00250     1.25323     5.68610     4.03878
         390         120     0.00120     1.61296     7.13445     4.89084
         390         130     0.00107     1.41884     6.33626     4.42100
         390         140     0.00170     1.46565     6.52713     4.53335
         390         150     0.00146     1.20302     5.51719     3.94441
         390         160     0.00085     1.45085     6.46661     4.49773
         390         170     0.00134     1.30647     5.88609     4.15601
         390         180     0.00249     1.33915     6.01544     4.23215
         390         190     0.00189     1.26937     5.74312     4.07198
         390         200     0.00215     1.38491     6.19890     4.34014
         390         210     0.00084     2.30200    10.02056     6.58969
         400         100     0.00279     1.23243     5.61361     3.99657
         400         110     0.00247     1.29306     5.83350     4.12506
         400         120     0.00187     1.35456     6.07698     4.26837
         400         130     0.00319     1.27803     5.77496     4.09060
         400         140     0.00100     1.14702     5.35705     3.86460
         400         150     0.00220     1.29736     5.85032     4.13496
         400         160     0.00201     1.32799     5.97110     4.20605
         400         170     0.00111     1.75217     7.71376     5.23184
         400         180     0.00246     1.30528     5.88140     4.15325
         400         190     0.00204     1.20497     5.52328     3.94748
         400         200     0.00242     1.15184     5.36812     3.86986
         400         210     0.00289     1.43259     6.39216     4.45391
         400         220     0.00077     1.79710     7.90140     5.34229
         410         100     0.00186     1.39088     6.22301     4.35434
         410         110     0.00153     1.33814     6.01141     4.22978
         410         120     0.00154     1.68284     7.42481     5.06176
         410         130     0.00232     1.22361     5.58327     3.97891
         410         140     0.00250     1.21745     5.56262     3.96728
         410         150     0.00236     1.17260     5.42434     3.89767
         410         160     0.00249     1.32416     5.95590     4.19710
         410         170     0.00196     1.12523     5.30908     3.84175
         410         180     0.00211     1.21646     5.55945     3.96569
         410         190     0.00208     1.20073     5.51004     3.94081
         410         200     0.00216     1.17349     5.42699     3.89900
         410         210     0.00164     1.27051     5.74715     4.07433
         410         220     0.00255     1.30951     5.89805     4.16305
         410         230     0.00093     1.49852     6.66191     4.61269
         420         100     0.00175     1.36610     6.12322     4.29560
         420         110     0.00241     1.22594     5.59125     3.98355
         420         120     0.00329     1.29565     5.84363     4.13102
         420         130     0.00385     1.22342     5.58263     3.97853
         420         140     0.00301     1.23663     5.62815     4.00504
         420         150     0.00110     1.23061     5.60734     3.99292
         420         160     0.00187     1.22218     5.57839     3.97607
         420         170     0.00300     1.23167     5.61100     3.99505
         420         180     0.00238     1.31192     5.90753     4.16864
         420         190     0.00218     1.32345     5.95311     4.19546
         420         200     0.00244     1.15709     5.38028     3.87566
         420         210     0.00226     1.18640     5.46589     3.91859
         420         220     0.00164     1.41428     6.31776     4.41011
         420         230     0.00187     1.35266     6.06935     4.26389
         420         240     0.00176     1.69280     7.46626     5.08616
         430         100     0.00221     1.47759     6.57601     4.56212
         430         110     0.00270     1.24704     5.66441     4.02615
         430         120     0.00371     1.20167     5.51296     3.94228
         430         130     0.00378     1.24840     5.66914     4.02890
         430         140     0.00187     1.19667     5.49745     3.93447
         430         150     0.00217     1.23670     5.62839     4.00518
         430         160     0.00343     1.23529     5.62350     4.00233
         430         170     0.00209     1.38581     6.20256     4.34230
         430         180     0.00192     1.16079     5.38962     3.88019
         430         190     0.00225     1.28926     5.81863     4.11630
         430         200     0.00210     1.20316     5.51762     3.94463
         430         210     0.00209     1.42724     6.37042     4.44111
         430         220     0.00202     1.13104     5.32154     3.84769
         430         230     0.00147     1.59712     7.06881     4.85220
         430         240     0.00266     1.14982     5.36345     3.86764
         430         250     0.00149     1.39592     6.24339     4.36633
         440         100     0.00265     1.26342     5.72203     4.05970
         440         110     0.00391     1.30854     5.89420     4.16079
         440         120     0.00398     1.23204     5.61225     3.99578
         440         130     0.00289     1.18170     5.45163     3.91141
         440         140     0.00323     1.20279     5.51645     3.94404
         440         150     0.00349     1.24770     5.66672     4.02749
         440         160     0.00233     1.39091     6.22313     4.35441
         440         170     0.00157     1.38352     6.19329     4.33684
         440         180     0.00376     1.27826     5.77587     4.09113
         440         190     0.00209     1.22175     5.57691     3.97520
         440         200     0.00250     1.11153     5.28084     3.82831
         440         210     0.00256     1.24514     5.65777     4.02228
         440         220     0.00251     1.25432     5.68994     4.04101
         440         230     0.00272     1.23817     5.63349     4.00815
         440         240     0.00274     1.10723     5.27234     3.82426
         440         250     0.00250     1.17834     5.44151     3.90632
         440         260     0.00276     1.29000     5.82152     4.11801
         450         100     0.00351     1.36283     6.11010     4.28787
         450         110     0.00215     1.30855     5.89427     4.16083
         450         120     0.00315     1.16951     5.41516     3.89305
         450         130     0.00320     1.10320     5.26453     3.82055
         450         140     0.00232     1.29881     5.85599     4.13829
         450         150     0.00261     1.17306     5.42571     3.89836
         450         160     0.00219     1.19911     5.50501     3.93828
         450         170     0.00248     1.45617     6.48836     4.51053
         450         180     0.00309     1.14607     5.35491     3.86358
         450         190     0.00198     1.33295     5.99079     4.21764
         450         200     0.00246     1.24278     5.64951     4.01747
         450         210     0.00177     1.35880     6.09393     4.27836
         450         220     0.00206     1.25693     5.69912     4.04636
         450         230     0.00281     1.15992     5.38711     3.87893
         450         240     0.00360     1.23051     5.60700     3.99272
         450         250     0.00223     1.41848     6.33480     4.42014
         450         260     0.00262     1.20849     5.53432     3.95303
         450         270     0.00187     1.16289     5.39571     3.88326
         460         100     0.00458     1.20512     5.52374     3.94771
         460         110     0.00336     1.30309     5.87277     4.14817
         460         120     0.00244     1.37614     6.16360     4.31936
         460         130     0.00242     1.33849     6.01282     4.23061
         460         140     0.00334     1.16304     5.39617     3.88349
         460         150     0.00244     1.37077     6.14199     4.30664
         460         160     0.00325     1.14450     5.35135     3.86188
         460         170     0.00464     1.19998     5.50772     3.93965
         460         180     0.00272     1.23167     5.61097     3.99503
         460         190     0.00279     1.38323     6.19213     4.33616
         460         200     0.00348     1.25288     5.68485     4.03805
         460         210     0.00365     1.48530     6.60761     4.58072
         460         220     0.00438     1.23080     5.60797     3.99329
         460         230     0.00387     1.23047     5.60685     3.99264
         460         240     0.00385     1.22915     5.60228     3.98998
         460         250     0.00293     1.24034     5.64102     4.01253
         460         260     0.00243     1.26224     5.71785     4.05727
         460         270     0.00246     1.14526     5.35307     3.86270
         460         280     0.00281     1.23420     5.61973     4.00013
         470         100     0.00306     1.25991     5.70962     4.05247
         470         110     0.00312     1.27049     5.74708     4.07428
         470         120     0.00284     1.31442     5.91741     4.17445
         470         130     0.00269     1.21614     5.55845     3.96518
         470         140     0.00285     1.17571     5.43361     3.90234
         470         150     0.00343     1.28499     5.80202     4.10653
         470         160     0.00341     1.24878     5.67047     4.02968
         470         170     0.00363     1.18468     5.46067     3.91596
         470         180     0.00398     1.23905     5.63654     4.00992
         470         190     0.00362     1.15960     5.38618     3.87846
         470         200     0.00291     1.26521     5.72837     4.06339
         470         210     0.00186     1.18700     5.46774     3.91952
         470         220     0.00403     1.13867     5.33829     3.85566
         470         230     0.00296     1.31358     5.91407     4.17248
         470         240     0.00222     1.16647     5.40621     3.88855
         470         250     0.00317     1.17514     5.43192     3.90149
         470         260     0.00288     1.13727     5.33517     3.85418
         470         270     0.00301     1.25184     5.68120     4.03593
         470         280     0.00332     1.22133     5.57546     3.97436
         470         290     0.00275     1.36038     6.10026     4.28208
         480         100     0.00375     1.16706     5.40795     3.88942
         480         110     0.00437     1.21452     5.55332     3.96260
         480         120     0.00299     1.19481     5.49171     3.93158
         480         130     0.00435     1.34880     6.05393     4.25481
         480         140     0.00325     1.25975     5.70904     4.05214
         480         150     0.00303     1.38829     6.21254     4.34818
         480         160     0.00349     1.15820     5.38288     3.87689
         480         170     0.00352     1.27526     5.76425     4.08429
         480         180     0.00272     1.32595     5.96301     4.20129
         480         190     0.00440     1.19092     5.47975     3.92556
         480         200     0.00315     1.21552     5.55648     3.96419
         480         210     0.00317     1.25593     5.69558     4.04430
         480         220     0.00363     1.24739     5.66562     4.02685
         480         230     0.00265     1.32198     5.94726     4.19202
         480         240     0.00376     1.21917     5.56810     3.97007
         480         250     0.00384     1.17615     5.43494     3.90301
         480         260     0.00270     1.24882     5.67061     4.02976
         480         270     0.00338     1.16022     5.38795     3.87935
         480         280     0.00330     1.13237     5.32442     3.84906
         480         290     0.00332     1.28112     5.78696     4.09766
         480         300     0.00236     1.27759     5.77324     4.08959
         490         100     0.00507     1.17201     5.42259     3.89679
         490         110     0.00329     1.21847     5.56584     3.96890
         490         120     0.00384     1.26231     5.71810     4.05741
         490         130     0.00442     1.18868     5.47288     3.92211
         490         140     0.00569     1.15349     5.37193     3.87168
         490         150     0.00387     1.22082     5.57372     3.97334
         490         160     0.00469     1.33714     6.00745     4.22745
         490         170     0.00444     1.24631     5.66184     4.02465
         490         180     0.00551     1.15987     5.38695     3.87885
         490         190     0.00365     1.22096     5.57420     3.97362
         490         200     0.00261     1.22208     5.57803     3.97586
         490         210     0.00358     1.33536     6.00037     4.22328
         490         220     0.00397     1.21696     5.56103     3.96648
         490         230     0.00294     1.36775     6.12985     4.29950
         490         240     0.00233     1.21664     5.56003     3.96598
         490         250     0.00509     1.21873     5.56667     3.96932
         490         260     0.00324     1.30758     5.89045     4.15858
         490         270     0.00281     1.12616     5.31106     3.84270
         490         280     0.00404     1.14127     5.34407     3.85842
         490         290     0.00314     1.35059     6.06110     4.25903
         490         300     0.00316     1.13527     5.33077     3.85208
         490         310     0.00279     1.23373     5.61809     3.99918
         500         100     0.00431     1.21793     5.56412     3.96803
         500         110     0.00373     1.24470     5.65624     4.02139
         500         120     0.00279     1.28512     5.80250     4.10681
         500         130     0.00382     1.29434     5.83848     4.12799
         500         140     0.00535     1.17958     5.44525     3.90820
         500         150     0.00402     1.17633     5.43548     3.90328
         500         160     0.00352     1.23657     5.62793     4.00491
         500         170     0.00426     1.20514     5.52382     3.94775
         500         180     0.00476     1.23449     5.62075     4.00073
         500         190     0.00364     1.20797     5.53269     3.95221
         500         200     0.00267     1.23588     5.62553     4.00351
         500         210     0.00313     1.26940     5.74322     4.07204
         500         220     0.00389     1.24387     5.65333     4.01970
         500         230     0.00323     1.25879     5.70567     4.05017
         500         240     0.00421     1.15900     5.38476     3.87779
         500         250     0.00344     1.24573     5.65983     4.02348
         500         260     0.00411     1.30855     5.89426     4.16082
         500         270     0.00341     1.19315     5.48658     3.92900
         500         280     0.00481     1.13270     5.32514     3.84940
         500         290     0.00465     1.22095     5.57418     3.97361
         500         300     0.00273     1.11129     5.28035     3.82808
         500         310     0.00230     1.40356     6.27430     4.38453
         500         320     0.00387     1.18649     5.46618     3.91873
