         280         100     0.00102     1.23458     7.44948     6.58251
         290         100     0.00127     1.21154     7.35713     6.51452
         290         110     0.00177     1.24882     7.50923     6.62665
         300         100     0.00062     1.23375     7.44602     6.57995
         300         110     0.00168     1.08333     6.99177     6.25715
         300         120     0.00166     1.15528     7.15921     6.37081
         310         100     0.00075     1.21093     7.35487     6.51287
         310         110     0.00147     1.25853     7.55032     6.65700
         310         120     0.00085     1.20251     7.32370     6.49011
         310         130     0.00168     1.15803     7.16661     6.37570
         320         100     0.00223     1.08959     7.00202     6.26679
         320         110     0.00228     1.14972     7.14444     6.36103
         320         120     0.00211     1.29530     7.72456     6.81036
         320         130     0.00192     1.23299     7.44288     6.57763
         320         140     0.00293     1.09829     7.02014     6.27878
         330         100     0.00130     1.22964     7.42895     6.56734
         330         110     0.00151     1.13913     7.11689     6.34280
         330         120     0.00186     1.27443     7.61821     6.70715
         330         130     0.00219     1.12292     7.07650     6.31607
         330         140     0.00255     1.14335     7.12776     6.35000
         330         150     0.00216     1.23635     7.45690     6.58799
         340         100     0.00176     1.24128     7.47750     6.60320
         340         110     0.00249     1.13604     7.10901     6.33759
         340         120     0.00184     1.13309     7.10158     6.33267
         340         130     0.00269     1.15558     7.16004     6.37135
         340         140     0.00319     1.22805     7.42234     6.56246
         340         150     0.00193     1.15434     7.15671     6.36915
         340         160     0.00304     1.13344     7.10245     6.33324
         350         100     0.00207     1.09329     7.00959     6.27180
         350         110     0.00227     1.16118     7.17625     6.38245
         350         120     0.00177     1.17009     7.20712     6.40499
         350         130     0.00174     1.21540     7.37156     6.52506
         350         140     0.00265     1.14264     7.12592     6.34878
         350         150     0.00310     1.10422     7.03305     6.28733
         350         160     0.00249     1.22072     7.39210     6.54011
         350         170     0.00203     1.09242     7.00779     6.27061
         360         100     0.00207     1.09212     7.00719     6.27021
         360         110     0.00288     1.11567     7.05921     6.30464
         360         120     0.00171     1.23263     7.44137     6.57652
         360         130     0.00257     1.15079     7.14727     6.36290
         360         140     0.00248     1.25588     7.53909     6.64870
         360         150     0.00231     1.34071     7.96000     7.03950
         360         160     0.00141     1.08678     6.99730     6.26244
         360         170     0.00183     1.13387     7.10354     6.33397
         360         180     0.00239     1.10000     7.02381     6.28121
         370         100     0.00194     1.16228     7.18003     6.38521
         370         110     0.00333     1.08998     7.00282     6.26732
         370         120     0.00220     1.13553     7.10772     6.33674
         370         130     0.00315     1.09170     7.00632     6.26964
         370         140     0.00313     1.14881     7.14205     6.35945
         370         150     0.00233     1.15610     7.16142     6.37227
         370         160     0.00269     1.09126     7.00542     6.26904
         370         170     0.00261     1.23581     7.45462     6.58630
         370         180     0.00174     1.22571     7.41267     6.55532
         370         190     0.00233     1.09360     7.01024     6.27223
         380         100     0.00231     1.12314     7.07703     6.31643
         380         110     0.00243     1.14693     7.13710     6.35617
         380         120     0.00259     1.15032     7.14603     6.36208
         380         130     0.00277     1.08402     6.99287     6.25820
         380         140     0.00167     1.17735     7.23268     6.42365
         380         150     0.00362     1.08882     7.00065     6.26565
         380         160     0.00282     1.22461     7.40812     6.55195
         380         170     0.00276     1.10202     7.02821     6.28412
         380         180     0.00214     1.22121     7.39413     6.54161
         380         190     0.00246     1.08750     6.99847     6.26356
         380         200     0.00286     1.21396     7.36618     6.52113
         390         100     0.00177     1.14017     7.11955     6.34456
         390         110     0.00299     1.13156     7.09773     6.33012
         390         120     0.00283     1.19222     7.28607     6.46263
         390         130     0.00189     1.08496     6.99436     6.25963
         390         140     0.00202     1.25271     7.52565     6.63877
         390         150     0.00282     1.17272     7.21634     6.41172
         390         160     0.00256     1.10170     7.02751     6.28366
         390         170     0.00330     1.10901     7.04382     6.29445
         390         180     0.00267     1.26668     7.58503     6.68264
         390         190     0.00248     1.08528     6.99487     6.26012
         390         200     0.00207     1.08416     6.99308     6.25841
         390         210     0.00203     1.08552     6.99527     6.26050
         400         100     0.00327     1.10521     7.03527     6.28880
         400         110     0.00340     1.21204     7.35902     6.51590
         400         120     0.00329     1.09313     7.00927     6.27159
         400         130     0.00353     1.11628     7.06064     6.30558
         400         140     0.00234     1.15866     7.16830     6.37682
         400         150     0.00363     1.11797     7.06463     6.30822
         400         160     0.00181     1.17527     7.22532     6.41828
         400         170     0.00215     1.13341     7.10239     6.33320
         400         180     0.00292     1.14847     7.14113     6.35884
         400         190     0.00264     1.09365     7.01035     6.27231
         400         200     0.00278     1.10075     7.02545     6.28230
         400         210     0.00240     1.13205     7.09897     6.33095
         400         220     0.00181     1.09900     7.02166     6.27979
         410         100     0.00206     1.19871     7.30975     6.47993
         410         110     0.00177     1.27084     7.60282     6.69578
         410         120     0.00296     1.09540     7.01400     6.27472
         410         130     0.00390     1.11478     7.05713     6.30326
         410         140     0.00429     1.19490     7.29580     6.46974
         410         150     0.00264     1.09266     7.00829     6.27094
         410         160     0.00275     1.13919     7.11706     6.34291
         410         170     0.00202     1.08333     6.99177     6.25715
         410         180     0.00287     1.08865     7.00036     6.26538
         410         190     0.00355     1.12763     7.08797     6.32367
         410         200     0.00264     1.09522     7.01363     6.27448
         410         210     0.00322     1.09682     7.01701     6.27671
         410         220     0.00240     1.10759     7.04061     6.29233
         410         230     0.00226     1.09507     7.01331     6.27427
         420         100     0.00226     1.12986     7.09350     6.32733
         420         110     0.00240     1.09989     7.02359     6.28107
         420         120     0.00265     1.11891     7.06687     6.30971
         420         130     0.00355     1.08715     6.99790     6.26302
         420         140     0.00412     1.12745     7.08754     6.32338
         420         150     0.00180     1.09859     7.02078     6.27921
         420         160     0.00189     1.11544     7.05867     6.30428
         420         170     0.00400     1.11074     7.04778     6.29707
         420         180     0.00376     1.09106     7.00501     6.26877
         420         190     0.00256     1.13365     7.10297     6.33359
         420         200     0.00253     1.18344     7.25440     6.43951
         420         210     0.00176     1.11265     7.05217     6.29998
         420         220     0.00211     1.12152     7.07311     6.31384
         420         230     0.00309     1.12561     7.08302     6.32039
         420         240     0.00283     1.24037     7.47368     6.60038
         430         100     0.00286     1.11798     7.06466     6.30824
         430         110     0.00229     1.16273     7.18160     6.38635
         430         120     0.00345     1.18085     7.24513     6.43274
         430         130     0.00407     1.20069     7.31699     6.48521
         430         140     0.00256     1.12427     7.07975     6.31823
         430         150     0.00214     1.14846     7.14112     6.35883
         430         160     0.00325     1.12407     7.07928     6.31792
         430         170     0.00272     1.12913     7.09169     6.32613
         430         180     0.00263     1.15669     7.16299     6.37331
         430         190     0.00267     1.15333     7.15402     6.36737
         430         200     0.00244     1.14283     7.12641     6.34910
         430         210     0.00231     1.18938     7.27578     6.45512
         430         220     0.00261     1.09425     7.01159     6.27313
         430         230     0.00391     1.08392     6.99270     6.25804
         430         240     0.00338     1.11200     7.05066     6.29897
         430         250     0.00167     1.19191     7.28493     6.46180
         440         100     0.00287     1.09433     7.01177     6.27324
         440         110     0.00312     1.08564     6.99545     6.26068
         440         120     0.00477     1.13082     7.09590     6.32891
         440         130     0.00296     1.09333     7.00968     6.27186
         440         140     0.00440     1.11837     7.06558     6.30885
         440         150     0.00405     1.14072     7.12098     6.34551
         440         160     0.00295     1.13433     7.10470     6.33474
         440         170     0.00289     1.18042     7.24362     6.43164
         440         180     0.00376     1.12156     7.07321     6.31390
         440         190     0.00266     1.16144     7.17716     6.38311
         440         200     0.00269     1.08974     7.00232     6.26699
         440         210     0.00281     1.15695     7.16369     6.37377
         440         220     0.00314     1.20569     7.33544     6.49868
         440         230     0.00417     1.09101     7.00491     6.26871
         440         240     0.00258     1.12272     7.07601     6.31575
         440         250     0.00359     1.19369     7.29139     6.46652
         440         260     0.00197     1.13476     7.10577     6.33544
         450         100     0.00340     1.17532     7.22550     6.41841
         450         110     0.00244     1.18454     7.25833     6.44238
         450         120     0.00323     1.12830     7.08965     6.32478
         450         130     0.00411     1.09908     7.02184     6.27991
         450         140     0.00246     1.08749     6.99846     6.26356
         450         150     0.00307     1.10889     7.04355     6.29427
         450         160     0.00208     1.12608     7.08417     6.32115
         450         170     0.00359     1.10842     7.04248     6.29356
         450         180     0.00286     1.10285     7.03003     6.28533
         450         190     0.00237     1.12100     7.07186     6.31300
         450         200     0.00367     1.11757     7.06369     6.30760
         450         210     0.00274     1.11171     7.05000     6.29854
         450         220     0.00297     1.12991     7.09363     6.32741
         450         230     0.00245     1.14883     7.14209     6.35948
         450         240     0.00231     1.08350     6.99203     6.25740
         450         250     0.00308     1.15556     7.15998     6.37132
         450         260     0.00298     1.17611     7.22829     6.42045
         450         270     0.00205     1.10712     7.03954     6.29162
         460         100     0.00409     1.20924     7.34860     6.50829
         460         110     0.00251     1.11756     7.06366     6.30758
         460         120     0.00339     1.08833     6.99984     6.26488
         460         130     0.00342     1.11146     7.04941     6.29815
         460         140     0.00412     1.10844     7.04253     6.29360
         460         150     0.00280     1.17613     7.22836     6.42050
         460         160     0.00295     1.04936     6.94645     6.21375
         460         170     0.00384     1.12416     7.07948     6.31805
         460         180     0.00224     1.15069     7.14700     6.36272
         460         190     0.00317     1.15774     7.16583     6.37518
         460         200     0.00298     1.10829     7.04217     6.29336
         460         210     0.00285     1.17393     7.22061     6.41484
         460         220     0.00351     1.13639     7.10992     6.33819
         460         230     0.00349     1.14848     7.14118     6.35887
         460         240     0.00293     1.08434     6.99337     6.25868
         460         250     0.00208     1.27295     7.61184     6.70245
         460         260     0.00276     1.18544     7.26159     6.44476
         460         270     0.00242     1.16449     7.18767     6.39079
         460         280     0.00239     1.21876     7.38415     6.53425
         470         100     0.00400     1.13889     7.11628     6.34240
         470         110     0.00317     1.13811     7.11429     6.34108
         470         120     0.00227     1.20174     7.32088     6.48805
         470         130     0.00222     1.13381     7.10339     6.33387
         470         140     0.00456     1.13833     7.11484     6.34145
         470         150     0.00375     1.15527     7.15918     6.37079
         470         160     0.00248     1.11309     7.05318     6.30065
         470         170     0.00294     1.09070     7.00427     6.26828
         470         180     0.00350     1.09468     7.01249     6.27372
         470         190     0.00293     1.15141     7.14890     6.36398
         470         200     0.00224     1.15497     7.15840     6.37027
         470         210     0.00178     1.20784     7.34341     6.50450
         470         220     0.00388     1.08750     6.99848     6.26357
         470         230     0.00353     1.10516     7.03514     6.28871
         470         240     0.00223     1.14275     7.12623     6.34898
         470         250     0.00255     1.07472     6.97864     6.24458
         470         260     0.00368     1.13666     7.11060     6.33864
         470         270     0.00195     1.20976     7.35053     6.50971
         470         280     0.00333     1.16453     7.18780     6.39088
         470         290     0.00274     1.21420     7.36707     6.52178
         480         100     0.00393     1.09724     7.01790     6.27730
         480         110     0.00389     1.12193     7.07408     6.31448
         480         120     0.00349     1.12539     7.08249     6.32004
         480         130     0.00380     1.13965     7.11823     6.34369
         480         140     0.00566     1.08775     6.99888     6.26396
         480         150     0.00359     1.18180     7.24852     6.43522
         480         160     0.00404     1.09402     7.01111     6.27281
         480         170     0.00362     1.15753     7.16526     6.37481
         480         180     0.00334     1.11519     7.05808     6.30389
         480         190     0.00422     1.10752     7.04045     6.29222
         480         200     0.00291     1.18316     7.25338     6.43877
         480         210     0.00453     1.13751     7.11274     6.34006
         480         220     0.00381     1.27609     7.62642     6.71484
         480         230     0.00359     1.16267     7.18137     6.38619
         480         240     0.00207     1.25340     7.52856     6.64092
         480         250     0.00277     1.07902     6.98507     6.25074
         480         260     0.00260     1.20179     7.32106     6.48819
         480         270     0.00274     1.18906     7.27463     6.45428
         480         280     0.00289     1.10824     7.04206     6.29329
         480         290     0.00340     1.14101     7.12172     6.34600
         480         300     0.00225     1.26445     7.57552     6.67561
         490         100     0.00432     1.09663     7.01661     6.27645
         490         110     0.00254     1.21158     7.35729     6.51464
         490         120     0.00411     1.08838     6.99992     6.26496
         490         130     0.00430     1.17038     7.20813     6.40572
         490         140     0.00432     1.08978     7.00241     6.26705
         490         150     0.00390     1.09433     7.01176     6.27324
         490         160     0.00379     1.19919     7.31150     6.48121
         490         170     0.00428     1.09851     7.02060     6.27909
         490         180     0.00561     1.11281     7.05253     6.30021
         490         190     0.00309     1.15242     7.15161     6.36577
         490         200     0.00249     1.15028     7.14592     6.36201
         490         210     0.00382     1.09993     7.02367     6.28112
         490         220     0.00297     1.14346     7.12806     6.35019
         490         230     0.00213     1.11529     7.05831     6.30404
         490         240     0.00224     1.11310     7.05321     6.30066
         490         250     0.00411     1.11883     7.06668     6.30958
         490         260     0.00276     1.25367     7.52972     6.64178
         490         270     0.00343     1.11494     7.05750     6.30350
         490         280     0.00312     1.11116     7.04872     6.29770
         490         290     0.00268     1.13149     7.09756     6.33001
         490         300     0.00247     1.13848     7.11523     6.34171
         490         310     0.00206     1.13622     7.10948     6.33790
         500         100     0.00366     1.14028     7.11984     6.34476
         500         110     0.00346     1.14590     7.13441     6.35440
         500         120     0.00317     1.09478     7.01269     6.27386
         500         130     0.00357     1.08496     6.99436     6.25963
         500         140     0.00379     1.10977     7.04554     6.29559
         500         150     0.00327     1.10182     7.02778     6.28384
         500         160     0.00389     1.11037     7.04692     6.29650
         500         170     0.00330     1.10572     7.03641     6.28955
         500         180     0.00365     1.13084     7.09594     6.32894
         500         190     0.00299     1.18315     7.25337     6.43876
         500         200     0.00357     1.10262     7.02953     6.28499
         500         210     0.00405     1.10089     7.02574     6.28249
         500         220     0.00336     1.11076     7.04781     6.29710
         500         230     0.00392     1.10437     7.03339     6.28755
         500         240     0.00319     1.12572     7.08330     6.32057
         500         250     0.00402     1.12597     7.08390     6.32097
         500         260     0.00294     1.11898     7.06703     6.30981
         500         270     0.00356     1.10642     7.03798     6.29059
         500         280     0.00322     1.12687     7.08612     6.32244
         500         290     0.00410     1.13101     7.09637     6.32922
         500         300     0.00199     1.14688     7.13697     6.35609
         500         310     0.00207     1.16505     7.18960     6.39219
         500         320     0.00317     1.13484     7.10599     6.33559
