1000 140 0.00856552 1.14256 5.36805 3.84903
1000 160 0.00668549 1.13515 5.35083 3.84481
1000 180 0.00668549 1.15271 5.39675 3.85923
1000 200 0.00642672 1.14116 5.36422 3.84816
1000 220 0.00717825 1.15318 5.39866 3.85918
1000 240 0.00687617 1.14694 5.38136 3.85567
1000 260 0.0073787 1.13779 5.35673 3.84844
1000 280 0.00861025 1.12555 5.32722 3.832
1000 300 0.00778214 1.13909 5.35984 3.85016
1000 320 0.00744947 1.12392 5.32326 3.83076
1000 340 0.00783564 1.11789 5.31076 3.82504
1000 360 0.00720175 1.13091 5.34063 3.83732
1000 380 0.00749548 1.13365 5.3462 3.84124
1000 400 0.00704646 1.15078 5.38852 3.8592
1000 420 0.00800594 1.12503 5.32589 3.83133
1000 440 0.00864564 1.15107 5.38859 3.85907
1000 460 0.00835898 1.13385 5.34749 3.84193
1000 480 0.00794493 1.12227 5.31993 3.82919
1000 500 0.00837314 1.11992 5.31512 3.82815
1000 520 0.00924414 1.13015 5.33931 3.83719
1000 540 0.0083059 1.12363 5.32278 3.83027
1000 560 0.00745301 1.12704 5.33255 3.8352
1000 580 0.0082245 1.10959 5.2871 3.81437
1000 600 0.00900661 1.12417 5.32363 3.8304
1000 620 0.0065227 1.10199 5.27053 3.81026
1000 640 0.00980287 1.10205 5.27045 3.81011
1000 660 0.00884424 1.09571 5.25842 3.80165
1000 680 0.00801259 1.11517 5.30223 3.82027
1000 700 0.00888713 1.1258 5.32811 3.83251
1000 720 0.0073787 1.10664 5.28247 3.81347
1000 740 0.00706019 1.10203 5.27045 3.81002
1000 760 0.00615422 1.10393 5.27422 3.81117
1000 780 0.00692925 1.10942 5.28643 3.81477
360 140 0.00125279 1.22558 5.60656 3.99397
380 140 0.00249142 1.20146 5.52491 3.95103
380 160 0.00169515 1.28191 5.81923 4.12668
400 140 0.00142973 1.26595 5.75864 4.09125
400 160 0.0019535 1.24811 5.69584 4.04246
400 180 0.00170223 1.1768 5.45521 3.90683
420 140 0.00275684 1.21649 5.57243 3.97503
420 160 0.00243833 1.27007 5.77801 4.10174
420 180 0.0018721 1.35118 6.08565 4.28445
420 200 0.00284531 1.29199 5.85531 4.14954
440 140 0.00311781 1.24824 5.69677 4.04224
440 160 0.00322044 1.16797 5.43314 3.88234
440 180 0.00292671 1.28686 5.83668 4.13532
440 200 0.00364865 1.32793 5.99157 4.23321
440 220 0.00277099 1.13116 5.34055 3.83706
460 140 0.00277099 1.21408 5.56477 3.96963
460 160 0.00274976 1.24138 5.66424 4.02388
460 180 0.00283115 1.11387 5.29855 3.8193
460 200 0.00392115 1.14316 5.36976 3.84979
460 220 0.00384683 1.20575 5.53817 3.95788
460 240 0.00266129 1.19071 5.49575 3.9295
480 140 0.00296917 1.22928 5.61965 4.00346
480 160 0.00389992 1.2682 5.76777 4.09659
480 180 0.00392115 1.1645 5.42486 3.87608
480 200 0.00319213 1.34738 6.06923 4.26969
480 220 0.0031992 1.26444 5.75304 4.08645
480 240 0.00311781 1.11913 5.31263 3.82774
480 260 0.00328768 1.18306 5.47434 3.92025
500 140 0.00356725 1.2018 5.52541 3.95056
500 160 0.00384726 1.27318 5.78677 4.11032
500 180 0.00435644 1.26129 5.74532 4.08172
500 200 0.00381852 1.15341 5.39972 3.86013
500 220 0.00375128 1.2153 5.56872 3.97359
500 240 0.00392115 1.16159 5.41922 3.8705
500 260 0.00346463 1.13359 5.34608 3.84105
500 280 0.00313196 1.14223 5.36678 3.84972
520 140 0.00452631 1.16725 5.43011 3.88028
520 160 0.00552075 1.19842 5.51996 3.94351
520 180 0.00391407 1.33249 6.01516 4.2412
520 200 0.00482839 1.12622 5.3301 3.83288
520 220 0.00445241 1.18865 5.48921 3.92649
520 240 0.00359557 1.19918 5.52179 3.94557
520 260 0.00427504 1.24718 5.69169 4.03912
520 280 0.00353894 1.13057 5.34053 3.83729
520 300 0.00385391 1.10929 5.28694 3.81495
540 140 0.00492975 1.16759 5.43141 3.88089
540 160 0.00543978 1.15866 5.41244 3.87125
540 180 0.00614714 1.14969 5.38537 3.85747
540 200 0.00516728 1.2103 5.5507 3.96714
540 220 0.00526949 1.19166 5.49813 3.93207
540 240 0.00501865 1.15462 5.40151 3.86197
540 260 0.00506465 1.19437 5.50503 3.93937
540 280 0.00535088 1.15814 5.41084 3.87084
540 300 0.00426839 1.1714 5.44068 3.89115
540 320 0.0034717 1.19901 5.52169 3.94407
560 140 0.00492267 1.15886 5.41233 3.87167
560 160 0.00669214 1.17615 5.45476 3.90524
560 180 0.00572601 1.15085 5.38841 3.85909
560 200 0.00436352 1.24048 5.66787 4.02323
560 220 0.00490851 1.15529 5.40393 3.86071
560 240 0.00412641 1.19737 5.51699 3.94051
560 260 0.00505715 1.16793 5.43277 3.88267
560 280 0.0056163 1.11281 5.29559 3.8178
560 300 0.00526991 1.14513 5.37679 3.85308
560 320 0.00392823 1.14009 5.36133 3.84791
560 340 0.00519559 1.10686 5.28272 3.81353
580 140 0.00586757 1.19393 5.50462 3.93688
580 160 0.00569062 1.13444 5.34899 3.84341
580 180 0.00492267 1.18032 5.46525 3.91249
580 200 0.0055066 1.12697 5.33252 3.83546
580 220 0.00536504 1.19012 5.49452 3.92825
580 240 0.00604451 1.12713 5.33283 3.83537
580 260 0.00453339 1.19957 5.52415 3.94698
580 280 0.00409102 1.15823 5.41087 3.87116
580 300 0.00410517 1.16232 5.42044 3.87132
580 320 0.00456878 1.14797 5.38483 3.85616
580 340 0.00462894 1.11511 5.30177 3.82007
580 360 0.00516686 1.13596 5.35033 3.84493
600 140 0.00526241 1.13043 5.33989 3.8375
600 160 0.00580033 1.17179 5.44193 3.89235
600 180 0.00471741 1.1345 5.34926 3.84344
600 200 0.00678061 1.11974 5.31345 3.82777
600 220 0.00651519 1.12985 5.33952 3.83642
600 240 0.00508546 1.15667 5.40576 3.86387
600 260 0.00480588 1.14599 5.37907 3.85421
600 280 0.00502572 1.10839 5.28479 3.81416
600 300 0.00515978 1.11201 5.29315 3.8178
600 320 0.00590296 1.14982 5.38541 3.85769
600 340 0.0058888 1.11463 5.30032 3.81962
600 360 0.00486251 1.11258 5.29526 3.81761
600 380 0.00427547 1.20564 5.53759 3.95798
620 140 0.00640549 1.14683 5.38115 3.85583
620 160 0.00618296 1.20061 5.52825 3.9495
620 180 0.0059702 1.1676 5.4315 3.88095
620 200 0.00607283 1.15955 5.41476 3.87227
620 220 0.00731146 1.18049 5.46596 3.91253
620 240 0.00653685 1.13395 5.34743 3.84225
620 260 0.00554198 1.13198 5.34273 3.83914
620 280 0.0054964 1.11422 5.30005 3.81892
620 300 0.00563754 1.15082 5.38836 3.85894
620 320 0.00580033 1.11667 5.30662 3.82244
620 340 0.00477757 1.11037 5.28962 3.81623
620 360 0.00525576 1.16259 5.4216 3.87162
620 380 0.00532257 1.18876 5.48963 3.92614
620 400 0.00516686 1.09063 5.25169 3.79999
640 140 0.00655101 1.12699 5.33249 3.83537
640 160 0.00730438 1.19047 5.49552 3.92888
640 180 0.0055141 1.16524 5.42536 3.87708
640 200 0.00633825 1.11323 5.29688 3.81838
640 220 0.00679477 1.14123 5.36448 3.84859
640 240 0.00509962 1.17125 5.44071 3.89119
640 260 0.00686201 1.12473 5.32393 3.83109
640 280 0.00578617 1.16826 5.43385 3.88344
640 300 0.00695048 1.10902 5.28636 3.81481
640 320 0.00546059 1.16113 5.41746 3.86955
640 340 0.00614757 1.116 5.30441 3.82069
640 360 0.00597727 1.14153 5.36556 3.84956
640 380 0.00482754 1.15672 5.40554 3.86355
640 400 0.00622146 1.10475 5.27741 3.81268
640 420 0.00552075 1.1165 5.3055 3.82197
660 140 0.00651562 1.17555 5.45402 3.90358
660 160 0.00714159 1.1926 5.50167 3.93503
660 180 0.00518101 1.13189 5.34259 3.83881
660 200 0.00588172 1.14319 5.36989 3.8495
660 220 0.00497575 1.11945 5.31244 3.82746
660 240 0.0064413 1.13724 5.35488 3.84673
660 260 0.00731896 1.14858 5.38581 3.85598
660 280 0.00667799 1.11427 5.30005 3.81921
660 300 0.00551367 1.11507 5.30142 3.81998
660 320 0.00515978 1.13984 5.36117 3.84986
660 340 0.00479215 1.16182 5.41927 3.8706
660 360 0.00642715 1.14166 5.36577 3.85001
660 380 0.00599851 1.11081 5.28977 3.8162
660 400 0.00650854 1.13924 5.36011 3.84998
660 420 0.00595604 1.12504 5.326 3.83121
660 440 0.00686201 1.14477 5.37505 3.85323
680 140 0.00762642 1.15337 5.39959 3.86
680 160 0.00614007 1.16609 5.42672 3.87946
680 180 0.0072159 1.15465 5.40153 3.85823
680 200 0.00678061 1.12618 5.33007 3.83297
680 220 0.00607325 1.13269 5.34291 3.84033
680 240 0.00534423 1.15156 5.39174 3.85907
680 260 0.0052341 1.16386 5.42142 3.87416
680 280 0.00728003 1.11756 5.31015 3.82378
680 300 0.00661117 1.1073 5.28323 3.81366
680 320 0.00605867 1.10767 5.28404 3.81387
680 340 0.00709912 1.127 5.3323 3.83528
680 360 0.00659659 1.14203 5.36704 3.85049
680 380 0.00704604 1.13509 5.35054 3.84508
680 400 0.00667091 1.11982 5.31434 3.82821
680 420 0.00571936 1.13048 5.33992 3.83742
680 440 0.00552075 1.18226 5.47258 3.91621
680 460 0.00472449 1.1423 5.36665 3.8499
700 140 0.0068974 1.17655 5.45529 3.90584
700 160 0.00669922 1.17955 5.46339 3.9117
700 180 0.00675938 1.17308 5.44576 3.89537
700 200 0.00635991 1.14882 5.38646 3.85614
700 220 0.00855051 1.1248 5.32433 3.83093
700 240 0.00577202 1.11731 5.30939 3.82308
700 260 0.00651519 1.12189 5.31985 3.82883
700 280 0.00612633 1.11251 5.29549 3.81781
700 300 0.0056163 1.12761 5.33317 3.83485
700 320 0.00533673 1.15073 5.38812 3.85873
700 340 0.00570478 1.15743 5.40924 3.86478
700 360 0.00686909 1.15467 5.40187 3.86204
700 380 0.00563796 1.13371 5.34649 3.8417
700 400 0.00533673 1.09815 5.26345 3.80472
700 420 0.00659659 1.1114 5.2914 3.81579
700 440 0.00535838 1.14578 5.37873 3.85407
700 460 0.00537212 1.12073 5.31683 3.82888
700 480 0.00581448 1.0985 5.26458 3.80531
720 140 0.00579325 1.14957 5.3848 3.85741
720 160 0.00715574 1.15515 5.40408 3.86028
720 180 0.007906 1.13761 5.35658 3.8476
720 200 0.0062427 1.16236 5.42055 3.87135
720 220 0.00623562 1.12291 5.32179 3.82975
720 240 0.00659659 1.11784 5.31081 3.82487
720 260 0.00805506 1.1952 5.50857 3.93852
720 280 0.00740701 1.11214 5.29334 3.81795
720 300 0.00641256 1.12772 5.33403 3.8353
720 320 0.00722298 1.1618 5.41967 3.87091
720 340 0.00627851 1.1207 5.31673 3.82894
720 360 0.00614714 1.12625 5.33043 3.83264
720 380 0.00703896 1.14721 5.38205 3.8552
720 400 0.00713493 1.12315 5.32174 3.8295
720 420 0.00559507 1.1575 5.40949 3.86526
720 440 0.00622854 1.12358 5.32265 3.83024
720 460 0.00507131 1.13318 5.34488 3.84081
720 480 0.00686201 1.11681 5.30687 3.82255
720 500 0.00454754 1.21249 5.55937 3.96696
740 140 0.00820327 1.16827 5.43376 3.88325
740 160 0.00789184 1.12835 5.33482 3.83593
740 180 0.00747113 1.12427 5.32322 3.83068
740 200 0.00671337 1.15448 5.40164 3.8585
740 220 0.00714909 1.12061 5.31632 3.82886
740 240 0.00734019 1.15386 5.40001 3.85662
740 260 0.00644088 1.11116 5.29031 3.81607
740 280 0.00733977 1.13978 5.36061 3.84982
740 300 0.00739993 1.17103 5.44011 3.89082
740 320 0.0061613 1.13756 5.35658 3.8476
740 340 0.00656828 1.13774 5.35685 3.84767
740 360 0.0057052 1.17484 5.45219 3.90051
740 380 0.00735392 1.12599 5.32944 3.83296
740 400 0.00605909 1.13709 5.35469 3.8466
740 420 0.00713451 1.10764 5.28393 3.81419
740 440 0.00774717 1.12711 5.33251 3.83531
740 460 0.00582906 1.1581 5.41115 3.8708
740 480 0.00665675 1.11528 5.30278 3.81998
740 500 0.00661117 1.10277 5.27126 3.81087
740 520 0.00611883 1.18029 5.46492 3.91222
760 140 0.00659701 1.15947 5.41465 3.87193
760 160 0.00696464 1.14761 5.38319 3.85551
760 180 0.00668506 1.16608 5.42654 3.8794
760 200 0.00676646 1.19102 5.49646 3.93045
760 220 0.00793785 1.15161 5.39163 3.85886
760 240 0.00751671 1.14215 5.36709 3.85026
760 260 0.00680185 1.12238 5.32001 3.82915
760 280 0.00704688 1.15532 5.40389 3.86078
760 300 0.00697214 1.14953 5.38477 3.85742
760 320 0.00768658 1.15731 5.40903 3.86448
760 340 0.00630994 1.11276 5.29579 3.81831
760 360 0.00757688 1.16671 5.42866 3.87958
760 380 0.00577909 1.12852 5.33573 3.83597
760 400 0.00955911 1.136 5.35043 3.84472
760 420 0.00651519 1.14804 5.38509 3.85608
760 440 0.00728314 1.12763 5.33338 3.83509
760 460 0.00775382 1.13623 5.35106 3.84437
760 480 0.00687659 1.10637 5.28124 3.81409
760 500 0.00623562 1.17818 5.45686 3.90867
760 520 0.00567689 1.11533 5.30307 3.81988
760 540 0.00606575 1.1127 5.29554 3.81794
780 140 0.00787811 1.17296 5.44527 3.89512
780 160 0.00705311 1.14953 5.38477 3.85742
780 180 0.00801217 1.12706 5.33262 3.83523
780 200 0.00631701 1.16495 5.42477 3.87585
780 220 0.0091309 1.15342 5.39976 3.86003
780 240 0.00817496 1.13002 5.33958 3.8367
780 260 0.0080409 1.13477 5.34982 3.84467
780 280 0.00695048 1.13973 5.36028 3.84751
780 300 0.0061613 1.15062 5.38783 3.85819
780 320 0.00615422 1.11464 5.30033 3.81948
780 340 0.00794535 1.14411 5.37314 3.85025
780 360 0.00821035 1.14118 5.36415 3.84841
780 380 0.00775382 1.11967 5.31302 3.82759
780 400 0.00891814 1.10863 5.28512 3.81443
780 420 0.00678812 1.11616 5.30468 3.82085
780 440 0.00882966 1.14098 5.36436 3.84815
780 460 0.00817496 1.11882 5.31201 3.82751
780 480 0.00793162 1.10112 5.269 3.81047
780 500 0.00624977 1.11608 5.30438 3.82073
780 520 0.00571185 1.18215 5.47122 3.91637
780 540 0.00622189 1.14164 5.36579 3.84996
780 560 0.00784938 1.13206 5.3425 3.8392
800 140 0.00800509 1.12737 5.33278 3.83522
800 160 0.00722298 1.15444 5.40163 3.85808
800 180 0.00802675 1.13108 5.34054 3.83685
800 200 0.00784938 1.16154 5.41896 3.87024
800 220 0.00640591 1.14134 5.36456 3.84874
800 240 0.00761227 1.13396 5.34735 3.84225
800 260 0.00867395 1.1203 5.31565 3.82875
800 280 0.0074884 1.12792 5.33357 3.83569
800 300 0.00571185 1.14762 5.38326 3.85559
800 320 0.00653643 1.13744 5.35589 3.84727
800 340 0.00704604 1.12553 5.32709 3.83222
800 360 0.00732561 1.11433 5.29998 3.81946
800 380 0.00829174 1.14666 5.38056 3.855
800 400 0.00598435 1.10982 5.28835 3.81441
800 420 0.00518101 1.14456 5.37478 3.85285
800 440 0.0075698 1.11952 5.31261 3.82745
800 460 0.00641964 1.11243 5.29535 3.81783
800 480 0.00677354 1.1316 5.34107 3.83862
800 500 0.00793785 1.1293 5.33783 3.83586
800 520 0.00670672 1.12981 5.33941 3.83637
800 540 0.00641964 1.14276 5.36867 3.84944
800 560 0.00807941 1.10853 5.285 3.81439
800 580 0.00543228 1.10928 5.28705 3.81522
820 140 0.00688367 1.15343 5.39994 3.8601
820 160 0.00700003 1.14605 5.37883 3.85419
820 180 0.00761269 1.13565 5.35059 3.845
820 200 0.00723756 1.12541 5.32698 3.83238
820 220 0.00713493 1.11307 5.29623 3.8182
820 240 0.00752422 1.11944 5.31224 3.82732
820 260 0.00690448 1.14522 5.37684 3.85325
820 280 0.00883674 1.13699 5.35391 3.84652
820 300 0.00742867 1.12612 5.32964 3.83321
820 320 0.00607283 1.14227 5.3667 3.8499
820 340 0.0070248 1.11648 5.30516 3.82181
820 360 0.00830632 1.12213 5.31974 3.82918
820 380 0.00983911 1.12274 5.32099 3.8286
820 400 0.00715574 1.09605 5.26035 3.80205
820 420 0.00742201 1.11577 5.30404 3.82103
820 440 0.00687617 1.18181 5.46911 3.91574
820 460 0.0074499 1.10107 5.26902 3.81023
820 480 0.00820327 1.11649 5.30542 3.82193
820 500 0.00793077 1.10591 5.28035 3.81316
820 520 0.00739993 1.12327 5.32164 3.82969
820 540 0.00659659 1.09481 5.2572 3.80166
820 560 0.00703188 1.14389 5.37245 3.85253
820 580 0.00686951 1.09569 5.25851 3.80167
820 600 0.00614714 1.14493 5.37588 3.85265
840 140 0.00686909 1.1442 5.37307 3.85253
840 160 0.00722298 1.13645 5.35154 3.84489
840 180 0.00723714 1.14827 5.3853 3.85612
840 200 0.00894645 1.14353 5.37113 3.85001
840 220 0.00652977 1.13471 5.34954 3.84453
840 240 0.00767951 1.13166 5.34105 3.83852
840 260 0.00856467 1.17835 5.45733 3.90959
840 280 0.00707435 1.13499 5.3501 3.84534
840 300 0.00778921 1.13991 5.36103 3.84997
840 320 0.00794493 1.16698 5.42996 3.87962
840 340 0.00715574 1.11612 5.30459 3.82087
840 360 0.00733977 1.12759 5.33302 3.8348
840 380 0.00661075 1.12271 5.3208 3.8286
840 400 0.00745698 1.11406 5.29984 3.8191
840 420 0.00853593 1.13062 5.34053 3.83721
840 440 0.00846869 1.12266 5.32052 3.82895
840 460 0.00821785 1.11453 5.30036 3.81964
840 480 0.00904908 1.10905 5.28645 3.81501
840 500 0.00849035 1.11378 5.2979 3.8188
840 520 0.00755564 1.10994 5.28888 3.81482
840 540 0.00848327 1.10178 5.27036 3.81024
840 560 0.00644838 1.11764 5.31046 3.82381
840 580 0.00734062 1.11034 5.28964 3.8158
840 600 0.00589588 1.1221 5.31967 3.82916
840 620 0.00621438 1.09553 5.25877 3.80165
860 140 0.00714201 1.13741 5.3556 3.84745
860 160 0.00685493 1.14826 5.38502 3.85595
860 180 0.0075698 1.14831 5.38517 3.85595
860 200 0.00706727 1.14385 5.37211 3.85279
860 220 0.00706062 1.13881 5.3593 3.84982
860 240 0.00712743 1.16197 5.41968 3.87106
860 260 0.00784938 1.11572 5.30421 3.82092
860 280 0.00678769 1.19724 5.51671 3.93998
860 300 0.00781399 1.12964 5.33951 3.83662
860 320 0.00731146 1.11091 5.29008 3.8163
860 340 0.00783522 1.1098 5.28815 3.81445
860 360 0.00823201 1.12508 5.3263 3.831
860 380 0.00772551 1.13994 5.36092 3.84995
860 400 0.00861379 1.11187 5.29308 3.81689
860 420 0.00810772 1.1195 5.31248 3.82749
860 440 0.00926495 1.10888 5.28575 3.81483
860 460 0.00865356 1.10684 5.28238 3.81345
860 480 0.00749548 1.12075 5.31691 3.82878
860 500 0.00873411 1.12758 5.33303 3.8348
860 520 0.00743659 1.12898 5.33792 3.83605
860 540 0.00729022 1.10379 5.27317 3.81135
860 560 0.00599851 1.13562 5.35057 3.84519
860 580 0.00672753 1.12323 5.32164 3.82965
860 600 0.00734062 1.13153 5.34105 3.83852
860 620 0.00626393 1.1432 5.36999 3.84942
860 640 0.0054889 1.14131 5.36438 3.84839
880 140 0.00696549 1.15082 5.38836 3.85894
880 160 0.00810772 1.13575 5.35018 3.84478
880 180 0.00818204 1.14273 5.36858 3.84912
880 200 0.00793785 1.16102 5.41713 3.86954
880 220 0.00825678 1.14505 5.37631 3.85282
880 240 0.00712743 1.14217 5.36698 3.85013
880 260 0.00821743 1.11972 5.31324 3.82771
880 280 0.00759146 1.13801 5.35764 3.84824
880 300 0.00713451 1.13455 5.34928 3.84347
880 320 0.0080334 1.14322 5.37014 3.84962
880 340 0.00953745 1.13318 5.34488 3.84081
880 360 0.00742824 1.16572 5.42551 3.87802
880 380 0.00747425 1.12794 5.33378 3.83577
880 400 0.00704604 1.11104 5.29016 3.81647
880 420 0.00835191 1.15418 5.40042 3.86108
880 440 0.00792369 1.13112 5.34053 3.83704
880 460 0.00580033 1.16194 5.4199 3.87078
880 480 0.00795908 1.11192 5.29338 3.81712
880 500 0.00703896 1.09936 5.26783 3.80613
880 520 0.00757688 1.13004 5.33968 3.83692
880 540 0.00815019 1.10776 5.2841 3.8142
880 560 0.00812187 1.13868 5.35906 3.85024
880 580 0.00631701 1.11332 5.29711 3.81888
880 600 0.00839437 1.13004 5.33968 3.83692
880 620 0.00673546 1.11863 5.3129 3.82723
880 640 0.00659659 1.09342 5.25692 3.80179
880 660 0.00532965 1.09708 5.26316 3.80426
900 140 0.00587507 1.14583 5.37881 3.85415
900 160 0.00810857 1.18183 5.4697 3.91564
900 180 0.00747467 1.13456 5.34905 3.84342
900 200 0.00723714 1.15769 5.40997 3.86589
900 220 0.00696464 1.14422 5.37301 3.85015
900 240 0.0061613 1.12915 5.33808 3.83588
900 260 0.00604494 1.12603 5.32956 3.833
900 280 0.00703188 1.12267 5.32074 3.82899
900 300 0.00692967 1.12335 5.32185 3.82979
900 320 0.00787854 1.13086 5.34036 3.83728
900 340 0.00800509 1.12526 5.32674 3.83152
900 360 0.0061613 1.14249 5.36755 3.84922
900 380 0.00956576 1.12056 5.3166 3.8286
900 400 0.00649396 1.12128 5.31934 3.82918
900 420 0.00817496 1.11878 5.31201 3.82705
900 440 0.00830632 1.1112 5.29065 3.81608
900 460 0.00625685 1.11897 5.3123 3.82739
900 480 0.00962593 1.11287 5.29587 3.81786
900 500 0.008497 1.10529 5.27904 3.81278
900 520 0.00743574 1.13136 5.3413 3.8386
900 540 0.00813603 1.11661 5.30576 3.82226
900 560 0.00697214 1.11407 5.2998 3.81898
900 580 0.0064798 1.16101 5.41711 3.86943
900 600 0.00832006 1.10966 5.28708 3.81453
900 620 0.00686201 1.17043 5.43834 3.88992
900 640 0.00821077 1.10785 5.28391 3.8141
900 660 0.0053438 1.10785 5.28391 3.8141
900 680 0.00678769 1.1343 5.34904 3.84276
920 140 0.00661075 1.1448 5.37554 3.85329
920 160 0.00739993 1.12379 5.32353 3.83048
920 180 0.00694383 1.15975 5.41503 3.87206
920 200 0.00706019 1.16536 5.42499 3.87762
920 220 0.00898538 1.12303 5.322 3.8298
920 240 0.0076662 1.17376 5.44782 3.89746
920 260 0.00704604 1.14381 5.37212 3.85295
920 280 0.00861733 1.13529 5.35028 3.84569
920 300 0.00730438 1.12807 5.33438 3.83556
920 320 0.00792369 1.13481 5.35001 3.84483
920 340 0.00760561 1.12775 5.3338 3.83509
920 360 0.00874119 1.11692 5.30709 3.82295
920 380 0.00498283 1.1447 5.37487 3.85308
920 400 0.00801924 1.14385 5.37211 3.85279
920 420 0.00862483 1.1166 5.30595 3.82229
920 440 0.0083948 1.1176 5.31032 3.82406
920 460 0.00828467 1.12648 5.33142 3.83411
920 480 0.00874161 1.11725 5.30911 3.82299
920 500 0.00830675 1.11841 5.31182 3.82722
920 520 0.00731146 1.10522 5.2788 3.81286
920 540 0.00669257 1.13058 5.34047 3.83716
920 560 0.00712035 1.12394 5.32332 3.83084
920 580 0.00689032 1.12763 5.33338 3.83509
920 600 0.00758395 1.11348 5.29714 3.81858
920 620 0.0083873 1.11197 5.29313 3.81736
920 640 0.00740701 1.11411 5.29979 3.81888
920 660 0.00759811 1.11128 5.29092 3.81614
920 680 0.0064338 1.15004 5.38647 3.85839
920 700 0.00749548 1.12665 5.33238 3.83492
940 140 0.00794493 1.1485 5.38549 3.85615
940 160 0.00713451 1.13417 5.34835 3.84205
940 180 0.00782149 1.13834 5.35847 3.84856
940 200 0.0078498 1.14535 5.37689 3.85376
940 220 0.00774675 1.14249 5.36755 3.84922
940 240 0.0066249 1.13506 5.3505 3.84505
940 260 0.00848992 1.13373 5.34664 3.84168
940 280 0.0083134 1.15359 5.40015 3.85981
940 300 0.00719467 1.11967 5.31302 3.82759
940 320 0.00883844 1.12371 5.32327 3.83053
940 340 0.00689117 1.13612 5.35078 3.84443
940 360 0.00653728 1.13798 5.35748 3.84846
940 380 0.00848285 1.14783 5.38426 3.85621
940 400 0.00765827 1.1482 5.38461 3.85558
940 420 0.00848993 1.12356 5.32254 3.83014
940 440 0.00856467 1.12431 5.3232 3.83014
940 460 0.00776175 1.11096 5.28962 3.81649
940 480 0.00731146 1.11602 5.30436 3.82085
940 500 0.00821743 1.15637 5.4039 3.86323
940 520 0.00872703 1.1514 5.39099 3.85913
940 540 0.00925122 1.10611 5.28013 3.81345
940 560 0.00838814 1.12484 5.32473 3.83098
940 580 0.00778256 1.10795 5.28402 3.81396
940 600 0.0074884 1.13321 5.34485 3.84073
940 620 0.00779006 1.11873 5.31223 3.82688
940 640 0.0095233 1.1019 5.27075 3.80995
940 660 0.00871288 1.14133 5.36442 3.84864
940 680 0.00759854 1.11091 5.29008 3.8163
940 700 0.00632409 1.14224 5.36653 3.84973
940 720 0.00731188 1.10404 5.27486 3.81207
960 140 0.00823158 1.17446 5.4497 3.89836
960 160 0.00661782 1.15744 5.40926 3.86492
960 180 0.00802632 1.14359 5.37133 3.84989
960 200 0.00668506 1.14458 5.37491 3.85292
960 220 0.0072159 1.1273 5.3331 3.83532
960 240 0.00812187 1.15214 5.39457 3.85929
960 260 0.00711328 1.13503 5.35075 3.84523
960 280 0.00667799 1.16289 5.42119 3.87211
960 300 0.0074884 1.16494 5.42468 3.87576
960 320 0.00834129 1.12655 5.3318 3.83448
960 340 0.00789538 1.13907 5.35988 3.84991
960 360 0.00779006 1.13287 5.34385 3.84055
960 380 0.00839437 1.12214 5.3198 3.82923
960 400 0.00695756 1.13302 5.3442 3.841
960 420 0.00686243 1.1269 5.33202 3.83529
960 440 0.00625728 1.11802 5.31118 3.82547
960 460 0.00909551 1.11636 5.30551 3.82121
960 480 0.0097144 1.11475 5.30052 3.81997
960 500 0.00847577 1.12201 5.31999 3.82903
960 520 0.00782814 1.10893 5.28624 3.81486
960 540 0.0078423 1.11438 5.30035 3.81956
960 560 0.00954453 1.12895 5.33786 3.83588
960 580 0.0078423 1.14896 5.38678 3.85651
960 600 0.00686909 1.09963 5.26849 3.80669
960 620 0.00874827 1.11634 5.3053 3.82132
960 640 0.00811522 1.11264 5.29546 3.81767
960 660 0.00642672 1.10676 5.28194 3.81322
960 680 0.00790954 1.12627 5.33068 3.83282
960 700 0.00695756 1.11921 5.31249 3.82793
960 720 0.00794493 1.12787 5.33345 3.83513
960 740 0.00560922 1.16461 5.42472 3.8756
980 140 0.00693633 1.15312 5.39838 3.85961
980 160 0.00613299 1.14719 5.38208 3.85523
980 180 0.0107305 1.14106 5.36445 3.84787
980 200 0.00733269 1.13467 5.34926 3.84406
980 220 0.00694383 1.14977 5.38563 3.85757
980 240 0.00723006 1.12283 5.32184 3.82921
980 260 0.00588172 1.13731 5.35548 3.84677
980 280 0.00669214 1.12278 5.32152 3.82885
980 300 0.00901411 1.13866 5.35908 3.84998
980 320 0.00823158 1.14245 5.36711 3.84915
980 340 0.00863191 1.17427 5.44955 3.89863
980 360 0.00793785 1.13028 5.33944 3.83735
980 380 0.00805463 1.1346 5.34917 3.84327
980 400 0.00907385 1.12101 5.31848 3.82857
980 420 0.00661782 1.15032 5.38674 3.85893
980 440 0.0065227 1.12067 5.31652 3.82875
980 460 0.00899996 1.13485 5.35009 3.84472
980 480 0.00939717 1.13534 5.35006 3.84549
980 500 0.00911632 1.11276 5.29579 3.81831
980 520 0.00714159 1.12959 5.33942 3.83656
980 540 0.00869518 1.11505 5.3013 3.82004
980 560 0.00729022 1.12378 5.32358 3.83057
980 580 0.00786353 1.13579 5.3504 3.84454
980 600 0.00809356 1.10834 5.2848 3.81382
980 620 0.0074884 1.10792 5.28399 3.81425
980 640 0.00810107 1.10972 5.28769 3.81429
980 660 0.00758395 1.10609 5.28033 3.81373
980 680 0.00829174 1.11716 5.30861 3.82297
980 700 0.00723714 1.1183 5.31201 3.82658
980 720 0.00684828 1.15845 5.41249 3.87149
980 740 0.00751671 1.10631 5.28114 3.81412
980 760 0.00650104 1.10165 5.27089 3.81075
