280 100 0.00157162 -1 -1 -1
290 100 0.00282587 -1 -1 -1
290 110 0.00254339 -1 -1 -1
300 100 0.00174398 -1 -1 -1
300 110 0.00269966 -1 -1 -1
300 120 0.00300258 -1 -1 -1
310 100 0.0025572 -1 -1 -1
310 110 0.00282352 -1 -1 -1
310 120 0.00219367 -1 -1 -1
310 130 0.00416339 -1 -1 -1
320 100 0.00344009 -1 -1 -1
320 110 0.00360665 -1 -1 -1
320 120 0.00377501 -1 -1 -1
320 130 0.00392225 -1 -1 -1
320 140 0.00457306 -1 -1 -1
330 100 0.00376752 -1 -1 -1
330 110 0.00366632 -1 -1 -1
330 120 0.00317128 -1 -1 -1
330 130 0.00414702 -1 -1 -1
330 140 0.00420554 -1 -1 -1
330 150 0.00386959 -1 -1 -1
340 100 0.00339688 -1 -1 -1
340 110 0.00427941 -1 -1 -1
340 120 0.0043113 -1 -1 -1
340 130 0.0049503 -1 -1 -1
340 140 0.00471228 -1 -1 -1
340 150 0.00395546 -1 -1 -1
340 160 0.00455155 -1 -1 -1
350 100 0.00406668 -1 -1 -1
350 110 0.00411921 -1 -1 -1
350 120 0.00471654 -1 -1 -1
350 130 0.00453839 -1 -1 -1
350 140 0.00481686 -1 -1 -1
350 150 0.00535027 -1 -1 -1
350 160 0.00493316 -1 -1 -1
350 170 0.00448416 -1 -1 -1
360 100 0.00305911 -1 -1 -1
360 110 0.00450233 -1 -1 -1
360 120 0.0042994 -1 -1 -1
360 130 0.00504517 -1 -1 -1
360 140 0.00526822 -1 -1 -1
360 150 0.00436841 -1 -1 -1
360 160 0.00298536 -1 -1 -1
360 170 0.00457531 -1 -1 -1
360 180 0.00429583 -1 -1 -1
370 100 0.00350074 -1 -1 -1
370 110 0.00542209 -1 -1 -1
370 120 0.00473663 -1 -1 -1
370 130 0.00543537 -1 -1 -1
370 140 0.00660488 -1 -1 -1
370 150 0.00419667 -1 -1 -1
370 160 0.00539683 -1 -1 -1
370 170 0.0052924 -1 -1 -1
370 180 0.00445095 -1 -1 -1
370 190 0.0047149 -1 -1 -1
380 100 0.00564166 -1 -1 -1
380 110 0.00450252 -1 -1 -1
380 120 0.00515114 -1 -1 -1
380 130 0.0057213 -1 -1 -1
380 140 0.00602924 -1 -1 -1
380 150 0.0053825 -1 -1 -1
380 160 0.00547107 -1 -1 -1
380 170 0.00481911 -1 -1 -1
380 180 0.00516919 -1 -1 -1
380 190 0.00461602 -1 -1 -1
380 200 0.00528374 -1 -1 -1
390 100 0.00483567 -1 -1 -1
390 110 0.0064334 -1 -1 -1
390 120 0.00533326 -1 -1 -1
390 130 0.00491795 -1 -1 -1
390 140 0.0060788 -1 -1 -1
390 150 0.00502266 -1 -1 -1
390 160 0.00387443 -1 -1 -1
390 170 0.00670444 -1 -1 -1
390 180 0.00545712 -1 -1 -1
390 190 0.00554024 -1 -1 -1
390 200 0.00588917 -1 -1 -1
390 210 0.00518109 -1 -1 -1
400 100 0.00608222 -1 -1 -1
400 110 0.00577775 -1 -1 -1
400 120 0.00618532 -1 -1 -1
400 130 0.00710999 -1 -1 -1
400 140 0.00577273 -1 -1 -1
400 150 0.00685947 -1 -1 -1
400 160 0.00551985 -1 -1 -1
400 170 0.00552929 -1 -1 -1
400 180 0.00535487 -1 -1 -1
400 190 0.00583989 -1 -1 -1
400 200 0.00624418 -1 -1 -1
400 210 0.00559042 -1 -1 -1
400 220 0.00420023 -1 -1 -1
410 100 0.0051689 -1 -1 -1
410 110 0.00601271 -1 -1 -1
410 120 0.0057981 -1 -1 -1
410 130 0.0056948 -1 -1 -1
410 140 0.00803279 -1 -1 -1
410 150 0.00537032 -1 -1 -1
410 160 0.00613899 -1 -1 -1
410 170 0.0047415 -1 -1 -1
410 180 0.00597795 -1 -1 -1
410 190 0.00555097 -1 -1 -1
410 200 0.00553999 -1 -1 -1
410 210 0.00567914 -1 -1 -1
410 220 0.00533446 -1 -1 -1
410 230 0.00428111 -1 -1 -1
420 100 0.00437103 -1 -1 -1
420 110 0.00535838 -1 -1 -1
420 120 0.00556387 -1 -1 -1
420 130 0.00674251 -1 -1 -1
420 140 0.00719074 -1 -1 -1
420 150 0.00499624 -1 -1 -1
420 160 0.0047815 -1 -1 -1
420 170 0.00677927 -1 -1 -1
420 180 0.00608013 -1 -1 -1
420 190 0.00565921 -1 -1 -1
420 200 0.00657647 -1 -1 -1
420 210 0.00406961 -1 -1 -1
420 220 0.00500212 -1 -1 -1
420 230 0.00573348 -1 -1 -1
420 240 0.0042256 -1 -1 -1
430 100 0.00500884 -1 -1 -1
430 110 0.00494695 -1 -1 -1
430 120 0.00666858 -1 -1 -1
430 130 0.00677407 -1 -1 -1
430 140 0.00520634 -1 -1 -1
430 150 0.00625889 -1 -1 -1
430 160 0.00638106 -1 -1 -1
430 170 0.00573518 -1 -1 -1
430 180 0.00482497 -1 -1 -1
430 190 0.00662766 -1 -1 -1
430 200 0.00510803 -1 -1 -1
430 210 0.00527961 -1 -1 -1
430 220 0.00600888 -1 -1 -1
430 230 0.00556251 -1 -1 -1
430 240 0.00679526 -1 -1 -1
430 250 0.00430147 -1 -1 -1
440 100 0.0056228 -1 -1 -1
440 110 0.00666449 -1 -1 -1
440 120 0.00662199 -1 -1 -1
440 130 0.00613737 -1 -1 -1
440 140 0.00825946 -1 -1 -1
440 150 0.00693337 -1 -1 -1
440 160 0.00609286 -1 -1 -1
440 170 0.00609434 -1 -1 -1
440 180 0.00612667 -1 -1 -1
440 190 0.00591934 -1 -1 -1
440 200 0.005948 -1 -1 -1
440 210 0.00589145 -1 -1 -1
440 220 0.00614045 -1 -1 -1
440 230 0.00590461 -1 -1 -1
440 240 0.0043101 -1 -1 -1
440 250 0.00572658 -1 -1 -1
440 260 0.00500153 -1 -1 -1
450 100 0.00546885 -1 -1 -1
450 110 0.00513076 -1 -1 -1
450 120 0.00556494 -1 -1 -1
450 130 0.00768332 -1 -1 -1
450 140 0.00624765 -1 -1 -1
450 150 0.00604546 -1 -1 -1
450 160 0.00568814 -1 -1 -1
450 170 0.00670039 -1 -1 -1
450 180 0.00588446 -1 -1 -1
450 190 0.00467169 -1 -1 -1
450 200 0.00545201 -1 -1 -1
450 210 0.00592128 -1 -1 -1
450 220 0.0055461 -1 -1 -1
450 230 0.00511177 -1 -1 -1
450 240 0.00540382 -1 -1 -1
450 250 0.00560832 -1 -1 -1
450 260 0.00588387 -1 -1 -1
450 270 0.00457373 -1 -1 -1
460 100 0.0073237 -1 -1 -1
460 110 0.00688996 -1 -1 -1
460 120 0.00555138 -1 -1 -1
460 130 0.00652578 -1 -1 -1
460 140 0.0079906 -1 -1 -1
460 150 0.00548742 -1 -1 -1
460 160 0.00730304 -1 -1 -1
460 170 0.00719761 -1 -1 -1
460 180 0.0068203 -1 -1 -1
460 190 0.00659179 -1 -1 -1
460 200 0.00674011 -1 -1 -1
460 210 0.00650738 -1 -1 -1
460 220 0.00715834 -1 -1 -1
460 230 0.00614801 -1 -1 -1
460 240 0.00686499 -1 -1 -1
460 250 0.00611177 -1 -1 -1
460 260 0.00548087 -1 -1 -1
460 270 0.00526956 -1 -1 -1
460 280 0.00459763 -1 -1 -1
470 100 0.00626009 -1 -1 -1
470 110 0.00633113 -1 -1 -1
470 120 0.00625518 -1 -1 -1
470 130 0.00634605 -1 -1 -1
470 140 0.00732244 -1 -1 -1
470 150 0.00758559 -1 -1 -1
470 160 0.00563317 -1 -1 -1
470 170 0.00649663 -1 -1 -1
470 180 0.00704501 -1 -1 -1
470 190 0.00746832 -1 -1 -1
470 200 0.00666068 -1 -1 -1
470 210 0.00463465 -1 -1 -1
470 220 0.00778882 -1 -1 -1
470 230 0.00613813 -1 -1 -1
470 240 0.0047477 -1 -1 -1
470 250 0.00598168 -1 -1 -1
470 260 0.00684578 -1 -1 -1
470 270 0.00512524 -1 -1 -1
470 280 0.00693024 -1 -1 -1
470 290 0.00523626 -1 -1 -1
480 100 0.00590511 -1 -1 -1
480 110 0.0075481 -1 -1 -1
480 120 0.005812 -1 -1 -1
480 130 0.00750344 -1 -1 -1
480 140 0.00757543 -1 -1 -1
480 150 0.00621038 -1 -1 -1
480 160 0.00709871 -1 -1 -1
480 170 0.00763516 -1 -1 -1
480 180 0.00704436 -1 -1 -1
480 190 0.0081384 -1 -1 -1
480 200 0.00624095 -1 -1 -1
480 210 0.00696619 -1 -1 -1
480 220 0.00793202 -1 -1 -1
480 230 0.00535502 -1 -1 -1
480 240 0.00651374 -1 -1 -1
480 250 0.00588952 -1 -1 -1
480 260 0.00552434 -1 -1 -1
480 270 0.00593426 -1 -1 -1
480 280 0.00522155 -1 -1 -1
480 290 0.00563208 -1 -1 -1
480 300 0.00475261 -1 -1 -1
490 100 0.00720606 -1 -1 -1
490 110 0.00646408 -1 -1 -1
490 120 0.00728753 -1 -1 -1
490 130 0.00854053 -1 -1 -1
490 140 0.00840706 -1 -1 -1
490 150 0.00820462 -1 -1 -1
490 160 0.00795208 -1 -1 -1
490 170 0.00815139 -1 -1 -1
490 180 0.00959095 -1 -1 -1
490 190 0.0071655 -1 -1 -1
490 200 0.00585515 -1 -1 -1
490 210 0.00676324 -1 -1 -1
490 220 0.0073024 -1 -1 -1
490 230 0.00564379 -1 -1 -1
490 240 0.00497717 -1 -1 -1
490 250 0.0081929 -1 -1 -1
490 260 0.00572491 -1 -1 -1
490 270 0.00549558 -1 -1 -1
490 280 0.00573321 -1 -1 -1
490 290 0.00580049 -1 -1 -1
490 300 0.00529656 -1 -1 -1
490 310 0.00553849 -1 -1 -1
500 100 0.00597978 -1 -1 -1
500 110 0.00723485 -1 -1 -1
500 120 0.00729152 -1 -1 -1
500 130 0.00781905 -1 -1 -1
500 140 0.00806097 -1 -1 -1
500 150 0.00765726 -1 -1 -1
500 160 0.00727717 -1 -1 -1
500 170 0.00836163 -1 -1 -1
500 180 0.00844001 -1 -1 -1
500 190 0.00574318 -1 -1 -1
500 200 0.00615644 -1 -1 -1
500 210 0.00701313 -1 -1 -1
500 220 0.00730104 -1 -1 -1
500 230 0.00693147 -1 -1 -1
500 240 0.00710888 -1 -1 -1
500 250 0.00666145 -1 -1 -1
500 260 0.00659891 -1 -1 -1
500 270 0.00606821 -1 -1 -1
500 280 0.00579027 -1 -1 -1
500 290 0.00545907 -1 -1 -1
500 300 0.00489344 -1 -1 -1
500 310 0.0044153 -1 -1 -1
500 320 0.00583343 -1 -1 -1
