1000 200 0.00689782 1.14002 2.78082 3.01831
1000 220 0.00675938 1.14221 2.78008 3.0214
1000 240 0.00675938 1.12896 2.7909 3.00703
1000 260 0.00874119 1.13646 2.79239 3.01647
1000 280 0.00698587 1.14641 2.78637 3.02374
1000 300 0.00785645 1.1475 2.77766 3.02511
1000 320 0.00688324 1.16351 2.77371 3.03851
1000 340 0.00696464 1.1341 2.79328 3.015
1000 360 0.00667091 1.14799 2.77786 3.0256
1000 380 0.00678769 1.14866 2.7789 3.02708
1000 400 0.00685493 1.12666 2.79127 3.00469
1000 420 0.00864564 1.12944 2.79146 3.00744
1000 440 0.00634532 1.12547 2.79156 3.00617
1000 460 0.00844788 1.14584 2.78598 3.02362
1000 480 0.00757688 1.11665 2.79064 3.00138
1000 500 0.00964008 1.18316 2.77711 3.06172
1000 520 0.00921229 1.13695 2.79147 3.01708
1000 540 0.0080334 1.15144 2.78563 3.03134
1000 560 0.00893272 1.13312 2.79474 3.01491
1000 580 0.0084023 1.11645 2.79071 3.00114
1000 600 0.00741409 1.12765 2.79135 3.0055
1000 620 0.00854343 1.12371 2.79043 3.00446
1000 640 0.00669964 1.13579 2.79313 3.01718
1000 660 0.00816788 1.15228 2.78496 3.03165
1000 680 0.00828467 1.12282 2.78883 3.00265
1000 700 0.00966882 1.11392 2.79063 2.99897
1000 720 0.0071774 1.14704 2.77963 3.02479
1000 740 0.00714866 1.10858 2.78943 2.99469
1000 760 0.00644088 1.11904 2.78958 3.00171
1000 780 0.00615465 1.15748 2.77348 3.03321
420 200 0.00097321 1.29154 2.83295 3.20797
440 200 0.00176947 1.35978 2.88513 3.30801
440 220 0.00142266 1.38233 2.90087 3.34657
460 200 0.00268294 1.28026 2.81846 3.18981
460 220 0.001681 1.23086 2.7904 3.12198
460 240 0.00135542 1.28637 2.82479 3.19915
480 200 0.00302268 1.22622 2.78992 3.11549
480 220 0.00239586 1.27415 2.81274 3.17707
480 240 0.00196765 1.24523 2.80158 3.13727
480 260 0.00151821 1.20353 2.77804 3.08282
500 200 0.00303641 1.27746 2.81831 3.18643
500 220 0.002226 1.2917 2.83336 3.20759
500 240 0.00160668 1.35399 2.87842 3.29798
500 260 0.00185795 1.43868 2.93263 3.44223
500 280 0.00186502 1.34732 2.87381 3.28957
520 200 0.00292671 1.43406 2.93137 3.43665
520 220 0.00338323 1.27716 2.81772 3.18605
520 240 0.00285239 1.32394 2.85342 3.24801
520 260 0.00375836 1.25474 2.80676 3.14788
520 280 0.00304392 1.30868 2.84513 3.22377
520 300 0.00340446 1.30255 2.84229 3.21346
540 200 0.00499699 1.30024 2.8415 3.21458
540 220 0.00339031 1.20386 2.7776 3.08241
540 240 0.00317443 1.29817 2.84143 3.2138
540 260 0.00196057 1.28329 2.82228 3.19564
540 280 0.00304349 1.34217 2.86847 3.27995
540 300 0.00320628 1.26579 2.80968 3.1649
540 320 0.00305057 1.25196 2.80322 3.14562
560 200 0.00373005 1.28285 2.82219 3.19534
560 220 0.00437102 1.23276 2.79256 3.12493
560 240 0.00401005 1.19728 2.77483 3.0747
560 260 0.00472449 1.16019 2.77382 3.03532
560 280 0.00302934 1.19752 2.77567 3.07482
560 300 0.0035531 1.17138 2.7751 3.05092
560 320 0.00337615 1.25209 2.80314 3.14559
560 340 0.00426089 1.38607 2.90314 3.35835
580 200 0.0043781 1.18855 2.77438 3.06449
580 220 0.00535796 1.19749 2.77568 3.07432
580 240 0.00410517 1.16323 2.77288 3.03865
580 260 0.00470326 1.16948 2.78183 3.04728
580 280 0.00339781 1.17979 2.77767 3.05875
580 300 0.00329476 1.20758 2.78263 3.08762
580 320 0.00391407 1.16048 2.77392 3.03495
580 340 0.00319213 1.19169 2.77516 3.06865
580 360 0.00435644 1.23843 2.79655 3.13053
600 200 0.00482712 1.21259 2.78425 3.09613
600 220 0.00403086 1.19872 2.77498 3.07517
600 240 0.0058888 1.20887 2.78392 3.09055
600 260 0.00445907 1.20639 2.78029 3.08613
600 280 0.00437059 1.13868 2.78093 3.0176
600 300 0.00402378 1.28133 2.81995 3.19298
600 320 0.0042078 1.2342 2.79367 3.12624
600 340 0.00339031 1.20396 2.77835 3.08285
600 360 0.00274976 1.27278 2.81253 3.17362
600 380 0.00294794 1.22849 2.78997 3.11661
620 200 0.00428212 1.2153 2.78684 3.1015
620 220 0.00482712 1.13257 2.7944 3.01451
620 240 0.00569062 1.1694 2.78187 3.04741
620 260 0.00447322 1.15523 2.77518 3.03272
620 280 0.00458293 1.24991 2.80455 3.14438
620 300 0.00417949 1.23123 2.7909 3.12266
620 320 0.00377251 1.23466 2.79443 3.1269
620 340 0.00549952 1.17179 2.77542 3.05129
620 360 0.00392115 1.1658 2.77323 3.04154
620 380 0.00391407 1.19998 2.77585 3.07759
620 400 0.00320628 1.21359 2.78494 3.09764
640 200 0.00462894 1.21356 2.78516 3.09815
640 220 0.00517478 1.20239 2.7768 3.08079
640 240 0.00518101 1.17378 2.77638 3.05347
640 260 0.00506423 1.19002 2.77448 3.06696
640 280 0.00577909 1.17549 2.78199 3.05452
640 300 0.00454046 1.14986 2.77913 3.02898
640 320 0.0052978 1.13505 2.79309 3.01673
640 340 0.00465017 1.17686 2.78079 3.05541
640 360 0.00603036 1.1608 2.77291 3.03513
640 380 0.00427504 1.15209 2.78459 3.03165
640 400 0.00321336 1.24085 2.79804 3.13233
640 420 0.00359557 1.30681 2.84635 3.21993
660 200 0.00614007 1.15105 2.78622 3.03084
660 220 0.00631701 1.19738 2.77531 3.07457
660 240 0.00513501 1.13749 2.78958 3.01693
660 260 0.00472449 1.18598 2.77601 3.06359
660 280 0.00553533 1.17406 2.77632 3.05372
660 300 0.00571185 1.15708 2.77298 3.03373
660 320 0.0055066 1.25798 2.80782 3.1503
660 340 0.00463602 1.14565 2.78671 3.02444
660 360 0.00473864 1.26293 2.81033 3.15886
660 380 0.00527656 1.17925 2.77949 3.05916
660 400 0.00565212 1.17041 2.77617 3.04965
660 420 0.00611614 1.14548 2.78702 3.02425
660 440 0.00525533 1.19476 2.77407 3.07083
680 200 0.0069863 1.16266 2.77268 3.03813
680 220 0.00525533 1.17318 2.77564 3.05264
680 240 0.0054327 1.19795 2.77541 3.07465
680 260 0.00577909 1.19928 2.77609 3.07656
680 280 0.00454046 1.19835 2.7753 3.07452
680 300 0.00535088 1.13902 2.78053 3.01859
680 320 0.00765119 1.14861 2.77917 3.02679
680 340 0.00500449 1.17252 2.77502 3.05169
680 360 0.00498283 1.18399 2.77724 3.0635
680 380 0.00503323 1.14304 2.78625 3.02219
680 400 0.00428962 1.21141 2.78373 3.09424
680 420 0.00541812 1.15787 2.77398 3.03365
680 440 0.00431043 1.18619 2.77593 3.06367
680 460 0.00490144 1.15281 2.78493 3.03121
700 200 0.00688367 1.16889 2.77556 3.04746
700 220 0.00609448 1.18161 2.77727 3.05947
700 240 0.00505715 1.19092 2.77499 3.06781
700 260 0.00614757 1.16004 2.77353 3.03497
700 280 0.00695756 1.15791 2.77375 3.03363
700 300 0.00578617 1.13247 2.79467 3.01427
700 320 0.00599851 1.12843 2.79097 3.00658
700 340 0.0056977 1.15968 2.77263 3.03426
700 360 0.00510004 1.21514 2.78686 3.10069
700 380 0.00535796 1.13855 2.78805 3.01696
700 400 0.00544643 1.17005 2.78277 3.04909
700 420 0.00434228 1.20476 2.7796 3.08468
700 440 0.00560215 1.16652 2.77375 3.04319
700 460 0.00437059 1.18061 2.77797 3.05965
700 480 0.00606575 1.21015 2.78389 3.0927
720 200 0.0065227 1.19012 2.77471 3.06671
720 220 0.0067952 1.13845 2.78063 3.0165
720 240 0.00652227 1.14393 2.78663 3.02271
720 260 0.00680185 1.18161 2.77727 3.05947
720 280 0.00577909 1.18504 2.77786 3.06455
720 300 0.00506423 1.17881 2.78016 3.05832
720 320 0.00554906 1.1259 2.79136 3.00567
720 340 0.0054252 1.15598 2.77364 3.03186
720 360 0.00583572 1.18121 2.76999 3.0587
720 380 0.00606575 1.12534 2.79174 3.00611
720 400 0.00518851 1.19523 2.77377 3.07162
720 420 0.00695091 1.17833 2.7802 3.05717
720 440 0.00613299 1.13802 2.78862 3.01666
720 460 0.00474572 1.16171 2.77313 3.03626
720 480 0.00438475 1.22336 2.78919 3.11079
720 500 0.00501822 1.11425 2.79047 2.99936
740 200 0.00595604 1.21075 2.78283 3.09379
740 220 0.00526949 1.1762 2.78126 3.05429
740 240 0.00604494 1.15072 2.78655 3.0296
740 260 0.00680227 1.14506 2.78654 3.02385
740 280 0.00574017 1.14793 2.77807 3.02529
740 300 0.00517436 1.16165 2.77288 3.03575
740 320 0.00711328 1.1502 2.77959 3.02951
740 340 0.00490894 1.16884 2.77559 3.04701
740 360 0.00649396 1.13041 2.7929 3.0105
740 380 0.00546101 1.13894 2.78024 3.01836
740 400 0.00628559 1.14746 2.77773 3.0252
740 420 0.00366281 1.17873 2.77994 3.05814
740 440 0.00607283 1.15746 2.77348 3.03323
740 460 0.00507838 1.16999 2.77634 3.0485
740 480 0.0054252 1.18791 2.77412 3.06352
740 500 0.00475988 1.12594 2.79136 3.00547
740 520 0.00439183 1.13073 2.7929 3.01085
760 200 0.00672838 1.13543 2.79356 3.01753
760 220 0.00680935 1.16607 2.77328 3.04245
760 240 0.00685536 1.18819 2.77433 3.06372
760 260 0.00588172 1.16036 2.77401 3.03498
760 280 0.00614007 1.24457 2.80089 3.13616
760 300 0.00725837 1.17409 2.77637 3.05382
760 320 0.00579325 1.14655 2.78647 3.02333
760 340 0.00658243 1.15049 2.7868 3.02923
760 360 0.00508546 1.15411 2.78332 3.03197
760 380 0.00759811 1.14315 2.7866 3.02262
760 400 0.00678769 1.11355 2.79105 2.9993
760 420 0.00546809 1.16623 2.77862 3.04286
760 440 0.00560922 1.19721 2.77504 3.07429
760 460 0.00552825 1.15188 2.78476 3.03103
760 480 0.00569062 1.14125 2.78478 3.01958
760 500 0.00575475 1.22558 2.79055 3.11625
760 520 0.00492267 1.11607 2.79119 3.00076
760 540 0.00498283 1.18081 2.77022 3.05888
780 200 0.00714866 1.15595 2.77372 3.03204
780 220 0.00553491 1.1352 2.79355 3.01711
780 240 0.00712743 1.16258 2.77256 3.03807
780 260 0.00666383 1.1656 2.77296 3.04149
780 280 0.00626393 1.15643 2.77296 3.03234
780 300 0.00571185 1.15448 2.77646 3.03155
780 320 0.00667091 1.12529 2.79184 3.00591
780 340 0.00614714 1.13645 2.79242 3.01669
780 360 0.00782814 1.16396 2.77839 3.03985
780 380 0.00792369 1.17654 2.78048 3.05517
780 400 0.00570605 1.17581 2.78165 3.05422
780 420 0.00678061 1.16747 2.77372 3.04474
780 440 0.00706019 1.16014 2.7741 3.03534
780 460 0.00669214 1.12927 2.79105 3.0077
780 480 0.00615422 1.13787 2.78903 3.01709
780 500 0.00590296 1.10764 2.78977 2.99499
780 520 0.00570478 1.15334 2.78389 3.03142
780 540 0.00562338 1.13262 2.79439 3.01462
780 560 0.00383268 1.20532 2.78039 3.08667
800 200 0.00552783 1.17674 2.78135 3.05512
800 220 0.00740078 1.1644 2.7781 3.04037
800 240 0.00698587 1.14717 2.7789 3.02493
800 260 0.00840145 1.13753 2.78958 3.01692
800 280 0.00720883 1.17592 2.78145 3.05475
800 300 0.00666425 1.19088 2.77524 3.06775
800 320 0.00631744 1.13993 2.78097 3.01825
800 340 0.00796616 1.13963 2.78027 3.01778
800 360 0.00739993 1.16252 2.77269 3.03839
800 380 0.00686201 1.17774 2.77977 3.05602
800 400 0.00666383 1.14126 2.78461 3.01953
800 420 0.00713451 1.12898 2.79093 3.00695
800 440 0.00650854 1.12162 2.79003 3.00352
800 460 0.00651519 1.11959 2.78956 3.00269
800 480 0.00563046 1.18251 2.77674 3.06077
800 500 0.00582864 1.13576 2.79314 3.01716
800 520 0.00634532 1.14282 2.77969 3.02118
800 540 0.00578702 1.16376 2.77349 3.03942
800 560 0.00465017 1.11643 2.79074 3.00136
800 580 0.00579367 1.18825 2.77485 3.06405
820 200 0.00445907 1.17668 2.78084 3.05516
820 220 0.00678812 1.17054 2.78236 3.04999
820 240 0.0064338 1.17177 2.77542 3.05107
820 260 0.00697172 1.17287 2.77526 3.05188
820 280 0.00625685 1.12161 2.78995 3.00343
820 300 0.00619669 1.17391 2.77623 3.0531
820 320 0.00759103 1.13809 2.78863 3.01696
820 340 0.00595689 1.13609 2.79273 3.01577
820 360 0.00804048 1.14498 2.78663 3.02386
820 380 0.00625685 1.15419 2.77681 3.03149
820 400 0.0062502 1.14134 2.78447 3.01932
820 420 0.00802675 1.11683 2.78993 3.001
820 440 0.00693633 1.174 2.77621 3.05338
820 460 0.00671337 1.14786 2.77794 3.02552
820 480 0.00694383 1.12936 2.79131 3.00739
820 500 0.00676646 1.14092 2.78532 3.01871
820 520 0.00552783 1.16397 2.77852 3.03987
820 540 0.00659701 1.12055 2.78933 3.00265
820 560 0.00579367 1.14078 2.77973 3.01852
820 580 0.00629224 1.14452 2.78687 3.02264
820 600 0.00531549 1.14537 2.7873 3.02449
840 200 0.00706727 1.14409 2.78693 3.02264
840 220 0.00725922 1.15864 2.77394 3.03398
840 240 0.00831298 1.13542 2.79362 3.01752
840 260 0.00614007 1.1605 2.77385 3.03502
840 280 0.0058888 1.11785 2.78968 3.00153
840 300 0.00607325 1.13061 2.79297 3.01078
840 320 0.00639176 1.14702 2.77977 3.02465
840 340 0.0073787 1.20776 2.78268 3.08741
840 360 0.00720175 1.13795 2.78875 3.01685
840 380 0.00749548 1.13236 2.79476 3.01405
840 400 0.00706769 1.12277 2.78878 3.00243
840 420 0.00751671 1.12258 2.78923 3.00227
840 440 0.00730438 1.1402 2.78061 3.0185
840 460 0.00678769 1.12368 2.79047 3.00428
840 480 0.0073787 1.11694 2.7896 3.00092
840 500 0.00604451 1.16594 2.77356 3.04222
840 520 0.00746009 1.19715 2.77504 3.0743
840 540 0.00615422 1.1371 2.79145 3.01748
840 560 0.00563088 1.19723 2.77503 3.0745
840 580 0.00488728 1.12448 2.79166 3.00607
840 600 0.00487312 1.13831 2.78106 3.01668
840 620 0.00499699 1.15213 2.78438 3.03158
860 200 0.00714159 1.1505 2.78039 3.02921
860 220 0.0074884 1.1511 2.78612 3.03093
860 240 0.00546101 1.14714 2.77897 3.02468
860 260 0.00675938 1.13965 2.78021 3.01764
860 280 0.0064338 1.1562 2.77315 3.03198
860 300 0.00869603 1.14431 2.78718 3.02249
860 320 0.00712035 1.16708 2.77279 3.04352
860 340 0.00739993 1.16448 2.77797 3.04028
860 360 0.00774052 1.12427 2.79093 3.00552
860 380 0.00535796 1.15106 2.78626 3.03079
860 400 0.0075773 1.18965 2.77506 3.06614
860 420 0.00773967 1.12446 2.79159 3.00607
860 440 0.0063701 1.19828 2.77538 3.07434
860 460 0.00517393 1.09644 2.79364 2.98733
860 480 0.00576494 1.12427 2.79093 3.00552
860 500 0.00634532 1.11522 2.79187 3.00061
860 520 0.00823158 1.13244 2.79464 3.01439
860 540 0.00630328 1.135 2.79303 3.01649
860 560 0.00631744 1.14637 2.78634 3.02382
860 580 0.00603786 1.14019 2.78069 3.01839
860 600 0.00491559 1.16866 2.77464 3.04693
860 620 0.00507131 1.1338 2.79346 3.01518
860 640 0.00571185 1.12483 2.79175 3.00595
880 200 0.00658951 1.15219 2.78462 3.03117
880 220 0.00624977 1.14609 2.78598 3.02366
880 240 0.00641964 1.13467 2.7932 3.01609
880 260 0.0058888 1.1308 2.79281 3.01105
880 280 0.00627808 1.14226 2.77978 3.02136
880 300 0.00783564 1.11922 2.79015 3.00225
880 320 0.0064413 1.15538 2.77458 3.03248
880 340 0.00788477 1.19728 2.77483 3.0747
880 360 0.00684785 1.11222 2.79005 2.99659
880 380 0.00694341 1.15971 2.77265 3.03447
880 400 0.00815769 1.13386 2.7934 3.01519
880 420 0.00783522 1.14096 2.78526 3.01869
880 440 0.0091309 1.11631 2.79083 3.00102
880 460 0.00677354 1.13783 2.78888 3.01678
880 480 0.00670672 1.12212 2.7895 3.00361
880 500 0.00770116 1.13459 2.79344 3.01646
880 520 0.00712035 1.15148 2.78565 3.03134
880 540 0.00723006 1.11066 2.78904 2.99689
880 560 0.00606575 1.15311 2.78402 3.03105
880 580 0.00677354 1.10513 2.79192 2.99386
880 600 0.00755564 1.12353 2.78983 3.00466
880 620 0.00599893 1.14727 2.77877 3.02492
880 640 0.00688324 1.16495 2.77241 3.04065
880 660 0.00565212 1.25226 2.80301 3.14514
900 200 0.00791308 1.13286 2.79476 3.0142
900 220 0.00686951 1.12545 2.79165 3.00628
900 240 0.00739993 1.1166 2.79057 3.00154
900 260 0.00713451 1.15791 2.77375 3.03363
900 280 0.00705354 1.17448 2.77617 3.05396
900 300 0.00810064 1.13862 2.78839 3.01715
900 320 0.00805463 1.1456 2.78678 3.02448
900 340 0.00692925 1.13653 2.79222 3.01655
900 360 0.00734685 1.14029 2.7804 3.01852
900 380 0.0072159 1.14838 2.77928 3.02662
900 400 0.00712078 1.15019 2.77979 3.02965
900 420 0.0067063 1.15213 2.78438 3.03158
900 440 0.00786353 1.13256 2.79429 3.01445
900 460 0.00792369 1.1144 2.79096 2.99935
900 480 0.0077149 1.15913 2.77254 3.03307
900 500 0.00651519 1.16191 2.77246 3.03627
900 520 0.00773259 1.11199 2.78918 2.99634
900 540 0.0058888 1.16709 2.77289 3.04358
900 560 0.00544643 1.11274 2.79009 2.99694
900 580 0.00661117 1.11568 2.79151 3.00015
900 600 0.00849077 1.12129 2.78989 3.00261
900 620 0.00576494 1.12025 2.78968 3.00262
900 640 0.00658951 1.14865 2.77897 3.02702
900 660 0.00644088 1.1752 2.78172 3.05439
900 680 0.00526241 1.1219 2.78957 3.00327
920 200 0.00801217 1.1542 2.77681 3.03144
920 220 0.00720883 1.17153 2.77568 3.05111
920 240 0.00731853 1.17524 2.78217 3.05479
920 260 0.00794535 1.13345 2.79456 3.01529
920 280 0.00739285 1.15721 2.77291 3.03329
920 300 0.00829882 1.12592 2.79131 3.00554
920 320 0.0060799 1.18645 2.7759 3.06403
920 340 0.0067952 1.15215 2.78445 3.03145
920 360 0.00689825 1.12386 2.79061 3.00486
920 380 0.00632409 1.14007 2.78081 3.01818
920 400 0.00865272 1.14395 2.78669 3.02246
920 420 0.00697172 1.13288 2.79475 3.01431
920 440 0.00693633 1.12517 2.79218 3.0056
920 460 0.00571936 1.15533 2.77483 3.03252
920 480 0.00838729 1.12145 2.79022 3.00298
920 500 0.0083059 1.1334 2.79474 3.01517
920 520 0.00731853 1.11758 2.78937 3.00138
920 540 0.00759103 1.14932 2.77951 3.02862
920 560 0.00642672 1.13552 2.79327 3.01751
920 580 0.0069788 1.12116 2.79059 3.003
920 600 0.00731146 1.13481 2.79309 3.0161
920 620 0.00739285 1.10846 2.78951 2.99455
920 640 0.00535796 1.14568 2.78688 3.0245
920 660 0.00669964 1.10601 2.79007 2.99421
920 680 0.00838022 1.14376 2.78651 3.02263
920 700 0.00457585 1.17781 2.77961 3.05615
940 200 0.00681685 1.17045 2.77612 3.04968
940 220 0.00686909 1.13088 2.79294 3.01092
940 240 0.00666383 1.13788 2.78895 3.01692
940 260 0.00615422 1.14594 2.7859 3.0236
940 280 0.00739328 1.16608 2.77328 3.04234
940 300 0.00642757 1.1699 2.77618 3.04831
940 320 0.00758438 1.12081 2.78931 3.00258
940 340 0.00774009 1.13597 2.79262 3.01628
940 360 0.00509962 1.17149 2.7757 3.05118
940 380 0.00737162 1.14124 2.78463 3.01939
940 400 0.00793077 1.1475 2.77766 3.02511
940 420 0.00695756 1.12215 2.7895 3.00346
940 440 0.00712743 1.1434 2.78647 3.02227
940 460 0.00863148 1.13058 2.79298 3.0106
940 480 0.00910216 1.173 2.77575 3.05241
940 500 0.00792412 1.12272 2.78907 3.00263
940 520 0.00713451 1.13141 2.79407 3.01223
940 540 0.00760519 1.13275 2.79496 3.01477
940 560 0.0080334 1.12976 2.7923 3.00833
940 580 0.0086673 1.12334 2.78998 3.00412
940 600 0.00855051 1.13873 2.78107 3.01745
940 620 0.00588172 1.16742 2.77328 3.04473
940 640 0.00549952 1.12887 2.79047 3.007
940 660 0.00623562 1.1213 2.78992 3.00248
940 680 0.00552825 1.13088 2.79294 3.01092
940 700 0.0061613 1.12286 2.78898 3.0029
940 720 0.00742867 1.12658 2.79131 3.00472
960 200 0.00631701 1.16548 2.77296 3.04124
960 220 0.0077684 1.13905 2.78091 3.01874
960 240 0.00669922 1.15555 2.77423 3.03229
960 260 0.00802632 1.13488 2.79271 3.01583
960 280 0.00558799 1.16695 2.77328 3.04392
960 300 0.00652227 1.151 2.78647 3.03099
960 320 0.00730438 1.14057 2.78024 3.01822
960 340 0.0082245 1.15288 2.78488 3.03101
960 360 0.00632409 1.14148 2.77862 3.01973
960 380 0.00805506 1.13682 2.7916 3.0169
960 400 0.0072973 1.12619 2.79179 3.00558
960 420 0.00865979 1.13026 2.79246 3.01028
960 440 0.00818246 1.1428 2.78617 3.02131
960 460 0.00794493 1.13291 2.79446 3.01415
960 480 0.00760519 1.15258 2.78489 3.03115
960 500 0.00572728 1.13678 2.79163 3.01679
960 520 0.00632494 1.14487 2.78686 3.02351
960 540 0.00863898 1.13592 2.79259 3.0164
960 560 0.00696464 1.11583 2.79123 3.00059
960 580 0.00871288 1.12324 2.78972 3.00357
960 600 0.00691906 1.15081 2.78687 3.03043
960 620 0.00650854 1.13536 2.79356 3.0174
960 640 0.00794493 1.10942 2.78911 2.9958
960 660 0.00649396 1.12544 2.79184 3.00633
960 680 0.00739328 1.116 2.7913 3.00081
960 700 0.00654351 1.1626 2.7728 3.03804
960 720 0.00639841 1.18942 2.77529 3.06649
960 740 0.00527656 1.13386 2.7934 3.01519
980 200 0.00687702 1.15235 2.78528 3.03165
980 220 0.00855716 1.15156 2.7856 3.03124
980 240 0.00757688 1.18899 2.77476 3.06584
980 260 0.00608698 1.13033 2.7924 3.01039
980 280 0.00782814 1.13887 2.7804 3.01807
980 300 0.00685536 1.13627 2.79234 3.01582
980 320 0.00644795 1.14225 2.77989 3.02151
980 340 0.00721675 1.18262 2.77644 3.06079
980 360 0.00694341 1.13164 2.79384 3.01237
980 380 0.00750256 1.13148 2.79374 3.01228
980 400 0.00676646 1.14129 2.78454 3.01935
980 420 0.00748133 1.14079 2.77976 3.01829
980 440 0.00880178 1.15857 2.77382 3.03364
980 460 0.0086244 1.13639 2.79258 3.01644
980 480 0.00722298 1.15919 2.77271 3.03329
980 500 0.00801217 1.17103 2.77546 3.04991
980 520 0.00883674 1.13608 2.7928 3.01577
980 540 0.00766535 1.12643 2.79157 3.00478
980 560 0.00787103 1.10387 2.7914 2.99322
980 580 0.00605867 1.12126 2.79014 3.00265
980 600 0.00792369 1.11734 2.78956 3.0013
980 620 0.00832006 1.13139 2.79399 3.01201
980 640 0.00706104 1.11549 2.79209 3.00052
980 660 0.00537919 1.11929 2.79021 3.00251
980 680 0.00804798 1.11549 2.79209 3.00052
980 700 0.00606575 1.22482 2.78998 3.11469
980 720 0.00605202 1.21034 2.78311 3.09294
980 740 0.00558799 1.17973 2.77776 3.05841
980 760 0.00462186 1.14313 2.78645 3.02263
