1000 140 0.00919191 1.12359 7.52341 6.06267
1000 160 0.00775425 1.14645 7.60955 6.11266
1000 180 0.00749591 1.13545 7.57579 6.09113
1000 200 0.0074884 1.13771 7.58182 6.09224
1000 220 0.00770909 1.13582 7.57656 6.08984
1000 240 0.00795908 1.14696 7.61153 6.11175
1000 260 0.00835191 1.12442 7.52802 6.06411
1000 280 0.00942067 1.13212 7.55618 6.08069
1000 300 0.0082245 1.13493 7.56871 6.08908
1000 320 0.00851824 1.11834 7.50835 6.05141
1000 340 0.00845496 1.11948 7.51097 6.05464
1000 360 0.00818204 1.1184 7.509 6.0511
1000 380 0.00848285 1.12454 7.528 6.06415
1000 400 0.00828509 1.1469 7.61125 6.11025
1000 420 0.00925165 1.11813 7.50732 6.05098
1000 440 0.00962593 1.12667 7.53721 6.06936
1000 460 0.00924372 1.12766 7.53813 6.07216
1000 480 0.00874869 1.1131 7.49863 6.04367
1000 500 0.00917648 1.11241 7.49593 6.04325
1000 520 0.0101289 1.12104 7.51727 6.0591
1000 540 0.00911632 1.12081 7.5179 6.05851
1000 560 0.0087058 1.12364 7.52303 6.06255
1000 580 0.00876242 1.11051 7.48891 6.03665
1000 600 0.0099869 1.12052 7.51613 6.05726
1000 620 0.00723048 1.10232 7.46737 6.01716
1000 640 0.0106062 1.10025 7.46073 6.01579
1000 660 0.00982453 1.09431 7.44507 6.01423
1000 680 0.00881593 1.11729 7.50411 6.05096
1000 700 0.0096834 1.11442 7.50413 6.04892
1000 720 0.00818911 1.10454 7.47296 6.02361
1000 740 0.00767951 1.11224 7.49502 6.04205
1000 760 0.00650812 1.10209 7.46649 6.01654
1000 780 0.00729022 1.10102 7.46214 6.0169
360 140 0.00348586 1.15238 7.63671 6.12174
380 140 0.0056163 1.15603 7.65611 6.13193
380 160 0.00421488 1.13948 7.58933 6.09163
400 140 0.00348586 1.17641 7.72993 6.17743
400 160 0.00416534 1.20854 7.85896 6.28489
400 180 0.00444491 1.11525 7.50277 6.04858
420 140 0.00543228 1.09983 7.45957 6.01453
420 160 0.00473864 1.15861 7.66815 6.13964
420 180 0.00499699 1.13884 7.58834 6.09218
420 200 0.00471033 1.17314 7.71826 6.17155
440 140 0.00660367 1.12918 7.54358 6.07543
440 160 0.00528364 1.1373 7.58112 6.09086
440 180 0.00487312 1.18432 7.76023 6.20346
440 200 0.0062427 1.20324 7.83169 6.26416
440 220 0.00472449 1.1423 7.59693 6.09738
460 140 0.00579325 1.15196 7.63588 6.12151
460 160 0.00490144 1.1722 7.71349 6.1692
460 180 0.00559507 1.12206 7.51983 6.0632
460 200 0.00675938 1.12578 7.53329 6.06695
460 220 0.00659659 1.13941 7.58918 6.09187
460 240 0.00444491 1.12859 7.54198 6.07473
480 140 0.00512085 1.12692 7.53705 6.06978
480 160 0.00754856 1.18163 7.75235 6.19272
480 180 0.00640591 1.16629 7.69571 6.15777
480 200 0.00586049 1.14294 7.5975 6.10095
480 220 0.00549952 1.09933 7.45693 6.01305
480 240 0.00533673 1.12011 7.51407 6.05644
480 260 0.00558799 1.12751 7.53853 6.07151
500 140 0.0073787 1.1208 7.51766 6.05823
500 160 0.0062502 1.14902 7.62435 6.11777
500 180 0.00695048 1.17759 7.73339 6.17917
500 200 0.00569062 1.11365 7.50132 6.04539
500 220 0.00598478 1.11236 7.49647 6.04278
500 240 0.00658951 1.13172 7.55399 6.07872
500 260 0.00481296 1.10526 7.47442 6.02268
500 280 0.00490851 1.13767 7.58201 6.09162
520 140 0.00755564 1.11702 7.50346 6.05137
520 160 0.00828509 1.11029 7.48782 6.03584
520 180 0.00624977 1.16427 7.68949 6.14922
520 200 0.00779091 1.09902 7.45631 6.01366
520 220 0.00676688 1.14084 7.59249 6.09509
520 240 0.00572601 1.15411 7.6475 6.12767
520 260 0.00767243 1.14602 7.60922 6.10927
520 280 0.00515978 1.12085 7.51749 6.05888
520 300 0.00544643 1.16941 7.7027 6.16228
540 140 0.00715574 1.13221 7.55631 6.0814
540 160 0.00865314 1.13716 7.58129 6.09162
540 180 0.00871996 1.10845 7.4838 6.0308
540 200 0.00658994 1.12195 7.51913 6.06311
540 220 0.00731853 1.14187 7.59573 6.09575
540 240 0.00733311 1.10616 7.4784 6.02528
540 260 0.00712078 1.12139 7.51734 6.05938
540 280 0.00749548 1.12049 7.51579 6.05699
540 300 0.00605202 1.11477 7.50322 6.04947
540 320 0.00517393 1.16275 7.68417 6.14865
560 140 0.00785645 1.13125 7.55162 6.07782
560 160 0.00980995 1.11417 7.50299 6.0482
560 180 0.00785645 1.11333 7.50023 6.04341
560 200 0.00649396 1.15097 7.63098 6.12035
560 220 0.00678061 1.11298 7.49845 6.04267
560 240 0.00671337 1.1379 7.58389 6.08993
560 260 0.00763704 1.14796 7.61746 6.11387
560 280 0.00739285 1.10292 7.46855 6.01968
560 300 0.00722341 1.11211 7.49357 6.0411
560 320 0.00518101 1.17603 7.7275 6.17843
560 340 0.0064413 1.14955 7.62644 6.11943
580 140 0.00927203 1.11809 7.50756 6.05057
580 160 0.00810064 1.11004 7.48811 6.03609
580 180 0.00661782 1.14123 7.5926 6.09537
580 200 0.00765162 1.10611 7.47815 6.02471
580 220 0.00749548 1.12292 7.52057 6.06461
580 240 0.00755564 1.10792 7.48286 6.02825
580 260 0.00694341 1.10934 7.4858 6.03258
580 280 0.0058888 1.10609 7.47803 6.02476
580 300 0.00570478 1.11117 7.49108 6.03792
580 320 0.00758395 1.12854 7.54156 6.07417
580 340 0.00684078 1.13491 7.56855 6.08916
580 360 0.00641964 1.13135 7.55229 6.07831
600 140 0.00812938 1.10685 7.47978 6.02679
600 160 0.00731146 1.13105 7.54866 6.07765
600 180 0.00731188 1.11022 7.48745 6.03475
600 200 0.00890398 1.11031 7.48782 6.0356
600 220 0.00909508 1.11371 7.50162 6.04623
600 240 0.00688324 1.15111 7.63171 6.12021
600 260 0.00657536 1.09604 7.44879 6.01305
600 280 0.0071849 1.09523 7.44826 6.01368
600 300 0.00729022 1.09215 7.43771 6.00989
600 320 0.00706019 1.1255 7.53244 6.06606
600 340 0.00722298 1.10557 7.4752 6.02399
600 360 0.00666029 1.10858 7.48358 6.03047
600 380 0.00552118 1.1165 7.50212 6.05064
620 140 0.00881551 1.11413 7.50327 6.04886
620 160 0.0091309 1.11671 7.50364 6.05062
620 180 0.0075698 1.11056 7.48918 6.0368
620 200 0.00829882 1.12244 7.521 6.06498
620 220 0.00973563 1.11608 7.50174 6.05086
620 240 0.00804798 1.14458 7.60242 6.10405
620 260 0.00732561 1.11782 7.50629 6.04985
620 280 0.00719863 1.1082 7.48369 6.03011
620 300 0.00821035 1.1011 7.46241 6.01693
620 320 0.00688324 1.09819 7.45469 6.01533
620 340 0.00575078 1.13127 7.55183 6.07783
620 360 0.00667133 1.11804 7.5071 6.05011
620 380 0.00718051 1.13008 7.54656 6.07734
620 400 0.00641256 1.12008 7.51378 6.05625
640 140 0.00843061 1.10506 7.47408 6.02323
640 160 0.00908801 1.1331 7.55955 6.08627
640 180 0.00746759 1.15578 7.65476 6.13233
640 200 0.00784938 1.105 7.4736 6.02299
640 220 0.00787811 1.11882 7.51052 6.05268
640 240 0.00652935 1.1234 7.52221 6.06278
640 260 0.00872703 1.10227 7.46762 6.01716
640 280 0.00793785 1.10006 7.45954 6.01462
640 300 0.00943482 1.105 7.4736 6.02299
640 320 0.00652935 1.15465 7.65079 6.13033
640 340 0.00756315 1.10952 7.48628 6.03355
640 360 0.00766577 1.1184 7.509 6.0511
640 380 0.0059777 1.10719 7.48034 6.02785
640 400 0.00765119 1.09011 7.4313 6.00511
640 420 0.00695048 1.11373 7.50146 6.04692
660 140 0.00865314 1.12847 7.54171 6.07436
660 160 0.00874827 1.12315 7.52154 6.06485
660 180 0.00757688 1.10159 7.46402 6.01702
660 200 0.0074884 1.11222 7.49477 6.04174
660 220 0.00667799 1.0935 7.4416 6.01348
660 240 0.00849035 1.11876 7.51035 6.05267
660 260 0.00981745 1.11286 7.49789 6.04331
660 280 0.00846161 1.1058 7.47663 6.02362
660 300 0.0071137 1.10249 7.46751 6.01789
660 320 0.0075698 1.12261 7.5217 6.0644
660 340 0.0072026 1.11504 7.5018 6.04872
660 360 0.00830632 1.13282 7.55875 6.0843
660 380 0.00751671 1.09678 7.44988 6.01415
660 400 0.00802675 1.16801 7.70014 6.16285
660 420 0.00703896 1.13298 7.55913 6.08579
660 440 0.00871996 1.14855 7.62098 6.11671
680 140 0.00976395 1.12129 7.51772 6.05856
680 160 0.00845453 1.10897 7.4838 6.03197
680 180 0.00846161 1.12173 7.51795 6.06206
680 200 0.00863856 1.12253 7.52137 6.06488
680 220 0.00758438 1.11496 7.50173 6.04883
680 240 0.00720217 1.15202 7.63621 6.12163
680 260 0.00773967 1.11376 7.50144 6.04666
680 280 0.00924811 1.10721 7.48072 6.02786
680 300 0.00864606 1.09578 7.44922 6.01355
680 320 0.00774675 1.10886 7.4834 6.03124
680 340 0.0087058 1.10473 7.4727 6.0235
680 360 0.00784938 1.1025 7.46739 6.01776
680 380 0.00856424 1.12187 7.51882 6.06243
680 400 0.00738577 1.11425 7.50357 6.04832
680 420 0.00740743 1.11553 7.50293 6.04987
680 440 0.00649396 1.13901 7.58834 6.09165
680 460 0.00579325 1.14983 7.62796 6.11926
700 140 0.00930034 1.13287 7.55905 6.08514
700 160 0.00846869 1.14074 7.59217 6.09463
700 180 0.00845453 1.12777 7.53882 6.07193
700 200 0.00821785 1.13926 7.58857 6.09189
700 220 0.0104085 1.10951 7.4863 6.03346
700 240 0.00791662 1.10762 7.48079 6.02833
700 260 0.00793785 1.1138 7.50214 6.04676
700 280 0.00728357 1.11437 7.50421 6.0488
700 300 0.00714951 1.13842 7.5854 6.09058
700 320 0.00695048 1.1205 7.51582 6.05694
700 340 0.00695048 1.13891 7.58852 6.09208
700 360 0.00810772 1.10729 7.48073 6.02737
700 380 0.00714909 1.09911 7.45644 6.0141
700 400 0.00675938 1.09432 7.44516 6.0142
700 420 0.00774675 1.10501 7.47369 6.02296
700 440 0.00634575 1.11157 7.4913 6.03851
700 460 0.0063524 1.08647 7.42122 5.99748
700 480 0.00652227 1.1025 7.46739 6.01776
720 140 0.00829925 1.12583 7.53352 6.06628
720 160 0.00893937 1.10914 7.48438 6.03194
720 180 0.00976394 1.11928 7.51123 6.05344
720 200 0.00784938 1.14361 7.59891 6.10485
720 220 0.00757688 1.11122 7.49098 6.03833
720 240 0.00839437 1.1202 7.51373 6.05644
720 260 0.00994174 1.12085 7.51749 6.05888
720 280 0.00882258 1.11348 7.50081 6.04397
720 300 0.00720883 1.12492 7.52918 6.06591
720 320 0.00810772 1.12189 7.51899 6.06294
720 340 0.00751714 1.10679 7.47925 6.02611
720 360 0.00712743 1.10168 7.46423 6.01743
720 380 0.00838022 1.10211 7.46647 6.01693
720 400 0.00855759 1.11379 7.50189 6.04713
720 420 0.00712035 1.10539 7.47384 6.02276
720 440 0.00819619 1.09471 7.4469 6.01317
720 460 0.00586757 1.09406 7.44437 6.01477
720 480 0.00758395 1.12005 7.51368 6.05628
720 500 0.00623562 1.16533 7.69121 6.15328
740 140 0.0104293 1.11967 7.51147 6.05454
740 160 0.00994089 1.12171 7.51818 6.06228
740 180 0.00925476 1.11859 7.50949 6.05172
740 200 0.00778921 1.13063 7.54883 6.07717
740 220 0.00911674 1.11926 7.51119 6.05351
740 240 0.00975772 1.1411 7.59194 6.09585
740 260 0.00770074 1.10409 7.47098 6.02202
740 280 0.0091234 1.11682 7.5037 6.05098
740 300 0.00838022 1.11544 7.50334 6.04945
740 320 0.00812895 1.13217 7.55654 6.08126
740 340 0.00791662 1.12548 7.53228 6.0664
740 360 0.00724464 1.14284 7.59678 6.10025
740 380 0.0091234 1.11773 7.50608 6.0505
740 400 0.00712078 1.12516 7.53063 6.06616
740 420 0.00856424 1.0985 7.45487 6.01494
740 440 0.00889733 1.10609 7.47803 6.02476
740 460 0.00689782 1.12495 7.52944 6.06578
740 480 0.00746009 1.11758 7.50526 6.05039
740 500 0.00805506 1.1033 7.46875 6.02219
740 520 0.00682662 1.17711 7.73197 6.17817
760 140 0.00838064 1.1246 7.52815 6.06473
760 160 0.00910924 1.12594 7.53445 6.06612
760 180 0.00801924 1.13522 7.57426 6.08992
760 200 0.00818911 1.1343 7.56361 6.08789
760 220 0.00953038 1.12214 7.52058 6.06363
760 240 0.00850408 1.11813 7.50732 6.05098
760 260 0.00786353 1.12043 7.51461 6.05766
760 280 0.00847662 1.1332 7.56022 6.08616
760 300 0.00876993 1.12021 7.51388 6.05649
760 320 0.00930034 1.12598 7.53431 6.06674
760 340 0.0075698 1.10965 7.48732 6.03362
760 360 0.00882966 1.10424 7.47126 6.02248
760 380 0.0067523 1.11986 7.51273 6.05424
760 400 0.0106279 1.10034 7.46017 6.01594
760 420 0.0085784 1.12914 7.54359 6.07584
760 440 0.00869872 1.13225 7.55622 6.08172
760 460 0.00891814 1.12599 7.53447 6.06676
760 480 0.00821077 1.12571 7.53245 6.06579
760 500 0.00678104 1.15613 7.65635 6.13203
760 520 0.00648023 1.11898 7.51004 6.05284
760 540 0.00723006 1.09267 7.43845 6.01108
780 140 0.00930785 1.13701 7.58098 6.09121
780 160 0.00892522 1.13728 7.5811 6.09112
780 180 0.00979622 1.11556 7.50233 6.04985
780 200 0.00765827 1.13988 7.58889 6.09355
780 220 0.0109004 1.1323 7.55596 6.08168
780 240 0.0103196 1.12365 7.52305 6.06248
780 260 0.00965466 1.11886 7.51037 6.05282
780 280 0.00908093 1.12486 7.52857 6.06585
780 300 0.00757688 1.13557 7.57632 6.09107
780 320 0.00759146 1.11764 7.50529 6.05052
780 340 0.00927953 1.13904 7.58843 6.09203
780 360 0.0100011 1.11629 7.50207 6.05147
780 380 0.00917648 1.11736 7.5042 6.05002
780 400 0.0106274 1.11799 7.50646 6.04995
780 420 0.00803425 1.10009 7.45973 6.01463
780 440 0.0101638 1.1186 7.50943 6.05197
780 460 0.00951622 1.10714 7.48048 6.02769
780 480 0.00901454 1.09847 7.45513 6.01517
780 500 0.00739993 1.10343 7.46944 6.02327
780 520 0.00669214 1.13096 7.54904 6.0767
780 540 0.00710662 1.14019 7.59041 6.09303
780 560 0.00847577 1.12633 7.53608 6.06676
800 140 0.00959761 1.11612 7.50225 6.05111
800 160 0.00838022 1.13016 7.54663 6.07709
800 180 0.0106066 1.11748 7.50483 6.05053
800 200 0.00855716 1.13681 7.58073 6.08977
800 220 0.00775467 1.11851 7.50852 6.05102
800 240 0.0087695 1.12825 7.53985 6.07435
800 260 0.0101108 1.12504 7.52998 6.06618
800 280 0.00863856 1.12713 7.53757 6.06991
800 300 0.00713451 1.12014 7.51399 6.05684
800 320 0.00778214 1.1129 7.49841 6.04335
800 340 0.0078423 1.11349 7.5006 6.04425
800 360 0.00883674 1.11455 7.50301 6.0489
800 380 0.00988427 1.10552 7.47479 6.0242
800 400 0.00752422 1.09891 7.45629 6.01469
800 420 0.00706019 1.12443 7.52791 6.06418
800 440 0.00863148 1.10406 7.47075 6.02235
800 460 0.00784938 1.10954 7.48637 6.0336
800 480 0.00775425 1.13225 7.55622 6.08172
800 500 0.00865272 1.11707 7.50382 6.05166
800 520 0.00733311 1.11561 7.50204 6.05021
800 540 0.00723006 1.13271 7.55808 6.08493
800 560 0.00844038 1.09569 7.44874 6.01318
800 580 0.00596312 1.10487 7.47322 6.02384
820 140 0.00849035 1.13083 7.54828 6.07724
820 160 0.00815019 1.11961 7.51127 6.05423
820 180 0.00887963 1.12619 7.53461 6.06725
820 200 0.0086673 1.12426 7.52688 6.06382
820 220 0.00802675 1.11128 7.4922 6.03871
820 240 0.00886548 1.11661 7.50287 6.05052
820 260 0.00805463 1.11431 7.50358 6.0489
820 280 0.0107902 1.1234 7.52221 6.06278
820 300 0.00860713 1.11357 7.50078 6.04475
820 320 0.00776798 1.11611 7.50192 6.05105
820 340 0.00845453 1.1144 7.50416 6.04881
820 360 0.00981745 1.11058 7.48904 6.03684
820 380 0.0112688 1.12394 7.52519 6.06468
820 400 0.00875535 1.10839 7.48429 6.03069
820 420 0.00839522 1.11228 7.49542 6.04234
820 440 0.00793785 1.13768 7.58218 6.09159
820 460 0.00816477 1.09957 7.45839 6.01443
820 480 0.00902077 1.11454 7.50308 6.04876
820 500 0.00891814 1.11583 7.50195 6.05014
820 520 0.00885132 1.12286 7.52118 6.06499
820 540 0.00757688 1.09293 7.4404 6.01202
820 560 0.00792369 1.12551 7.53246 6.0663
820 580 0.00794535 1.10376 7.47058 6.02306
820 600 0.00676646 1.14669 7.6102 6.11022
840 140 0.00846869 1.12216 7.52021 6.06405
840 160 0.00828467 1.14185 7.59528 6.09598
840 180 0.00856424 1.13425 7.56249 6.08739
840 200 0.0104576 1.12062 7.51698 6.0578
840 220 0.00751714 1.1322 7.55624 6.08134
840 240 0.00893229 1.12827 7.53999 6.07361
840 260 0.00964051 1.12719 7.53742 6.06973
840 280 0.00824616 1.12318 7.52191 6.06436
840 300 0.00887213 1.13187 7.555 6.08004
840 320 0.0097144 1.14879 7.62445 6.11624
840 340 0.00876242 1.11167 7.49166 6.03865
840 360 0.00894645 1.11827 7.50834 6.0512
840 380 0.00750256 1.12166 7.51788 6.06166
840 400 0.00817892 1.11099 7.49046 6.03736
840 420 0.00951622 1.11765 7.50564 6.05037
840 440 0.00962593 1.11194 7.49411 6.04035
840 460 0.00954495 1.10714 7.48048 6.02769
840 480 0.0100223 1.10568 7.47614 6.02402
840 500 0.00893272 1.10245 7.46699 6.01763
840 520 0.00854301 1.10981 7.48787 6.03416
840 540 0.00990593 1.10796 7.48291 6.02871
840 560 0.00760561 1.10342 7.46938 6.02312
840 580 0.00823243 1.09916 7.45648 6.01431
840 600 0.00725837 1.1204 7.5144 6.0576
840 620 0.00674523 1.10781 7.48224 6.0281
860 140 0.00892564 1.13523 7.57484 6.09028
860 160 0.00818204 1.14467 7.60243 6.10428
860 180 0.00908093 1.12926 7.54341 6.07695
860 200 0.00848992 1.12322 7.5224 6.06424
860 220 0.00876285 1.12062 7.51698 6.0578
860 240 0.00837314 1.11879 7.50996 6.05248
860 260 0.00892521 1.11552 7.50311 6.04979
860 280 0.00758395 1.13536 7.57545 6.09054
860 300 0.00834483 1.11325 7.49994 6.04343
860 320 0.00828467 1.11086 7.48902 6.03694
860 340 0.00961885 1.11119 7.49082 6.03822
860 360 0.00912382 1.11514 7.50168 6.04872
860 380 0.00852885 1.13357 7.56237 6.08687
860 400 0.00960115 1.10624 7.47877 6.02582
860 420 0.00882258 1.11612 7.50225 6.05111
860 440 0.0104293 1.1095 7.48627 6.03312
860 460 0.00991343 1.10452 7.47292 6.02384
860 480 0.00812895 1.11081 7.48907 6.0367
860 500 0.00961885 1.10449 7.47276 6.02379
860 520 0.00805591 1.11704 7.50383 6.05178
860 540 0.00835898 1.1011 7.46241 6.01693
860 560 0.0063524 1.13207 7.55645 6.08073
860 580 0.00797324 1.1136 7.50139 6.04471
860 600 0.00779006 1.12812 7.53959 6.07359
860 620 0.00725129 1.13076 7.54839 6.07717
860 640 0.00584279 1.13585 7.57273 6.09012
880 140 0.00838814 1.13981 7.58858 6.09278
880 160 0.00935343 1.13215 7.55639 6.08072
880 180 0.00933927 1.13416 7.56254 6.08666
880 200 0.00882966 1.13813 7.58499 6.09107
880 220 0.0100404 1.13949 7.58921 6.09182
880 240 0.00863856 1.12482 7.52817 6.06599
880 260 0.00928619 1.11721 7.50422 6.05066
880 280 0.00884424 1.12775 7.53871 6.07222
880 300 0.00801924 1.12876 7.54197 6.07609
880 320 0.00981703 1.13527 7.57518 6.0898
880 340 0.0106876 1.13156 7.55333 6.07885
880 360 0.00831298 1.13065 7.54851 6.07703
880 380 0.00880135 1.11902 7.51014 6.05272
880 400 0.00793785 1.10072 7.46242 6.01664
880 420 0.00967901 1.13215 7.55639 6.08072
880 440 0.00917648 1.1157 7.50218 6.0503
880 460 0.00650812 1.12668 7.53726 6.06908
880 480 0.0088509 1.1077 7.482 6.02883
880 500 0.0078423 1.09484 7.44701 6.0133
880 520 0.00846869 1.10518 7.47379 6.02312
880 540 0.0101922 1.10667 7.47967 6.02547
880 560 0.00944898 1.13015 7.54648 6.07703
880 580 0.00773967 1.11255 7.4959 6.04337
880 600 0.00901369 1.11815 7.50738 6.05097
880 620 0.00744325 1.10615 7.47838 6.02523
880 640 0.00765827 1.11025 7.4879 6.03595
880 660 0.00612591 1.11027 7.488 6.03574
900 140 0.00756315 1.137 7.58121 6.09105
900 160 0.00980372 1.13347 7.56172 6.08668
900 180 0.00818954 1.12528 7.53131 6.06624
900 200 0.00831298 1.12815 7.53977 6.07343
900 220 0.00838729 1.13328 7.56018 6.08716
900 240 0.00742116 1.12381 7.52472 6.06364
900 260 0.00701815 1.13052 7.54817 6.07743
900 280 0.00829174 1.11676 7.50368 6.051
900 300 0.00826386 1.13488 7.56853 6.08901
900 320 0.00885175 1.12746 7.5384 6.0707
900 340 0.00899245 1.12437 7.52771 6.06371
900 360 0.00741409 1.12629 7.53552 6.06666
900 380 0.0108999 1.12584 7.53345 6.06625
900 400 0.00793077 1.11287 7.49795 6.04344
900 420 0.00915525 1.11566 7.50212 6.05006
900 440 0.00911717 1.10961 7.48668 6.03385
900 460 0.00687617 1.11573 7.50163 6.05004
900 480 0.0103337 1.12261 7.5217 6.0644
900 500 0.00957992 1.10851 7.48372 6.03035
900 520 0.00814353 1.1142 7.50301 6.04829
900 540 0.00938174 1.10546 7.47408 6.02353
900 560 0.00785688 1.10286 7.46874 6.01944
900 580 0.00728314 1.14166 7.59476 6.09527
900 600 0.00921187 1.11207 7.49319 6.04127
900 620 0.00766535 1.16702 7.69729 6.15881
900 640 0.00856467 1.09539 7.44753 6.01347
900 660 0.00622854 1.12137 7.51737 6.05928
900 680 0.00759103 1.12575 7.53299 6.0669
920 140 0.00794493 1.13132 7.55193 6.07826
920 160 0.00872703 1.12504 7.52998 6.06618
920 180 0.00810107 1.13412 7.56188 6.08587
920 200 0.00785645 1.15227 7.63642 6.12218
920 220 0.0103408 1.11923 7.51146 6.05319
920 240 0.00846246 1.13701 7.58098 6.09121
920 260 0.00838022 1.1347 7.56777 6.08773
920 280 0.0100612 1.1323 7.55596 6.08168
920 300 0.00810064 1.12324 7.52224 6.06427
920 320 0.00871996 1.13556 7.57606 6.09062
920 340 0.00813645 1.1224 7.52099 6.06507
920 360 0.00972898 1.11451 7.50329 6.049
920 380 0.00586757 1.14465 7.6028 6.10469
920 400 0.00917648 1.12277 7.52205 6.0647
920 420 0.00978206 1.11329 7.49993 6.04323
920 440 0.00938216 1.12652 7.53622 6.0679
920 460 0.00899953 1.10349 7.46916 6.02328
920 480 0.00989885 1.10511 7.47419 6.02353
920 500 0.00919148 1.11158 7.49134 6.03848
920 520 0.00874119 1.10546 7.47408 6.02353
920 540 0.00714909 1.12487 7.52843 6.06564
920 560 0.00819662 1.10588 7.47752 6.02276
920 580 0.00795201 1.13425 7.56249 6.08739
920 600 0.00873411 1.1216 7.51719 6.06128
920 620 0.00946313 1.10305 7.46851 6.01991
920 640 0.00838022 1.10418 7.47125 6.0229
920 660 0.00848285 1.11304 7.49898 6.04359
920 680 0.00733977 1.1202 7.51373 6.05644
920 700 0.00802632 1.12197 7.5191 6.06291
940 140 0.00882966 1.13034 7.54768 6.07697
940 160 0.00820327 1.12496 7.5296 6.0662
940 180 0.00925122 1.12609 7.53417 6.06705
940 200 0.00927246 1.14351 7.59863 6.10514
940 220 0.00872703 1.13121 7.55099 6.07788
940 240 0.00805463 1.1286 7.54213 6.0746
940 260 0.00938174 1.12688 7.53731 6.06968
940 280 0.00912382 1.14038 7.59176 6.09375
940 300 0.00791662 1.11103 7.49042 6.03707
940 320 0.00999567 1.12255 7.52154 6.06482
940 340 0.00777591 1.12509 7.5307 6.06601
940 360 0.00751049 1.12894 7.54304 6.07609
940 380 0.00936758 1.14331 7.59806 6.10347
940 400 0.00872703 1.15011 7.62914 6.11635
940 420 0.00929327 1.12193 7.51932 6.06268
940 440 0.00963343 1.11929 7.511 6.05356
940 460 0.00883759 1.1137 7.50162 6.04646
940 480 0.00819619 1.11205 7.49333 6.04054
940 500 0.00910924 1.13285 7.55894 6.08444
940 520 0.0091694 1.13538 7.5759 6.0906
940 540 0.0103271 1.10589 7.47757 6.02287
940 560 0.00909593 1.12128 7.51766 6.05873
940 580 0.00841603 1.10124 7.46354 6.0169
940 600 0.00819619 1.13446 7.56567 6.0868
940 620 0.00858633 1.11499 7.50177 6.04823
940 640 0.0100687 1.09141 7.43436 6.00795
940 660 0.00907385 1.13163 7.55402 6.07923
940 680 0.00812938 1.10174 7.46509 6.01724
940 700 0.00676646 1.14672 7.6105 6.11026
940 720 0.00766578 1.0914 7.4346 6.00811
960 140 0.00974979 1.16979 7.70516 6.16478
960 160 0.00733269 1.13739 7.58059 6.09094
960 180 0.00936758 1.13767 7.58201 6.09162
960 200 0.00774675 1.13389 7.5619 6.08571
960 220 0.00899953 1.12882 7.54312 6.07604
960 240 0.00891814 1.13236 7.55622 6.08232
960 260 0.00799801 1.12495 7.52944 6.06578
960 280 0.00739993 1.14121 7.59237 6.09568
960 300 0.00821743 1.14261 7.59666 6.09819
960 320 0.00887921 1.12077 7.51763 6.05808
960 340 0.00852885 1.12959 7.54464 6.07835
960 360 0.00896145 1.12924 7.5433 6.07668
960 380 0.00964716 1.12539 7.53167 6.06564
960 400 0.00863856 1.12185 7.51888 6.06213
960 420 0.00766577 1.10994 7.48834 6.0361
960 440 0.00761312 1.12389 7.52493 6.06419
960 460 0.0101647 1.11894 7.51021 6.05299
960 480 0.0102452 1.1131 7.49863 6.04367
960 500 0.00955161 1.10671 7.47982 6.02619
960 520 0.00835898 1.11942 7.51095 6.05427
960 540 0.00846161 1.10685 7.47978 6.02679
960 560 0.0100754 1.1176 7.50522 6.05045
960 580 0.00872703 1.12789 7.53922 6.07296
960 600 0.00767951 1.10989 7.48812 6.03544
960 620 0.00928619 1.10952 7.48628 6.03355
960 640 0.00927246 1.09506 7.4474 6.01315
960 660 0.00695756 1.11209 7.49343 6.04146
960 680 0.00871288 1.12068 7.51725 6.05774
960 700 0.00767285 1.09721 7.45077 6.01536
960 720 0.0083059 1.11131 7.49208 6.0389
960 740 0.00640549 1.1384 7.58529 6.09048
980 140 0.00809356 1.13809 7.58535 6.09118
980 160 0.00792369 1.13727 7.58108 6.09139
980 180 0.0118205 1.12953 7.54407 6.07823
980 200 0.00865979 1.13304 7.5595 6.08671
980 220 0.00827093 1.12835 7.54022 6.07276
980 240 0.00812895 1.11874 7.50988 6.05242
980 260 0.00651519 1.12504 7.52998 6.06618
980 280 0.00757688 1.12503 7.53002 6.06624
980 300 0.0100829 1.12422 7.52657 6.06387
980 320 0.00921895 1.12917 7.54367 6.0755
980 340 0.00960512 1.13727 7.58108 6.09139
980 360 0.00847577 1.12521 7.53064 6.06642
980 380 0.00885797 1.12787 7.53908 6.07261
980 400 0.00987719 1.11801 7.50655 6.04971
980 420 0.00715574 1.14322 7.59806 6.10308
980 440 0.00794535 1.10814 7.48323 6.02964
980 460 0.00981038 1.12785 7.53921 6.07247
980 480 0.0108269 1.13562 7.57619 6.09071
980 500 0.0101922 1.10836 7.48381 6.03035
980 520 0.00793785 1.12461 7.5283 6.06496
980 540 0.0102063 1.12706 7.53778 6.06917
980 560 0.00773259 1.11122 7.49098 6.03833
980 580 0.00876242 1.13666 7.58028 6.08894
980 600 0.0088969 1.10815 7.48308 6.02946
980 620 0.00810772 1.10791 7.48254 6.02801
980 640 0.0089858 1.10389 7.47092 6.02278
980 660 0.00848285 1.09718 7.45046 6.01503
980 680 0.00899953 1.11308 7.49845 6.04364
980 700 0.00759103 1.1046 7.47327 6.02337
980 720 0.00755607 1.13056 7.54847 6.07714
980 740 0.00831298 1.10969 7.48738 6.03351
980 760 0.00677354 1.10039 7.4608 6.01619
