1000 200 0.00806921 1.13315 7.61492 7.91423
1000 220 0.00755564 1.13563 7.61909 7.91788
1000 240 0.00782106 1.12011 7.58529 7.88342
1000 260 0.0101638 1.1213 7.5895 7.89152
1000 280 0.00841561 1.12746 7.59928 7.90084
1000 300 0.00919063 1.13814 7.62112 7.91926
1000 320 0.0085784 1.14294 7.62876 7.93804
1000 340 0.00864564 1.12834 7.59977 7.90011
1000 360 0.00836606 1.12861 7.60118 7.89994
1000 380 0.00882966 1.12537 7.59758 7.90031
1000 400 0.00810772 1.12009 7.58543 7.88373
1000 420 0.0100612 1.12102 7.58741 7.88803
1000 440 0.00784938 1.12295 7.59145 7.89117
1000 460 0.0103412 1.12655 7.59871 7.89843
1000 480 0.00930034 1.11387 7.57563 7.86675
1000 500 0.0116077 1.14267 7.62853 7.9383
1000 520 0.0106279 1.12427 7.59763 7.90066
1000 540 0.00892522 1.12193 7.59131 7.89056
1000 560 0.0103625 1.1182 7.5857 7.8817
1000 580 0.00919856 1.10609 7.55385 7.84892
1000 600 0.0085784 1.11048 7.56815 7.86136
1000 620 0.00942817 1.10925 7.56361 7.85715
1000 640 0.00856467 1.12015 7.58555 7.88345
1000 660 0.0101285 1.11414 7.57641 7.86607
1000 680 0.00970732 1.1078 7.55953 7.84942
1000 700 0.0106562 1.09428 7.51959 7.83108
1000 720 0.008777 1.11743 7.58355 7.87852
1000 740 0.00900661 1.10524 7.55674 7.84826
1000 760 0.00821035 1.09079 7.50692 7.822
1000 780 0.00837356 1.1146 7.57826 7.86909
420 200 0.00505715 1.11175 7.57282 7.86249
440 200 0.00446615 1.16011 7.67937 7.98708
440 220 0.00524117 1.11861 7.58474 7.88108
460 200 0.00766577 1.10395 7.55414 7.84701
460 220 0.00568354 1.10951 7.5656 7.85786
460 240 0.00473157 1.12893 7.60258 7.90114
480 200 0.00809399 1.10188 7.54087 7.83902
480 220 0.00764412 1.11237 7.57249 7.86353
480 240 0.00489436 1.11648 7.58231 7.87557
480 260 0.00569062 1.0887 7.50861 7.81912
500 200 0.00747425 1.10513 7.55635 7.84892
500 220 0.0068337 1.10105 7.53698 7.83948
500 240 0.00589588 1.10215 7.54289 7.84073
500 260 0.00567646 1.20616 7.82945 8.16322
500 280 0.00603744 1.13317 7.61484 7.9141
520 200 0.00701772 1.09824 7.52468 7.83149
520 220 0.00737162 1.10828 7.56229 7.85244
520 240 0.00720925 1.10895 7.56343 7.85654
520 260 0.00875535 1.13342 7.61358 7.91149
520 280 0.00624354 1.11493 7.57866 7.87089
520 300 0.00723714 1.11331 7.57295 7.86292
540 200 0.00890398 1.12805 7.59937 7.90026
540 220 0.00731853 1.10949 7.5651 7.85779
540 240 0.0075521 1.10095 7.53667 7.84056
540 260 0.00659659 1.08823 7.50633 7.81437
540 280 0.00597727 1.15657 7.66023 7.96776
540 300 0.00756272 1.11998 7.58517 7.88396
540 320 0.00678061 1.14652 7.63982 7.94232
560 200 0.00668506 1.11867 7.58395 7.88139
560 220 0.00811522 1.11123 7.56951 7.86111
560 240 0.00731188 1.09082 7.50683 7.82237
560 260 0.00773967 1.12912 7.60141 7.8999
560 280 0.00639841 1.10181 7.5415 7.84105
560 300 0.00676646 1.12378 7.59658 7.89917
560 320 0.00684078 1.12668 7.59816 7.89767
560 340 0.0071137 1.11523 7.57824 7.87063
580 200 0.00822493 1.10216 7.54255 7.84022
580 220 0.00919064 1.10873 7.56377 7.8564
580 240 0.00757688 1.11408 7.576 7.86612
580 260 0.0089783 1.11461 7.5786 7.86935
580 280 0.00689075 1.0973 7.52156 7.83257
580 300 0.00703188 1.12532 7.59774 7.9007
580 320 0.00790954 1.10816 7.56066 7.85023
580 340 0.00603036 1.09991 7.53301 7.83412
580 360 0.00825635 1.11442 7.57739 7.86701
600 200 0.00801924 1.10684 7.55662 7.84904
600 220 0.00660367 1.12229 7.59234 7.89131
600 240 0.00980287 1.10819 7.56118 7.85103
600 260 0.00828467 1.13562 7.61886 7.91723
600 280 0.00722298 1.10319 7.55163 7.84427
600 300 0.00818911 1.1587 7.67511 7.98276
600 320 0.00758438 1.10925 7.56361 7.85715
600 340 0.00766535 1.10998 7.56746 7.85907
600 360 0.00711328 1.10584 7.55396 7.84852
600 380 0.00518101 1.094 7.51842 7.8313
620 200 0.00765119 1.11756 7.58461 7.8782
620 220 0.00801217 1.11507 7.57909 7.87156
620 240 0.00869872 1.10855 7.56257 7.85526
620 260 0.00813603 1.10377 7.55326 7.84654
620 280 0.00858548 1.09179 7.5119 7.82525
620 300 0.00826343 1.10428 7.55509 7.84911
620 320 0.00777506 1.09735 7.52213 7.83173
620 340 0.00861025 1.1084 7.56201 7.85339
620 360 0.00801217 1.10003 7.53376 7.83635
620 380 0.00712035 1.11271 7.5724 7.86369
620 400 0.00577909 1.09865 7.52622 7.831
640 200 0.00826343 1.11893 7.58649 7.88318
640 220 0.00845538 1.12443 7.5982 7.90013
640 240 0.00786353 1.10318 7.55147 7.84392
640 260 0.00844788 1.10795 7.56009 7.84922
640 280 0.00880178 1.12059 7.58589 7.88323
640 300 0.00772551 1.11441 7.57723 7.86722
640 320 0.00798739 1.09021 7.50795 7.82031
640 340 0.00855759 1.09641 7.52178 7.8348
640 360 0.00932511 1.10249 7.54567 7.84262
640 380 0.00748133 1.10596 7.55434 7.84929
640 400 0.00562338 1.12936 7.60325 7.90222
640 420 0.00616838 1.09379 7.51683 7.83144
660 200 0.00881593 1.10779 7.55953 7.84965
660 220 0.00995151 1.11879 7.58508 7.88221
660 240 0.00788476 1.11266 7.57264 7.86412
660 260 0.00846161 1.10554 7.5566 7.84956
660 280 0.00936843 1.12227 7.59244 7.89143
660 300 0.00873411 1.11788 7.58552 7.87874
660 320 0.00905969 1.13268 7.61254 7.91077
660 340 0.00864564 1.13633 7.61749 7.91279
660 360 0.00695756 1.10715 7.55838 7.8498
660 380 0.00784938 1.10571 7.55548 7.84885
660 400 0.00992008 1.11971 7.58555 7.88283
660 420 0.00879866 1.09319 7.51485 7.82884
660 440 0.00784938 1.11992 7.58556 7.88345
680 200 0.0100086 1.11305 7.57258 7.863
680 220 0.00757688 1.11898 7.58717 7.88376
680 240 0.00731188 1.10872 7.56381 7.85653
680 260 0.00871288 1.11666 7.58257 7.87423
680 280 0.00758395 1.10228 7.54322 7.84065
680 300 0.00818911 1.10449 7.55596 7.84776
680 320 0.0110486 1.11157 7.57191 7.86226
680 340 0.00838064 1.10748 7.55868 7.84949
680 360 0.00810064 1.13269 7.61253 7.91077
680 380 0.00823243 1.11308 7.57209 7.86256
680 400 0.00696506 1.10417 7.55409 7.84849
680 420 0.00852885 1.10813 7.56061 7.85021
680 440 0.0068974 1.09078 7.5066 7.82164
680 460 0.00801217 1.12292 7.59194 7.8916
700 200 0.0106208 1.11731 7.58279 7.87852
700 220 0.00867437 1.11556 7.57908 7.87229
700 240 0.00703188 1.13521 7.61966 7.91559
700 260 0.00882301 1.11372 7.5762 7.86601
700 280 0.00999398 1.10601 7.55404 7.84935
700 300 0.00793785 1.10911 7.56422 7.8566
700 320 0.00831298 1.12024 7.58487 7.88312
700 340 0.00871996 1.10754 7.5589 7.84888
700 360 0.00859298 1.09442 7.51972 7.83101
700 380 0.00678061 1.13099 7.60872 7.90628
700 400 0.00882301 1.09746 7.52141 7.83085
700 420 0.0068337 1.10051 7.53607 7.83981
700 440 0.00863148 1.10627 7.55478 7.84738
700 460 0.0062427 1.09146 7.51208 7.82552
700 480 0.00854301 1.1116 7.57157 7.86214
720 200 0.00849743 1.13669 7.61854 7.91471
720 220 0.00883717 1.11268 7.57294 7.86422
720 240 0.00927203 1.10812 7.56047 7.84985
720 260 0.00874827 1.11439 7.57704 7.8663
720 280 0.00755564 1.11983 7.58566 7.88359
720 300 0.00791662 1.1185 7.58489 7.8807
720 320 0.00805464 1.10848 7.56331 7.85486
720 340 0.00887567 1.10822 7.56157 7.85154
720 360 0.00913798 1.11621 7.57972 7.87331
720 380 0.00882258 1.10121 7.53712 7.83973
720 400 0.00759146 1.10555 7.55647 7.84889
720 420 0.00990635 1.10407 7.55405 7.84755
720 440 0.00933219 1.11417 7.57686 7.86645
720 460 0.0074424 1.10988 7.5671 7.85924
720 480 0.00678769 1.10208 7.54183 7.83978
720 500 0.00742824 1.1004 7.5351 7.83887
740 200 0.00827051 1.14234 7.62947 7.93841
740 220 0.0083873 1.12982 7.60393 7.90215
740 240 0.00774009 1.11651 7.58223 7.87543
740 260 0.00938259 1.11723 7.58247 7.87812
740 280 0.00876242 1.11148 7.57246 7.86267
740 300 0.00740743 1.10171 7.54114 7.84016
740 320 0.00997982 1.11244 7.57228 7.86382
740 340 0.00729772 1.10136 7.53779 7.83952
740 360 0.00827759 1.10436 7.5555 7.84896
740 380 0.00794535 1.1072 7.55853 7.84938
740 400 0.00914548 1.10498 7.55633 7.84965
740 420 0.0062427 1.10232 7.54361 7.84138
740 440 0.00829882 1.10163 7.54081 7.84035
740 460 0.00793077 1.1012 7.53694 7.83902
740 480 0.00729022 1.10102 7.5368 7.83997
740 500 0.00653643 1.08796 7.50512 7.81349
740 520 0.00715574 1.10376 7.55326 7.84655
760 200 0.00947856 1.11721 7.58728 7.87737
760 220 0.00849035 1.13006 7.60508 7.90401
760 240 0.00916275 1.12183 7.59134 7.89139
760 260 0.00846161 1.11749 7.58384 7.87887
760 280 0.00871288 1.13034 7.60649 7.90529
760 300 0.00911632 1.10878 7.56389 7.8568
760 320 0.00766535 1.11116 7.56967 7.86174
760 340 0.00871288 1.11101 7.56946 7.86317
760 360 0.00742116 1.11007 7.56702 7.85987
760 380 0.0101709 1.11067 7.56633 7.86031
760 400 0.00917648 1.10424 7.55511 7.8496
760 420 0.00786396 1.11667 7.58248 7.87438
760 440 0.00863856 1.09401 7.5187 7.83124
760 460 0.00757022 1.12912 7.60141 7.8999
760 480 0.00908843 1.10112 7.53715 7.83984
760 500 0.00823908 1.12041 7.58605 7.88379
760 520 0.00741409 1.11444 7.57758 7.8673
760 540 0.00765119 1.12456 7.59845 7.89957
780 200 0.00891814 1.12811 7.60076 7.90074
780 220 0.00740701 1.1093 7.56391 7.85667
780 240 0.00935343 1.1279 7.60021 7.90043
780 260 0.00852928 1.11601 7.57898 7.87287
780 280 0.00768658 1.11487 7.57841 7.87136
780 300 0.00872703 1.13094 7.60792 7.90658
780 320 0.00871288 1.12391 7.5963 7.89925
780 340 0.00863148 1.11958 7.5849 7.88188
780 360 0.00960469 1.12197 7.59069 7.88973
780 380 0.0103337 1.1042 7.55415 7.84851
780 400 0.00774802 1.1021 7.54213 7.84037
780 420 0.00954453 1.10249 7.54567 7.84262
780 440 0.00947021 1.11124 7.56972 7.86113
780 460 0.00988427 1.1083 7.56215 7.8523
780 480 0.00810064 1.10471 7.55583 7.84878
780 500 0.00795201 1.09233 7.51282 7.82748
780 520 0.00829174 1.10189 7.541 7.83946
780 540 0.00836606 1.09896 7.52772 7.83113
780 560 0.00579325 1.10466 7.55665 7.84869
800 200 0.00749548 1.10484 7.55593 7.8491
800 220 0.00945691 1.13001 7.60502 7.90386
800 240 0.00920479 1.11463 7.57838 7.86935
800 260 0.00938174 1.10647 7.55506 7.84978
800 280 0.00881551 1.11366 7.57546 7.86488
800 300 0.00916275 1.12912 7.60141 7.8999
800 320 0.00809399 1.11351 7.57401 7.8633
800 340 0.0106345 1.11709 7.58721 7.87675
800 360 0.0094419 1.10694 7.55778 7.84908
800 380 0.00882259 1.12013 7.58578 7.88369
800 400 0.00942067 1.10239 7.54522 7.84225
800 420 0.00927203 1.10178 7.54148 7.84108
800 440 0.00883717 1.11316 7.57298 7.86374
800 460 0.00846869 1.12033 7.585 7.88338
800 480 0.00769366 1.11352 7.57416 7.86336
800 500 0.00795908 1.12391 7.5963 7.89925
800 520 0.00945606 1.09443 7.51947 7.83041
800 540 0.00856509 1.11999 7.58471 7.88393
800 560 0.00644795 1.09477 7.51812 7.82975
800 580 0.00811522 1.12227 7.59244 7.89143
820 200 0.00642672 1.13542 7.62001 7.9171
820 220 0.00802675 1.13268 7.61254 7.91077
820 240 0.00874119 1.114 7.57571 7.86642
820 260 0.00893937 1.12618 7.59736 7.89729
820 280 0.00813603 1.11769 7.5851 7.87954
820 300 0.00852532 1.12186 7.59201 7.8914
820 320 0.0099055 1.12208 7.59137 7.88936
820 340 0.00810191 1.11171 7.57325 7.8632
820 360 0.00954453 1.11952 7.58516 7.88163
820 380 0.00759103 1.10806 7.56006 7.84813
820 400 0.00803383 1.10747 7.55873 7.84938
820 420 0.0100758 1.10186 7.54068 7.83971
820 440 0.00890398 1.13997 7.62321 7.92414
820 460 0.00876242 1.10887 7.56439 7.85694
820 480 0.00908135 1.12055 7.58575 7.88372
820 500 0.00899245 1.10123 7.53761 7.83972
820 520 0.0076587 1.12491 7.59819 7.89854
820 540 0.00855051 1.11362 7.57473 7.86446
820 560 0.00819662 1.10128 7.53722 7.83939
820 580 0.00851116 1.10111 7.53735 7.84016
820 600 0.0081608 1.11504 7.57844 7.87058
840 200 0.00910924 1.13149 7.60782 7.90464
840 220 0.0086823 1.12702 7.59854 7.89907
840 240 0.0106274 1.11737 7.58306 7.87896
840 260 0.00810064 1.14144 7.6297 7.93125
840 280 0.00668506 1.11285 7.57213 7.86232
840 300 0.0077684 1.1154 7.57908 7.87136
840 320 0.00834525 1.1416 7.63028 7.93275
840 340 0.00897122 1.12709 7.5995 7.9
840 360 0.0095233 1.12202 7.59073 7.89057
840 380 0.0104293 1.11925 7.58635 7.88284
840 400 0.00885882 1.11617 7.57962 7.87335
840 420 0.00965424 1.1023 7.54366 7.84108
840 440 0.00927203 1.10521 7.55662 7.84841
840 460 0.00910967 1.1021 7.54213 7.84037
840 480 0.00916232 1.10103 7.53684 7.83981
840 500 0.00790954 1.11984 7.58547 7.88318
840 520 0.00995151 1.10346 7.55246 7.84657
840 540 0.0080334 1.10641 7.55523 7.8497
840 560 0.00801967 1.10547 7.55646 7.84963
840 580 0.00621438 1.08618 7.50697 7.81581
840 600 0.00782106 1.08659 7.50662 7.81558
840 620 0.00703896 1.09281 7.51359 7.82819
860 200 0.0094419 1.13527 7.62095 7.91663
860 220 0.00961177 1.12197 7.59069 7.88973
860 240 0.00759853 1.13056 7.60713 7.90603
860 260 0.00852885 1.13409 7.61349 7.91184
860 280 0.00891814 1.12534 7.59789 7.90077
860 300 0.0103983 1.12166 7.58963 7.89066
860 320 0.00908135 1.11593 7.57864 7.8728
860 340 0.00891814 1.12647 7.59948 7.89931
860 360 0.00995986 1.13618 7.61813 7.91368
860 380 0.00730438 1.1212 7.58864 7.89094
860 400 0.00944275 1.12024 7.58487 7.88312
860 420 0.0105921 1.12645 7.59906 7.89919
860 440 0.00868457 1.12024 7.58487 7.88312
860 460 0.0072159 1.09568 7.52242 7.8339
860 480 0.00709912 1.10662 7.55788 7.85044
860 500 0.00848992 1.12102 7.58741 7.88803
860 520 0.0107301 1.09824 7.52468 7.83149
860 540 0.00772594 1.12118 7.58849 7.89025
860 560 0.00782857 1.1026 7.546 7.84292
860 580 0.00888317 1.1368 7.61998 7.91646
860 600 0.00730438 1.09519 7.51962 7.8304
860 620 0.00754856 1.11694 7.58511 7.8757
860 640 0.0081148 1.08952 7.50794 7.82004
880 200 0.00874119 1.12316 7.59118 7.893
880 220 0.00801925 1.13319 7.61463 7.91404
880 240 0.00818911 1.11519 7.57837 7.87083
880 260 0.00703896 1.12931 7.60328 7.90168
880 280 0.00805463 1.13034 7.60649 7.90529
880 300 0.00989219 1.114 7.57571 7.86642
880 320 0.00830675 1.11562 7.5796 7.87197
880 340 0.00949145 1.12369 7.59587 7.89938
880 360 0.0089783 1.11092 7.56806 7.86129
880 380 0.00919106 1.12443 7.5982 7.90013
880 400 0.00975729 1.12174 7.59008 7.89034
880 420 0.00960469 1.11025 7.56658 7.8589
880 440 0.0107305 1.10595 7.55459 7.84939
880 460 0.00890398 1.10039 7.53556 7.83882
880 480 0.00884424 1.10258 7.54615 7.84292
880 500 0.00939674 1.10521 7.55662 7.84841
880 520 0.00934677 1.10469 7.55639 7.84852
880 540 0.00909508 1.10581 7.55488 7.84898
880 560 0.00810772 1.11175 7.57282 7.86249
880 580 0.00863148 1.0983 7.52452 7.83101
880 600 0.0104151 1.11354 7.57389 7.86335
880 620 0.0083948 1.12098 7.58652 7.88711
880 640 0.00892521 1.13031 7.60673 7.90544
880 660 0.00849743 1.16019 7.67957 7.98899
900 200 0.0097781 1.11808 7.58514 7.88022
900 220 0.00882301 1.1237 7.59574 7.8993
900 240 0.00954453 1.11221 7.57212 7.86366
900 260 0.00855716 1.12983 7.60371 7.90191
900 280 0.00838064 1.15048 7.6482 7.95289
900 300 0.0100683 1.12568 7.5969 7.89951
900 320 0.00991966 1.12375 7.59619 7.89973
900 340 0.00826343 1.127 7.59859 7.89858
900 360 0.00957992 1.12056 7.58568 7.88324
900 380 0.00855009 1.11246 7.57254 7.86434
900 400 0.00862483 1.11347 7.57352 7.86335
900 420 0.00874827 1.11533 7.57852 7.87025
900 440 0.00937466 1.10562 7.55605 7.8489
900 460 0.0104222 1.10686 7.55687 7.84931
900 480 0.0101922 1.11399 7.57591 7.86666
900 500 0.00873411 1.13222 7.61002 7.90652
900 520 0.00986303 1.10064 7.53626 7.84069
900 540 0.00748133 1.10258 7.54615 7.84292
900 560 0.00739285 1.10292 7.54991 7.84351
900 580 0.0083948 1.09401 7.5187 7.83124
900 600 0.0106283 1.11492 7.57879 7.87125
900 620 0.00737162 1.09317 7.51491 7.82873
900 640 0.00809356 1.09646 7.52161 7.83486
900 660 0.00812895 1.11496 7.57826 7.87048
900 680 0.00731146 1.11414 7.57641 7.86607
920 200 0.00979579 1.12913 7.60153 7.90002
920 220 0.00970775 1.12703 7.59886 7.89897
920 240 0.0085784 1.14141 7.63004 7.93187
920 260 0.00902119 1.11589 7.57894 7.87262
920 280 0.00953037 1.1331 7.61443 7.91336
920 300 0.010178 1.11749 7.58384 7.87887
920 320 0.00751671 1.17914 7.74321 8.05279
920 340 0.00767993 1.12968 7.60355 7.90338
920 360 0.00823243 1.11333 7.57273 7.86266
920 380 0.00782814 1.11256 7.57298 7.86397
920 400 0.00989135 1.11587 7.57943 7.87301
920 420 0.00891814 1.11519 7.57837 7.87083
920 440 0.00799801 1.12316 7.59118 7.893
920 460 0.00713493 1.10834 7.56193 7.8527
920 480 0.0113282 1.1071 7.55813 7.84961
920 500 0.0104363 1.11138 7.57213 7.86311
920 520 0.00829174 1.12032 7.58544 7.88374
920 540 0.00953745 1.10247 7.54589 7.84264
920 560 0.00812187 1.10825 7.56138 7.85187
920 580 0.00867395 1.09351 7.51546 7.83041
920 600 0.00882259 1.12291 7.59213 7.89169
920 620 0.00942774 1.10045 7.53614 7.83983
920 640 0.00678061 1.09003 7.5087 7.82139
920 660 0.00785688 1.09363 7.51598 7.83026
920 680 0.0104293 1.104 7.55421 7.84719
920 700 0.0063524 1.10286 7.54939 7.84365
940 200 0.00904285 1.13276 7.61203 7.91062
940 220 0.00794535 1.12393 7.5964 7.89944
940 240 0.00772551 1.12281 7.59045 7.89092
940 260 0.00731146 1.1284 7.59994 7.89985
940 280 0.00936093 1.13589 7.61977 7.91568
940 300 0.00793162 1.13163 7.60784 7.90434
940 320 0.00892564 1.1134 7.57328 7.86388
940 340 0.00942817 1.12042 7.5864 7.88366
940 360 0.00652227 1.12689 7.59891 7.89829
940 380 0.00869872 1.12913 7.60153 7.90002
940 400 0.00970732 1.12805 7.59937 7.90026
940 420 0.00837314 1.12787 7.60017 7.90131
940 440 0.00908801 1.1238 7.59659 7.899
940 460 0.0104155 1.10864 7.56414 7.85631
940 480 0.0105248 1.11945 7.58536 7.88178
940 500 0.00961219 1.10677 7.55754 7.84999
940 520 0.00910259 1.10758 7.55878 7.84949
940 540 0.00911632 1.11078 7.56692 7.86027
940 560 0.00997982 1.10332 7.55235 7.84467
940 580 0.0105252 1.09514 7.51973 7.83077
940 600 0.0103341 1.10941 7.56456 7.85712
940 620 0.00774675 1.10528 7.55657 7.84843
940 640 0.00746717 1.1115 7.57193 7.86202
940 660 0.00791662 1.09671 7.52252 7.8344
940 680 0.00765162 1.09998 7.53328 7.83494
940 700 0.0077609 1.10973 7.56514 7.8579
940 720 0.00921229 1.09176 7.51146 7.8248
960 200 0.00800509 1.14807 7.64069 7.94297
960 220 0.00930077 1.12902 7.60204 7.90082
960 240 0.00784938 1.11946 7.58584 7.88228
960 260 0.00989135 1.13344 7.61367 7.91145
960 280 0.00692217 1.1257 7.59675 7.89939
960 300 0.00768658 1.1233 7.59242 7.89392
960 320 0.00881551 1.12702 7.59854 7.89907
960 340 0.00928619 1.12838 7.59982 7.89996
960 360 0.00827051 1.12851 7.601 7.89943
960 380 0.00939632 1.1293 7.60278 7.90115
960 400 0.00871996 1.12294 7.59206 7.8918
960 420 0.0103691 1.11373 7.57621 7.86606
960 440 0.00978914 1.13009 7.60546 7.90475
960 460 0.00892564 1.12029 7.58534 7.88358
960 480 0.00938174 1.11875 7.58353 7.88122
960 500 0.00741536 1.10877 7.56369 7.85617
960 520 0.0074751 1.11545 7.57871 7.87111
960 540 0.0102598 1.11343 7.57347 7.86318
960 560 0.00891814 1.10905 7.56502 7.85671
960 580 0.0109389 1.09803 7.52396 7.8309
960 600 0.0090495 1.11055 7.56733 7.8608
960 620 0.00827801 1.1148 7.57889 7.87148
960 640 0.00892522 1.10066 7.53652 7.84051
960 660 0.00773967 1.10936 7.56447 7.85758
960 680 0.0089858 1.10235 7.544 7.84143
960 700 0.00895353 1.11697 7.58592 7.87636
960 720 0.0087133 1.12692 7.59854 7.89829
960 740 0.00739993 1.12843 7.60028 7.89984
980 200 0.00796701 1.13706 7.62105 7.9169
980 220 0.00998732 1.13413 7.61382 7.91102
980 240 0.00944232 1.13573 7.61931 7.91672
980 260 0.00759103 1.11745 7.58401 7.87864
980 280 0.0088969 1.12647 7.59948 7.89931
980 300 0.00908135 1.11806 7.58508 7.88087
980 320 0.00769366 1.11662 7.58282 7.87451
980 340 0.00855094 1.12424 7.5979 7.90023
980 360 0.00871996 1.11599 7.5788 7.87216
980 380 0.00848285 1.12176 7.5905 7.89025
980 400 0.0074884 1.11626 7.58017 7.87462
980 420 0.00899953 1.11632 7.58105 7.8759
980 440 0.0106668 1.12106 7.58766 7.88825
980 460 0.0101285 1.1208 7.58615 7.88657
980 480 0.00821035 1.12523 7.59796 7.90032
980 500 0.00989135 1.14003 7.62386 7.9242
980 520 0.0108048 1.11579 7.57954 7.87225
980 540 0.00925788 1.12142 7.58965 7.89085
980 560 0.00948479 1.10166 7.54071 7.84068
980 580 0.00756272 1.11417 7.57686 7.86645
980 600 0.0102382 1.09935 7.53333 7.83484
980 620 0.0100152 1.11174 7.57291 7.86264
980 640 0.00982495 1.1128 7.57198 7.86269
980 660 0.00661782 1.10449 7.55596 7.84776
980 680 0.00939632 1.09465 7.51938 7.83084
980 700 0.00757688 1.13184 7.60792 7.90438
980 720 0.00810107 1.11605 7.57866 7.8722
980 740 0.00737162 1.13722 7.62181 7.91713
980 760 0.00763704 1.09145 7.51169 7.82504
