         280         100      0.0014        8.08        6.43
         290         100      0.0018        8.37        6.63
         290         110      0.0012        7.69        6.17
         300         100      0.0006        8.09        6.44
         300         110      0.0011        7.75        6.21
         300         120      0.0017        7.42        6.00
         310         100      0.0007        8.45        6.69
         310         110      0.0016        7.44        6.01
         310         120      0.0015        8.05        6.41
         310         130      0.0028        7.46        6.03
         320         100      0.0028        7.48        6.04
         320         110      0.0032        7.62        6.13
         320         120      0.0020        8.67        6.85
         320         130      0.0022        8.55        6.76
         320         140      0.0031        8.41        6.66
         330         100      0.0024        7.63        6.14
         330         110      0.0021        7.86        6.28
         330         120      0.0021        8.31        6.59
         330         130      0.0034        7.88        6.30
         330         140      0.0027        7.61        6.13
         330         150      0.0025        7.54        6.07
         340         100      0.0024        8.03        6.39
         340         110      0.0032        7.57        6.10
         340         120      0.0027        7.78        6.23
         340         130      0.0044        7.43        6.00
         340         140      0.0033        7.68        6.17
         340         150      0.0036        8.17        6.49
         340         160      0.0029        7.92        6.32
         350         100      0.0033        8.21        6.52
         350         110      0.0021        7.57        6.10
         350         120      0.0037        7.53        6.07
         350         130      0.0021        7.96        6.35
         350         140      0.0038        8.32        6.60
         350         150      0.0048        8.18        6.50
         350         160      0.0045        7.72        6.19
         350         170      0.0028        8.00        6.37
         360         100      0.0025        7.41        5.99
         360         110      0.0043        7.54        6.08
         360         120      0.0036        7.60        6.12
         360         130      0.0035        7.91        6.31
         360         140      0.0030        7.98        6.36
         360         150      0.0027        7.55        6.08
         360         160      0.0019        7.80        6.24
         360         170      0.0037        7.52        6.06
         360         180      0.0030        7.65        6.15
         370         100      0.0025        8.31        6.59
         370         110      0.0043        8.14        6.47
         370         120      0.0035        7.56        6.09
         370         130      0.0040        7.52        6.07
         370         140      0.0052        7.45        6.02
         370         150      0.0035        7.58        6.10
         370         160      0.0031        7.59        6.11
         370         170      0.0043        7.85        6.27
         370         180      0.0024        8.04        6.40
         370         190      0.0038        7.89        6.31
         380         100      0.0050        7.43        6.01
         380         110      0.0036        7.74        6.20
         380         120      0.0036        7.66        6.16
         380         130      0.0047        7.68        6.17
         380         140      0.0036        8.33        6.61
         380         150      0.0045        7.60        6.12
         380         160      0.0041        7.41        5.99
         380         170      0.0040        7.66        6.16
         380         180      0.0037        7.66        6.15
         380         190      0.0035        7.68        6.17
         380         200      0.0039        7.98        6.36
         390         100      0.0041        7.43        6.01
         390         110      0.0055        7.55        6.08
         390         120      0.0038        7.90        6.31
         390         130      0.0038        7.49        6.05
         390         140      0.0043        7.64        6.15
         390         150      0.0041        7.78        6.23
         390         160      0.0032        7.78        6.23
         390         170      0.0045        7.55        6.08
         390         180      0.0049        7.68        6.17
         390         190      0.0042        7.55        6.09
         390         200      0.0047        7.61        6.12
         390         210      0.0040        7.62        6.13
         400         100      0.0048        7.68        6.17
         400         110      0.0042        7.70        6.18
         400         120      0.0047        7.47        6.03
         400         130      0.0067        7.63        6.13
         400         140      0.0033        7.58        6.11
         400         150      0.0049        7.48        6.04
         400         160      0.0046        7.58        6.10
         400         170      0.0038        7.65        6.15
         400         180      0.0048        7.76        6.22
         400         190      0.0050        7.51        6.06
         400         200      0.0051        7.71        6.18
         400         210      0.0047        7.74        6.20
         400         220      0.0024        7.89        6.30
         410         100      0.0041        7.54        6.08
         410         110      0.0043        7.97        6.35
         410         120      0.0055        7.53        6.07
         410         130      0.0053        7.60        6.12
         410         140      0.0071        7.54        6.07
         410         150      0.0049        7.47        6.03
         410         160      0.0050        7.86        6.28
         410         170      0.0050        7.81        6.25
         410         180      0.0043        7.43        6.00
         410         190      0.0051        7.49        6.04
         410         200      0.0053        7.61        6.12
         410         210      0.0040        7.85        6.27
         410         220      0.0042        7.68        6.17
         410         230      0.0031        7.59        6.11
         420         100      0.0028        8.08        6.43
         420         110      0.0045        7.61        6.13
         420         120      0.0063        7.51        6.05
         420         130      0.0066        7.41        5.99
         420         140      0.0058        7.56        6.09
         420         150      0.0029        7.85        6.28
         420         160      0.0042        7.46        6.02
         420         170      0.0052        7.57        6.09
         420         180      0.0060        7.60        6.12
         420         190      0.0051        7.84        6.27
         420         200      0.0051        7.78        6.23
         420         210      0.0039        7.66        6.15
         420         220      0.0043        7.78        6.23
         420         230      0.0051        7.56        6.09
         420         240      0.0041        7.90        6.31
         430         100      0.0046        7.53        6.07
         430         110      0.0047        7.63        6.14
         430         120      0.0059        7.47        6.03
         430         130      0.0065        7.55        6.09
         430         140      0.0043        7.48        6.04
         430         150      0.0047        7.53        6.07
         430         160      0.0065        7.50        6.05
         430         170      0.0047        7.50        6.05
         430         180      0.0040        7.57        6.10
         430         190      0.0052        7.59        6.11
         430         200      0.0041        7.62        6.13
         430         210      0.0040        7.56        6.09
         430         220      0.0043        7.50        6.05
         430         230      0.0059        7.58        6.11
         430         240      0.0056        7.58        6.10
         430         250      0.0033        7.66        6.16
         440         100      0.0047        7.75        6.21
         440         110      0.0075        7.60        6.12
         440         120      0.0065        7.45        6.02
         440         130      0.0050        7.53        6.07
         440         140      0.0067        7.57        6.10
         440         150      0.0064        8.02        6.39
         440         160      0.0058        7.47        6.03
         440         170      0.0047        8.13        6.46
         440         180      0.0059        7.56        6.09
         440         190      0.0047        7.47        6.03
         440         200      0.0048        7.66        6.15
         440         210      0.0044        7.70        6.18
         440         220      0.0051        7.51        6.05
         440         230      0.0054        7.43        6.01
         440         240      0.0038        7.44        6.01
         440         250      0.0051        7.57        6.10
         440         260      0.0046        7.56        6.09
         450         100      0.0058        7.57        6.10
         450         110      0.0044        7.67        6.16
         450         120      0.0058        7.46        6.03
         450         130      0.0064        7.50        6.05
         450         140      0.0052        7.43        6.01
         450         150      0.0061        7.48        6.04
         450         160      0.0049        7.62        6.13
         450         170      0.0054        7.55        6.08
         450         180      0.0046        7.43        6.01
         450         190      0.0039        7.97        6.36
         450         200      0.0046        7.81        6.25
         450         210      0.0042        7.64        6.15
         450         220      0.0052        7.60        6.12
         450         230      0.0046        7.58        6.10
         450         240      0.0052        7.48        6.04
         450         250      0.0044        7.71        6.19
         450         260      0.0055        7.72        6.19
         450         270      0.0039        7.45        6.02
         460         100      0.0069        7.55        6.09
         460         110      0.0053        7.63        6.13
         460         120      0.0054        7.62        6.13
         460         130      0.0056        7.44        6.01
         460         140      0.0070        7.83        6.26
         460         150      0.0052        7.52        6.07
         460         160      0.0059        7.40        5.99
         460         170      0.0080        7.48        6.04
         460         180      0.0053        7.63        6.14
         460         190      0.0063        7.60        6.11
         460         200      0.0059        7.46        6.02
         460         210      0.0056        7.55        6.09
         460         220      0.0074        7.57        6.10
         460         230      0.0067        7.69        6.18
         460         240      0.0059        7.57        6.09
         460         250      0.0049        8.00        6.38
         460         260      0.0046        7.56        6.09
         460         270      0.0045        7.49        6.05
         460         280      0.0040        7.79        6.24
         470         100      0.0053        7.65        6.15
         470         110      0.0057        7.48        6.04
         470         120      0.0056        7.47        6.03
         470         130      0.0054        7.50        6.05
         470         140      0.0067        7.59        6.11
         470         150      0.0062        7.53        6.07
         470         160      0.0056        7.60        6.11
         470         170      0.0053        7.53        6.07
         470         180      0.0064        7.57        6.10
         470         190      0.0058        7.47        6.03
         470         200      0.0049        7.44        6.01
         470         210      0.0038        7.68        6.17
         470         220      0.0066        7.47        6.03
         470         230      0.0054        7.49        6.05
         470         240      0.0034        7.46        6.03
         470         250      0.0060        7.69        6.18
         470         260      0.0054        7.57        6.10
         470         270      0.0039        7.57        6.10
         470         280      0.0060        7.68        6.17
         470         290      0.0044        8.09        6.44
         480         100      0.0057        7.49        6.05
         480         110      0.0074        7.46        6.02
         480         120      0.0049        7.43        6.00
         480         130      0.0070        7.46        6.02
         480         140      0.0078        7.44        6.01
         480         150      0.0059        7.84        6.27
         480         160      0.0061        7.46        6.02
         480         170      0.0052        7.49        6.04
         480         180      0.0059        7.51        6.06
         480         190      0.0066        7.47        6.03
         480         200      0.0057        7.51        6.06
         480         210      0.0060        7.53        6.07
         480         220      0.0062        7.95        6.34
         480         230      0.0050        7.82        6.26
         480         240      0.0065        7.92        6.32
         480         250      0.0055        7.43        6.01
         480         260      0.0052        7.62        6.13
         480         270      0.0065        7.66        6.16
         480         280      0.0054        7.46        6.03
         480         290      0.0057        7.64        6.14
         480         300      0.0039        7.63        6.13
         490         100      0.0077        7.53        6.07
         490         110      0.0062        7.75        6.21
         490         120      0.0064        7.50        6.05
         490         130      0.0073        7.49        6.04
         490         140      0.0089        7.48        6.04
         490         150      0.0071        7.44        6.01
         490         160      0.0072        7.74        6.20
         490         170      0.0073        7.56        6.09
         490         180      0.0085        7.46        6.03
         490         190      0.0059        7.50        6.05
         490         200      0.0045        7.69        6.18
         490         210      0.0070        7.59        6.11
         490         220      0.0068        7.57        6.10
         490         230      0.0048        7.54        6.08
         490         240      0.0040        7.53        6.07
         490         250      0.0077        7.53        6.07
         490         260      0.0053        7.57        6.09
         490         270      0.0052        7.50        6.05
         490         280      0.0061        7.46        6.03
         490         290      0.0053        7.43        6.01
         490         300      0.0043        7.52        6.06
         490         310      0.0045        7.58        6.10
         500         100      0.0063        7.54        6.08
         500         110      0.0057        7.68        6.17
         500         120      0.0061        7.48        6.04
         500         130      0.0070        7.60        6.12
         500         140      0.0070        7.48        6.04
         500         150      0.0076        7.58        6.10
         500         160      0.0067        7.51        6.06
         500         170      0.0069        7.52        6.07
         500         180      0.0075        7.43        6.01
         500         190      0.0055        7.88        6.30
         500         200      0.0055        7.43        6.01
         500         210      0.0065        7.54        6.07
         500         220      0.0064        7.53        6.07
         500         230      0.0060        7.45        6.02
         500         240      0.0067        7.57        6.10
         500         250      0.0065        8.08        6.43
         500         260      0.0055        7.54        6.08
         500         270      0.0056        7.54        6.08
         500         280      0.0063        7.44        6.01
         500         290      0.0063        7.59        6.11
         500         300      0.0044        7.43        6.01
         500         310      0.0037        8.08        6.43
         500         320      0.0052        7.76        6.22
