1000 200 0.00798074 1.13958 7.58897 6.09157
1000 220 0.00746717 1.13627 7.57848 6.08973
1000 240 0.00782106 1.1398 7.58846 6.09247
1000 260 0.0099869 1.12034 7.51427 6.05719
1000 280 0.00832713 1.13652 7.58054 6.08874
1000 300 0.00901369 1.14069 7.59236 6.09491
1000 320 0.00831298 1.14524 7.60526 6.10718
1000 340 0.00855716 1.12885 7.54303 6.07573
1000 360 0.00818204 1.12976 7.54393 6.07823
1000 380 0.00829882 1.12921 7.54362 6.07599
1000 400 0.00775382 1.12473 7.52824 6.06564
1000 420 0.00997274 1.12139 7.51734 6.05938
1000 440 0.00749548 1.12302 7.52056 6.06464
1000 460 0.00998024 1.1374 7.58061 6.09091
1000 480 0.00884382 1.12262 7.52189 6.06428
1000 500 0.0110769 1.13566 7.5763 6.09033
1000 520 0.0105394 1.12465 7.52889 6.06515
1000 540 0.00882966 1.11827 7.50834 6.0512
1000 560 0.010274 1.12844 7.54084 6.07364
1000 580 0.00919856 1.10609 7.47803 6.02476
1000 600 0.0085784 1.1164 7.50177 6.05132
1000 620 0.00925122 1.10609 7.47803 6.02476
1000 640 0.0077684 1.11885 7.51029 6.0527
1000 660 0.00977456 1.11329 7.49993 6.04323
1000 680 0.00935343 1.1219 7.51921 6.06274
1000 700 0.0105677 1.09441 7.44603 6.01329
1000 720 0.00860006 1.11761 7.50514 6.05045
1000 740 0.00874119 1.11244 7.49623 6.04303
1000 760 0.00785645 1.09623 7.44992 6.01355
1000 780 0.00783564 1.13382 7.56149 6.08596
420 200 0.00408394 1.27611 8.19579 6.4935
440 200 0.00375128 1.16226 7.68026 6.14681
440 220 0.00434936 1.21983 7.91744 6.31579
460 200 0.00659701 1.14834 7.61992 6.11488
460 220 0.00444491 1.10965 7.48732 6.03362
460 240 0.00392823 1.16322 7.68565 6.15067
480 200 0.00684828 1.15631 7.65619 6.13295
480 220 0.00675938 1.19203 7.79095 6.23397
480 240 0.00427504 1.15483 7.65203 6.12877
480 260 0.00489436 1.15601 7.65604 6.13141
500 200 0.00649396 1.12938 7.54317 6.07785
500 220 0.0055066 1.11916 7.51074 6.05355
500 240 0.00492267 1.11607 7.50167 6.05069
500 260 0.00461478 1.24613 8.04162 6.40175
500 280 0.0055066 1.19615 7.80571 6.24569
520 200 0.00656828 1.11271 7.49688 6.04335
520 220 0.00666383 1.0992 7.45683 6.01421
520 240 0.00676688 1.12003 7.51396 6.05633
520 260 0.00778214 1.11864 7.50965 6.05189
520 280 0.00580118 1.14061 7.59241 6.09518
520 300 0.00679477 1.16912 7.70235 6.16033
540 200 0.00801217 1.12733 7.53746 6.06989
540 220 0.00661075 1.14187 7.59573 6.09575
540 240 0.00675584 1.09772 7.45275 6.01512
540 260 0.00526241 1.14641 7.60931 6.11229
540 280 0.00553491 1.17783 7.73271 6.17957
540 300 0.00640549 1.14111 7.59247 6.09542
540 320 0.00589588 1.12555 7.53223 6.06644
560 200 0.00641256 1.18087 7.74735 6.19083
560 220 0.00723048 1.11595 7.50138 6.05061
560 240 0.00651562 1.10253 7.46799 6.018
560 260 0.00712035 1.1447 7.60306 6.10459
560 280 0.00569062 1.12595 7.53467 6.06668
560 300 0.00641256 1.1615 7.6799 6.14583
560 320 0.00622146 1.11382 7.50271 6.04653
560 340 0.00675273 1.13712 7.58129 6.09103
580 200 0.00759854 1.10059 7.46187 6.0164
580 220 0.00874827 1.11553 7.50293 6.04987
580 240 0.00695048 1.10585 7.47713 6.02291
580 260 0.00827051 1.13137 7.55196 6.0784
580 280 0.00653685 1.12136 7.51758 6.05908
580 300 0.00623562 1.16904 7.7025 6.16005
580 320 0.00701772 1.12327 7.5223 6.06349
580 340 0.00522702 1.11397 7.50236 6.04894
580 360 0.00745301 1.11159 7.49142 6.03809
600 200 0.00757688 1.10867 7.48373 6.03153
600 220 0.0061613 1.1591 7.67167 6.14097
600 240 0.00918356 1.1321 7.55638 6.08071
600 260 0.00793077 1.15624 7.65639 6.13276
600 280 0.00695756 1.11906 7.51021 6.05298
600 300 0.00748133 1.15877 7.6693 6.14091
600 320 0.00714201 1.15487 7.65191 6.12805
600 340 0.00731146 1.16897 7.70181 6.16068
600 360 0.00639841 1.09491 7.4471 6.01385
600 380 0.00491559 1.12742 7.5381 6.07102
620 200 0.00720175 1.1362 7.57846 6.0901
620 220 0.0075698 1.12843 7.54075 6.07306
620 240 0.00807941 1.11062 7.48901 6.03668
620 260 0.00723714 1.10734 7.48068 6.02765
620 280 0.00778921 1.09326 7.44207 6.01232
620 300 0.00782106 1.11976 7.51258 6.05463
620 320 0.00661782 1.10438 7.47162 6.0226
620 340 0.00807941 1.11106 7.49024 6.03687
620 360 0.0072159 1.10295 7.4685 6.01947
620 380 0.00676646 1.12478 7.52848 6.06612
620 400 0.00524825 1.1013 7.46396 6.01689
640 200 0.00782106 1.16447 7.68915 6.15081
640 220 0.00783607 1.11652 7.50248 6.05053
640 240 0.00759103 1.11174 7.49199 6.03936
640 260 0.00782857 1.10632 7.47857 6.02597
640 280 0.00853635 1.12211 7.52013 6.06349
640 300 0.0071062 1.11766 7.50595 6.05037
640 320 0.00762642 1.093 7.44034 6.01203
640 340 0.00802675 1.11592 7.50148 6.05098
640 360 0.00852178 1.09564 7.44862 6.01323
640 380 0.00676646 1.1365 7.58108 6.08896
640 400 0.00526949 1.1473 7.6141 6.11171
640 420 0.00581448 1.12361 7.52314 6.0627
660 200 0.00846204 1.13373 7.56197 6.08512
660 220 0.00942067 1.1261 7.53432 6.06693
660 240 0.0074424 1.11512 7.50168 6.0484
660 260 0.0078423 1.11777 7.50612 6.05081
660 280 0.00866064 1.12059 7.5169 6.05798
660 300 0.00838022 1.12006 7.51368 6.05614
660 320 0.00861733 1.12185 7.51888 6.06213
660 340 0.00793785 1.1344 7.56491 6.08722
660 360 0.00651519 1.12902 7.54328 6.07556
660 380 0.00758395 1.12127 7.51766 6.05844
660 400 0.00859298 1.12176 7.51778 6.06172
660 420 0.00826782 1.10601 7.47807 6.02275
660 440 0.00740701 1.12348 7.52313 6.06202
680 200 0.00955911 1.11728 7.50436 6.05097
680 220 0.00739993 1.1201 7.51388 6.05625
680 240 0.00713493 1.11754 7.50539 6.05038
680 260 0.00853593 1.12991 7.54542 6.0777
680 280 0.00686909 1.09793 7.45425 6.01589
680 300 0.00738577 1.12026 7.51374 6.05648
680 320 0.0104293 1.11418 7.50311 6.04826
680 340 0.00776133 1.12364 7.52303 6.06255
680 360 0.00748133 1.13028 7.54721 6.07701
680 380 0.00760604 1.10384 7.47067 6.02264
680 400 0.00643422 1.11468 7.50336 6.04944
680 420 0.00773259 1.12784 7.53919 6.07232
680 440 0.00672045 1.09616 7.44955 6.01332
680 460 0.00748133 1.11901 7.51023 6.05283
700 200 0.0103483 1.14535 7.60531 6.10716
700 220 0.00832048 1.11288 7.49802 6.04321
700 240 0.00658951 1.12865 7.54229 6.0751
700 260 0.00863899 1.11306 7.49839 6.04381
700 280 0.00955161 1.1076 7.4808 6.0283
700 300 0.00731146 1.11168 7.49195 6.03859
700 320 0.00795908 1.12669 7.53727 6.06896
700 340 0.00845453 1.10376 7.47058 6.02306
700 360 0.00806214 1.09738 7.45159 6.01533
700 380 0.00660367 1.12362 7.52305 6.0626
700 400 0.00828467 1.11574 7.50155 6.05007
700 420 0.00664967 1.10825 7.48378 6.03049
700 440 0.00801217 1.11632 7.50213 6.0516
700 460 0.00606575 1.09975 7.4595 6.0139
700 480 0.00810064 1.11343 7.5002 6.04362
720 200 0.00804798 1.1285 7.54135 6.07412
720 220 0.0083948 1.1038 7.47035 6.02281
720 240 0.00882966 1.11368 7.50139 6.04638
720 260 0.00848285 1.11212 7.49367 6.04162
720 280 0.00728314 1.13089 7.54861 6.07732
720 300 0.00755564 1.10634 7.47877 6.0255
720 320 0.00787769 1.11193 7.49399 6.04031
720 340 0.00834483 1.10657 7.47946 6.02573
720 360 0.00869561 1.11289 7.49825 6.04339
720 380 0.00838022 1.11113 7.49014 6.03765
720 400 0.00687659 1.11811 7.50783 6.05059
720 420 0.00964093 1.10498 7.4736 6.02298
720 440 0.0086244 1.10657 7.47946 6.02573
720 460 0.0070885 1.13695 7.58103 6.09085
720 480 0.0061613 1.09806 7.45506 6.0158
720 500 0.00707435 1.12585 7.5335 6.0665
740 200 0.00773967 1.154 7.64663 6.12744
740 220 0.00812187 1.12578 7.53329 6.06695
740 240 0.00729772 1.11454 7.50308 6.04876
740 260 0.00911717 1.11347 7.50073 6.04376
740 280 0.00832006 1.1212 7.51758 6.05951
740 300 0.00740743 1.1155 7.50306 6.04946
740 320 0.0097144 1.11336 7.50032 6.04365
740 340 0.0070323 1.11966 7.51179 6.05458
740 360 0.00818911 1.11749 7.50485 6.04981
740 380 0.00767993 1.11272 7.497 6.04369
740 400 0.00860756 1.11749 7.50485 6.04981
740 420 0.00570478 1.10453 7.47289 6.02352
740 440 0.00785645 1.09764 7.45245 6.01553
740 460 0.0074884 1.13124 7.55166 6.07766
740 480 0.0070248 1.10209 7.46649 6.01654
740 500 0.00618253 1.10175 7.46507 6.01724
740 520 0.00644795 1.12716 7.53747 6.06971
760 200 0.00930162 1.12226 7.51962 6.06434
760 220 0.0083134 1.13121 7.55099 6.07788
760 240 0.00862483 1.11915 7.51029 6.05339
760 260 0.00801217 1.11604 7.50214 6.05023
760 280 0.00827051 1.12686 7.53771 6.0698
760 300 0.00867395 1.11098 7.49061 6.03715
760 320 0.0074884 1.13066 7.54867 6.07747
760 340 0.00818204 1.12912 7.54346 6.07559
760 360 0.00706019 1.1104 7.48846 6.03651
760 380 0.00964008 1.12133 7.51752 6.0588
760 400 0.00873411 1.09758 7.45239 6.01568
760 420 0.00768701 1.11241 7.49593 6.04325
760 440 0.00828467 1.10999 7.48817 6.03607
760 460 0.00721633 1.13232 7.55578 6.08177
760 480 0.00864606 1.12918 7.54358 6.07543
760 500 0.00770824 1.13243 7.55687 6.08389
760 520 0.00678769 1.10313 7.46914 6.02103
760 540 0.00720883 1.11969 7.51167 6.0545
780 200 0.00891814 1.14039 7.5917 6.09359
780 220 0.00678061 1.11177 7.49258 6.03968
780 240 0.00908801 1.14564 7.60806 6.10883
780 260 0.00808691 1.12156 7.51751 6.06147
780 280 0.00768658 1.12004 7.51372 6.05618
780 300 0.00846161 1.13806 7.58509 6.09083
780 320 0.00853593 1.12098 7.5172 6.05869
780 340 0.00863148 1.12516 7.53063 6.06616
780 360 0.00916232 1.11949 7.51137 6.05414
780 380 0.0100683 1.11211 7.49357 6.0411
780 400 0.00721718 1.10365 7.46974 6.023
780 420 0.00919064 1.12181 7.51819 6.06188
780 440 0.00911632 1.11278 7.4976 6.04319
780 460 0.00961885 1.11837 7.50893 6.05145
780 480 0.0075698 1.10677 7.47967 6.02676
780 500 0.00750964 1.0994 7.45699 6.01309
780 520 0.0077609 1.12607 7.53377 6.0673
780 540 0.00774675 1.10668 7.47959 6.02553
780 560 0.00552783 1.11767 7.50604 6.05055
800 200 0.00723006 1.10025 7.46073 6.01579
800 220 0.00900746 1.11709 7.50426 6.05162
800 240 0.00893937 1.11763 7.50524 6.05051
800 260 0.00929326 1.10796 7.48291 6.02871
800 280 0.00871996 1.11403 7.50312 6.04855
800 300 0.00889733 1.13725 7.58111 6.09122
800 320 0.00774009 1.12308 7.52118 6.0648
800 340 0.00992674 1.11194 7.49411 6.04035
800 360 0.00917648 1.10763 7.48111 6.02846
800 380 0.00873411 1.12062 7.51698 6.0578
800 400 0.00933219 1.10771 7.482 6.02904
800 420 0.00909508 1.10214 7.46679 6.0172
800 440 0.00819662 1.10876 7.48378 6.0311
800 460 0.0081148 1.14554 7.60667 6.10795
800 480 0.00751671 1.1231 7.52138 6.06491
800 500 0.00760519 1.11313 7.49915 6.04334
800 520 0.00865979 1.11288 7.49802 6.04321
800 540 0.00803425 1.12398 7.52531 6.06468
800 560 0.00635948 1.09505 7.44732 6.01318
800 580 0.00758438 1.13563 7.57604 6.0908
820 200 0.0061613 1.13601 7.57381 6.09145
820 220 0.0078498 1.1381 7.58525 6.09118
820 240 0.0080334 1.11312 7.49894 6.04337
820 260 0.008497 1.11998 7.51331 6.05517
820 280 0.00778214 1.10922 7.48469 6.03297
820 300 0.00799447 1.11657 7.50296 6.05055
820 320 0.00981703 1.14215 7.59644 6.09682
820 340 0.00774094 1.11826 7.50818 6.05108
820 360 0.00910216 1.11771 7.50585 6.05062
820 380 0.00740701 1.10729 7.48073 6.02737
820 400 0.00785688 1.10806 7.48372 6.03025
820 420 0.00963343 1.10778 7.48232 6.02831
820 440 0.00863856 1.15001 7.6286 6.11603
820 460 0.0082245 1.10723 7.48101 6.028
820 480 0.00881593 1.12212 7.52019 6.06369
820 500 0.00863856 1.09851 7.45478 6.01485
820 520 0.00739328 1.12038 7.51388 6.05782
820 540 0.00810814 1.13172 7.55399 6.07872
820 560 0.00801967 1.09758 7.45239 6.01568
820 580 0.00824574 1.13105 7.54866 6.07765
820 600 0.00753441 1.14624 7.60962 6.10988
840 200 0.0085784 1.12706 7.53778 6.06917
840 220 0.00841688 1.12486 7.52857 6.06585
840 240 0.0102736 1.11866 7.51001 6.05183
840 260 0.00791662 1.13662 7.58016 6.08886
840 280 0.00659659 1.11328 7.49981 6.04326
840 300 0.00749591 1.11227 7.49517 6.04233
840 320 0.00799136 1.13745 7.58079 6.09087
840 340 0.0087058 1.1311 7.54967 6.07763
840 360 0.00916232 1.1238 7.52475 6.06348
840 380 0.0100754 1.12529 7.53112 6.06627
840 400 0.00850493 1.11777 7.50612 6.05081
840 420 0.00956576 1.10151 7.4644 6.01627
840 440 0.00882966 1.11076 7.48851 6.0364
840 460 0.0083948 1.10906 7.484 6.03184
840 480 0.00880135 1.10182 7.46532 6.01699
840 500 0.0073787 1.11696 7.50392 6.05148
840 520 0.00959761 1.10717 7.4802 6.02791
840 540 0.00785645 1.10174 7.46509 6.01724
840 560 0.00748883 1.12271 7.52214 6.06507
840 580 0.00594896 1.09012 7.43115 6.00516
840 600 0.00729022 1.10424 7.47126 6.02248
840 620 0.00650812 1.09428 7.44498 6.0143
860 200 0.00926495 1.1527 7.63773 6.12278
860 220 0.00943482 1.12675 7.53744 6.06969
860 240 0.00705354 1.12821 7.53959 6.07377
860 260 0.00808648 1.12243 7.52094 6.06478
860 280 0.00829174 1.12449 7.52767 6.06392
860 300 0.0102142 1.12778 7.53882 6.07187
860 320 0.00872746 1.11841 7.50897 6.0511
860 340 0.00846869 1.12893 7.54319 6.0762
860 360 0.00951749 1.13249 7.55726 6.08412
860 380 0.00695048 1.12927 7.54333 6.07682
860 400 0.00908885 1.1174 7.50416 6.05032
860 420 0.00987719 1.12422 7.52657 6.06387
860 440 0.00806525 1.12478 7.52848 6.06612
860 460 0.00668506 1.11239 7.49615 6.04315
860 480 0.00692217 1.10746 7.48117 6.0277
860 500 0.00794493 1.11212 7.49367 6.04162
860 520 0.0104647 1.09865 7.45494 6.01365
860 540 0.00763746 1.12986 7.54514 6.07744
860 560 0.00765162 1.10324 7.46881 6.02127
860 580 0.00835233 1.12584 7.53345 6.06625
860 600 0.00703896 1.10851 7.48372 6.03035
860 620 0.00666383 1.135 7.57271 6.08956
860 640 0.00722298 1.10342 7.46938 6.02312
880 200 0.00865272 1.14204 7.59646 6.09598
880 220 0.0078423 1.1387 7.58697 6.09175
880 240 0.00783522 1.12054 7.51628 6.05704
880 260 0.00686201 1.13758 7.58155 6.09125
880 280 0.00770074 1.13327 7.56016 6.0872
880 300 0.00980372 1.11984 7.51297 6.05488
880 320 0.00830675 1.13381 7.56145 6.08591
880 340 0.0093145 1.13348 7.56147 6.08638
880 360 0.00871288 1.11212 7.49367 6.04162
880 380 0.00901411 1.1291 7.54325 6.07531
880 400 0.0094034 1.11884 7.51016 6.05253
880 420 0.00942774 1.11877 7.50992 6.05226
880 440 0.0104651 1.10595 7.47789 6.02243
880 460 0.00863856 1.11641 7.50166 6.05185
880 480 0.00875577 1.1054 7.47378 6.0233
880 500 0.00913132 1.10505 7.47406 6.02329
880 520 0.0092583 1.10493 7.47305 6.02255
880 540 0.00882966 1.10325 7.46879 6.02142
880 560 0.00783522 1.10754 7.48102 6.02885
880 580 0.00836606 1.10417 7.47103 6.02291
880 600 0.00987719 1.12768 7.53842 6.07197
880 620 0.0080409 1.14021 7.59055 6.09319
880 640 0.00848285 1.1511 7.63129 6.11985
880 660 0.00777548 1.19158 7.78724 6.23243
900 200 0.00959408 1.11771 7.50585 6.05062
900 220 0.00838064 1.11883 7.51029 6.05263
900 240 0.00936758 1.11301 7.49824 6.0433
900 260 0.00838022 1.13751 7.58078 6.09106
900 280 0.0082037 1.15144 7.63208 6.12047
900 300 0.0100683 1.13558 7.57631 6.09088
900 320 0.00964716 1.12501 7.52986 6.06627
900 340 0.00799093 1.12753 7.53858 6.07203
900 360 0.00913755 1.11995 7.51298 6.05485
900 380 0.00846161 1.11279 7.49765 6.04341
900 400 0.00835941 1.11343 7.5002 6.04362
900 420 0.00829882 1.11622 7.50225 6.05083
900 440 0.00910216 1.10492 7.47273 6.02266
900 460 0.0100612 1.11339 7.5006 6.04353
900 480 0.00966132 1.11268 7.49649 6.04333
900 500 0.00846869 1.13485 7.5681 6.08846
900 520 0.00933219 1.10099 7.46218 6.01693
900 540 0.00730438 1.10803 7.48343 6.02927
900 560 0.00695048 1.09798 7.45457 6.01616
900 580 0.00795243 1.09474 7.44702 6.01361
900 600 0.0102744 1.10607 7.478 6.02475
900 620 0.00692925 1.10414 7.47068 6.02221
900 640 0.00765119 1.10373 7.47011 6.02322
900 660 0.00733269 1.13057 7.54857 6.07725
900 680 0.00686909 1.11744 7.5045 6.05016
920 200 0.00970732 1.12959 7.54464 6.07835
920 220 0.00935385 1.12612 7.5341 6.0669
920 240 0.00848992 1.13708 7.58118 6.09073
920 260 0.00893272 1.11747 7.50461 6.05032
920 280 0.00935343 1.13958 7.58897 6.09157
920 300 0.00972148 1.11837 7.50893 6.05145
920 320 0.00742824 1.1719 7.71288 6.1693
920 340 0.00767993 1.13222 7.55625 6.08168
920 360 0.00787854 1.12741 7.53779 6.07071
920 380 0.00747425 1.13224 7.55619 6.08171
920 400 0.00962593 1.11695 7.50363 6.05142
920 420 0.00847577 1.13065 7.54851 6.07703
920 440 0.00773259 1.12091 7.5173 6.05851
920 460 0.00669257 1.11114 7.49037 6.03757
920 480 0.0109743 1.11068 7.48885 6.03689
920 500 0.0101709 1.12488 7.5288 6.06533
920 520 0.0081148 1.11683 7.50381 6.05096
920 540 0.00953745 1.10247 7.46735 6.01768
920 560 0.00767951 1.11159 7.49142 6.03809
920 580 0.00840853 1.09864 7.45475 6.01427
920 600 0.00864564 1.13111 7.54973 6.0779
920 620 0.00907385 1.11233 7.49625 6.0424
920 640 0.00642672 1.08759 7.425 5.9985
920 660 0.0077684 1.10194 7.46559 6.01681
920 680 0.0100683 1.12308 7.52118 6.0648
920 700 0.00582156 1.11533 7.5029 6.04842
940 200 0.00868896 1.14192 7.59525 6.09609
940 220 0.00785688 1.12439 7.52779 6.06394
940 240 0.00763704 1.12597 7.53467 6.06689
940 260 0.00713451 1.12519 7.53053 6.06603
940 280 0.0091769 1.13698 7.58141 6.09085
940 300 0.0076662 1.13348 7.56147 6.08638
940 320 0.00892564 1.11862 7.50954 6.05195
940 340 0.00925122 1.13856 7.58687 6.09137
940 360 0.0064338 1.12755 7.53825 6.07185
940 380 0.00861025 1.12962 7.54471 6.07849
940 400 0.00961885 1.13598 7.57324 6.09106
940 420 0.00828467 1.12738 7.53766 6.07081
940 440 0.00908801 1.13584 7.57617 6.09005
940 460 0.0104155 1.11727 7.50403 6.05106
940 480 0.0102594 1.12453 7.52787 6.06418
940 500 0.0092583 1.10988 7.48823 6.03555
940 520 0.00901411 1.10783 7.48212 6.02861
940 540 0.00867395 1.11239 7.49615 6.04315
940 560 0.00980287 1.10731 7.48062 6.02725
940 580 0.0100829 1.0958 7.44963 6.01367
940 600 0.00988469 1.11855 7.50847 6.05128
940 620 0.00748133 1.11212 7.49367 6.04162
940 640 0.00711328 1.13154 7.55338 6.07885
940 660 0.00738577 1.09839 7.45465 6.01524
940 680 0.00729772 1.10759 7.48081 6.02869
940 700 0.00767243 1.1034 7.4693 6.02303
940 720 0.00859298 1.09795 7.45465 6.01573
960 200 0.00773967 1.14492 7.6035 6.1058
960 220 0.00911674 1.13057 7.54857 6.07725
960 240 0.00784938 1.11946 7.51097 6.05433
960 260 0.00962592 1.12148 7.51734 6.06012
960 280 0.00674523 1.12548 7.53228 6.0664
960 300 0.00733269 1.1253 7.53109 6.0659
960 320 0.00855009 1.1223 7.51985 6.06426
960 340 0.00875535 1.12053 7.51623 6.05726
960 360 0.00791662 1.13104 7.54894 6.07788
960 380 0.0091309 1.13089 7.54861 6.07732
960 400 0.00845453 1.13009 7.54688 6.0774
960 420 0.0101922 1.11429 7.5035 6.0487
960 440 0.00952372 1.12907 7.5434 6.07542
960 460 0.00883717 1.11777 7.50612 6.05081
960 480 0.00920479 1.11795 7.50602 6.05011
960 500 0.00732689 1.11684 7.50386 6.05092
960 520 0.00720968 1.11097 7.49036 6.03697
960 540 0.00998024 1.11822 7.50792 6.05154
960 560 0.00874119 1.10964 7.48736 6.03367
960 580 0.010585 1.09856 7.45476 6.01516
960 600 0.00860713 1.11865 7.50967 6.05188
960 620 0.0076587 1.10722 7.48095 6.02797
960 640 0.00874827 1.10115 7.4626 6.01676
960 660 0.00756272 1.14974 7.62764 6.119
960 680 0.00872038 1.10859 7.48368 6.03051
960 700 0.00859255 1.13466 7.56785 6.08727
960 720 0.00844788 1.1223 7.51985 6.06426
960 740 0.00669214 1.12628 7.53541 6.06678
980 200 0.00751756 1.13262 7.55783 6.08432
980 220 0.0097219 1.13403 7.56161 6.08549
980 240 0.00908093 1.13712 7.58129 6.09103
980 260 0.00732561 1.11817 7.50723 6.05073
980 280 0.00880843 1.13047 7.54781 6.07747
980 300 0.00890441 1.1209 7.51719 6.05899
980 320 0.00733977 1.11841 7.50897 6.0511
980 340 0.00819704 1.12294 7.52061 6.06513
980 360 0.00845453 1.12254 7.52128 6.06464
980 380 0.00839437 1.12089 7.51702 6.05868
980 400 0.00731146 1.12466 7.52907 6.06521
980 420 0.00882259 1.11699 7.50383 6.05173
980 440 0.0104014 1.13488 7.56853 6.08901
980 460 0.00995151 1.12926 7.54341 6.07695
980 480 0.00812187 1.1257 7.53241 6.06588
980 500 0.00953037 1.13669 7.58028 6.08961
980 520 0.0105394 1.12298 7.52067 6.0651
980 540 0.0091694 1.12185 7.51888 6.06213
980 560 0.00876993 1.09724 7.45072 6.01565
980 580 0.00738577 1.11509 7.502 6.04878
980 600 0.00970024 1.10607 7.478 6.02475
980 620 0.00974271 1.10867 7.48373 6.03153
980 640 0.00929411 1.138 7.58464 6.09037
980 660 0.00617546 1.11303 7.49853 6.04291
980 680 0.00912382 1.09521 7.44798 6.01307
980 700 0.00739993 1.13363 7.562 6.08646
980 720 0.00783564 1.13493 7.56871 6.08908
980 740 0.00684078 1.13374 7.56235 6.08536
980 760 0.00684078 1.1149 7.50247 6.04934
