1000 200 0.00689782 1.14002 5.36127 3.84731
1000 220 0.00693633 1.1377 5.35673 3.8474
1000 240 0.00711328 1.13182 5.3422 3.83836
1000 260 0.00900661 1.12715 5.33272 3.83553
1000 280 0.00716282 1.13864 5.35891 3.8501
1000 300 0.00794493 1.14181 5.36635 3.84984
1000 320 0.00723714 1.15128 5.38962 3.85874
1000 340 0.00731853 1.13501 5.35059 3.84525
1000 360 0.00720175 1.1438 5.3721 3.85268
1000 380 0.00732561 1.13468 5.3494 3.84453
1000 400 0.00703188 1.12999 5.33958 3.83644
1000 420 0.00917648 1.13038 5.33982 3.83758
1000 440 0.00678769 1.12829 5.33441 3.83615
1000 460 0.00862483 1.13352 5.34585 3.84108
1000 480 0.00766535 1.11371 5.29779 3.8185
1000 500 0.0099055 1.15423 5.40054 3.86104
1000 520 0.00974313 1.12932 5.33767 3.83585
1000 540 0.00829882 1.13005 5.33979 3.83699
1000 560 0.00937509 1.13021 5.33928 3.83724
1000 580 0.00866772 1.11102 5.29014 3.81657
1000 600 0.00777506 1.12057 5.31643 3.82883
1000 620 0.00889733 1.1113 5.29089 3.816
1000 640 0.00705354 1.13207 5.34242 3.83925
1000 660 0.00869872 1.13129 5.34096 3.83852
1000 680 0.00872703 1.1202 5.31534 3.82861
1000 700 0.0101112 1.11174 5.29234 3.81699
1000 720 0.00789227 1.13059 5.34042 3.83727
1000 740 0.0080334 1.09892 5.26527 3.80617
1000 760 0.00732561 1.09794 5.26263 3.80468
1000 780 0.00721633 1.17198 5.4424 3.8926
420 200 0.00150405 1.30941 5.92127 4.19207
440 200 0.00203489 1.35767 6.11172 4.30491
440 220 0.00196057 1.24053 5.66831 4.02334
460 200 0.00365615 1.23414 5.6401 4.0138
460 220 0.00203489 1.1971 5.51571 3.94147
460 240 0.00188626 1.25781 5.73234 4.07226
480 200 0.00390742 1.20346 5.53045 3.95433
480 220 0.00364865 1.13136 5.3413 3.8386
480 240 0.00258697 1.22589 5.60714 3.99461
480 260 0.00213752 1.19245 5.50145 3.93402
500 200 0.00400962 1.17819 5.457 3.90879
500 220 0.00373712 1.18834 5.48805 3.92655
500 240 0.00213752 1.30862 5.91898 4.19013
500 260 0.00274268 1.33499 6.02224 4.24015
500 280 0.00292671 1.22865 5.61708 4.00213
520 200 0.00389992 1.24525 5.68406 4.03464
520 220 0.00409102 1.19436 5.50488 3.93948
520 240 0.00444491 1.13524 5.35026 3.84494
520 260 0.00563046 1.14077 5.36394 3.84886
520 280 0.00401713 1.17919 5.46228 3.91176
520 300 0.00403086 1.18055 5.46604 3.91275
540 200 0.00605867 1.25192 5.70935 4.05739
540 220 0.00410517 1.13902 5.35965 3.85
540 240 0.00415472 1.15809 5.4111 3.8708
540 260 0.00284531 1.1764 5.45502 3.90569
540 280 0.00339739 1.26109 5.74512 4.08083
540 300 0.00453339 1.2145 5.56622 3.97123
540 320 0.0039353 1.15985 5.41503 3.87174
560 200 0.00443783 1.19101 5.49616 3.93061
560 220 0.00507881 1.17858 5.45877 3.91042
560 240 0.00490186 1.14019 5.36143 3.84783
560 260 0.00560922 1.1554 5.40373 3.86084
560 280 0.00383268 1.207 5.54305 3.96061
560 300 0.00454046 1.17733 5.45499 3.90687
560 320 0.00443783 1.1648 5.42531 3.87546
560 340 0.00496868 1.18462 5.47724 3.92292
580 200 0.00526991 1.17712 5.4542 3.90674
580 220 0.0062427 1.18675 5.48384 3.9268
580 240 0.00535088 1.10636 5.28127 3.81394
580 260 0.00532257 1.1688 5.43421 3.88413
580 280 0.00447365 1.14878 5.38622 3.85599
580 300 0.00400254 1.13983 5.36121 3.84981
580 320 0.00506423 1.14906 5.38682 3.85668
580 340 0.00425381 1.1243 5.3233 3.83043
580 360 0.00586049 1.17324 5.4462 3.89658
600 200 0.00553491 1.15166 5.39197 3.85904
600 220 0.00465017 1.16172 5.41878 3.87073
600 240 0.00641964 1.12187 5.32 3.8288
600 260 0.00560922 1.19995 5.5254 3.94806
600 280 0.00481296 1.13129 5.34096 3.83852
600 300 0.00526241 1.17827 5.45704 3.90892
600 320 0.00510712 1.14406 5.37316 3.8524
600 340 0.00471741 1.20613 5.53998 3.95844
600 360 0.00417241 1.12169 5.32 3.82844
600 380 0.00383975 1.18551 5.47962 3.92317
620 200 0.00516686 1.14517 5.37732 3.85308
620 220 0.00544643 1.12475 5.32415 3.83101
620 240 0.00604451 1.1525 5.39561 3.85966
620 260 0.00509254 1.13035 5.34012 3.8377
620 280 0.00574017 1.12973 5.3398 3.83654
620 300 0.00506423 1.15264 5.3966 3.85933
620 320 0.00474572 1.14819 5.38459 3.85559
620 340 0.00629578 1.11521 5.30277 3.82006
620 360 0.00498991 1.16973 5.43635 3.88691
620 380 0.00497575 1.1356 5.35043 3.84523
620 400 0.00418657 1.09625 5.26082 3.8028
640 200 0.0054252 1.2023 5.53155 3.95195
640 220 0.00588257 1.17125 5.44071 3.89119
640 240 0.00580033 1.14919 5.38738 3.85708
640 260 0.00595604 1.13502 5.3506 3.845
640 280 0.00622146 1.14762 5.38326 3.85559
640 300 0.00489436 1.17218 5.44133 3.8928
640 320 0.00618961 1.11427 5.30005 3.81921
640 340 0.00571185 1.13979 5.3608 3.84982
640 360 0.00691509 1.10977 5.288 3.81454
640 380 0.00533673 1.17268 5.44342 3.89446
640 400 0.00445199 1.18259 5.47348 3.91717
640 420 0.00456878 1.21082 5.55322 3.96746
660 200 0.00675938 1.14072 5.3637 3.84907
660 220 0.00729022 1.1247 5.32391 3.8311
660 240 0.00566585 1.12969 5.33972 3.83639
660 260 0.00560922 1.13142 5.34118 3.83876
660 280 0.00615465 1.16123 5.41795 3.87012
660 300 0.00633825 1.09924 5.26716 3.806
660 320 0.00639841 1.18916 5.49144 3.92627
660 340 0.00552075 1.16945 5.43529 3.88575
660 360 0.00562338 1.21167 5.55666 3.96703
660 380 0.00624977 1.19371 5.50383 3.93699
660 400 0.0069049 1.16924 5.43465 3.88494
660 420 0.00701503 1.11434 5.29997 3.81957
660 440 0.00552075 1.1233 5.32162 3.82982
680 200 0.00751714 1.14005 5.36131 3.84743
680 220 0.0059702 1.13821 5.35825 3.84885
680 240 0.0057866 1.13298 5.34417 3.8406
680 260 0.00657536 1.15946 5.41463 3.87187
680 280 0.00533673 1.13428 5.34899 3.84252
680 300 0.00632409 1.14706 5.38223 3.85547
680 320 0.00836606 1.1405 5.36262 3.8485
680 340 0.00562381 1.1717 5.44195 3.89215
680 360 0.00613299 1.14617 5.37885 3.85415
680 380 0.00582949 1.11212 5.29327 3.8179
680 400 0.00518144 1.16744 5.431 3.88065
680 420 0.00630994 1.11313 5.29644 3.81807
680 440 0.00564461 1.09988 5.26821 3.80757
680 460 0.00605867 1.11262 5.29531 3.81767
700 200 0.0080409 1.16137 5.41858 3.87019
700 220 0.00697922 1.12928 5.33787 3.83583
700 240 0.00532257 1.18378 5.47472 3.92308
700 260 0.00676688 1.14296 5.36925 3.84949
700 280 0.00793077 1.14432 5.37319 3.85239
700 300 0.00605159 1.12966 5.33953 3.83653
700 320 0.00661782 1.12974 5.33973 3.8365
700 340 0.00622854 1.12066 5.31655 3.82866
700 360 0.00617588 1.13935 5.36049 3.84719
700 380 0.00580741 1.12195 5.31992 3.82889
700 400 0.00641964 1.11954 5.31255 3.82743
700 420 0.00540397 1.13114 5.3405 3.83718
700 440 0.00631701 1.1205 5.31648 3.82845
700 460 0.00498991 1.16304 5.42135 3.87261
700 480 0.00659659 1.12687 5.3319 3.83526
720 200 0.00678812 1.16532 5.42507 3.87753
720 220 0.00741451 1.12562 5.32743 3.83236
720 240 0.00731853 1.13455 5.34928 3.84347
720 260 0.00733269 1.13672 5.35343 3.84595
720 280 0.00622146 1.13953 5.35989 3.84743
720 300 0.00604451 1.1193 5.31225 3.82797
720 320 0.00590296 1.1108 5.28981 3.81626
720 340 0.00657536 1.12243 5.32024 3.82898
720 360 0.00663906 1.14325 5.36999 3.84973
720 380 0.00703896 1.11071 5.29004 3.81571
720 400 0.00554241 1.14473 5.37506 3.85295
720 420 0.00774717 1.12863 5.33652 3.83589
720 440 0.00692925 1.13806 5.35743 3.84799
720 460 0.00546059 1.13581 5.3505 3.8444
720 480 0.00482712 1.11396 5.29914 3.81963
720 500 0.00599143 1.1258 5.32811 3.83251
740 200 0.00657536 1.1952 5.50857 3.93852
740 220 0.0058888 1.15257 5.39566 3.85996
740 240 0.00639883 1.12911 5.33814 3.83567
740 260 0.00689075 1.13638 5.35125 3.84501
740 280 0.00591711 1.15513 5.40429 3.8602
740 300 0.00606617 1.13462 5.34894 3.84378
740 320 0.00791662 1.11759 5.31028 3.82408
740 340 0.0057052 1.14218 5.36709 3.85007
740 360 0.0070248 1.11622 5.30512 3.82117
740 380 0.00608033 1.1228 5.32166 3.82907
740 400 0.00700045 1.13715 5.35519 3.84673
740 420 0.00419365 1.13158 5.34112 3.83863
740 440 0.00661075 1.11784 5.31081 3.82487
740 460 0.00588172 1.14074 5.36369 3.84883
740 480 0.00586757 1.1385 5.35845 3.84956
740 500 0.00564461 1.10504 5.27928 3.81238
740 520 0.00510669 1.10838 5.28476 3.81402
760 200 0.00752464 1.12263 5.32033 3.82897
760 220 0.00707477 1.13152 5.34115 3.83885
760 240 0.0073862 1.15924 5.41396 3.87184
760 260 0.00668506 1.14153 5.36556 3.84956
760 280 0.00675938 1.1814 5.46774 3.91417
760 300 0.00761227 1.12908 5.33792 3.83595
760 320 0.00641256 1.13083 5.34039 3.83749
760 340 0.00684785 1.1228 5.32166 3.82907
760 360 0.00571185 1.13279 5.34347 3.84054
760 380 0.00839437 1.13501 5.35059 3.84525
760 400 0.00731853 1.10009 5.26764 3.80786
760 420 0.00599893 1.1339 5.34739 3.84224
760 440 0.00640549 1.13316 5.34506 3.84071
760 460 0.00597062 1.13465 5.34916 3.84395
760 480 0.00667091 1.11847 5.31227 3.82695
760 500 0.00628559 1.19709 5.51549 3.94151
760 520 0.00572601 1.1092 5.28652 3.81537
760 540 0.00613299 1.14259 5.36837 3.84919
780 200 0.00759103 1.13895 5.35941 3.84971
780 220 0.00571893 1.12591 5.32919 3.83283
780 240 0.0075698 1.15662 5.40581 3.86356
780 260 0.0071062 1.14226 5.36657 3.85003
780 280 0.00652935 1.12059 5.3163 3.82873
780 300 0.00659659 1.15197 5.39368 3.85931
780 320 0.00711328 1.12778 5.3339 3.83531
780 340 0.00650104 1.11777 5.31048 3.82433
780 360 0.00818204 1.15133 5.39013 3.8588
780 380 0.00836606 1.16113 5.41746 3.86955
780 400 0.00605994 1.14665 5.38017 3.85491
780 420 0.00739993 1.14047 5.36268 3.84856
780 440 0.007952 1.12442 5.32356 3.83039
780 460 0.00713451 1.11948 5.31259 3.82749
780 480 0.00650812 1.11571 5.30419 3.82094
780 500 0.00661782 1.10299 5.2722 3.81107
780 520 0.00641964 1.14095 5.36436 3.8481
780 540 0.00695048 1.10411 5.2752 3.81248
780 560 0.00472449 1.10302 5.27232 3.81111
800 200 0.00579325 1.11849 5.3126 3.82698
800 220 0.0079387 1.15035 5.38732 3.85904
800 240 0.00733977 1.13645 5.35154 3.84489
800 260 0.00866687 1.11539 5.30322 3.82023
800 280 0.00765119 1.14457 5.3748 3.85282
800 300 0.00684828 1.1662 5.4272 3.8795
800 320 0.00720925 1.13226 5.34234 3.83968
800 340 0.00840853 1.13563 5.35062 3.84519
800 360 0.00810772 1.12527 5.32663 3.83156
800 380 0.00765827 1.13992 5.36098 3.84979
800 400 0.00755564 1.11905 5.3122 3.8276
800 420 0.00767243 1.11277 5.2957 3.81843
800 440 0.00721633 1.11519 5.30259 3.8201
800 460 0.00704604 1.12257 5.32049 3.829
800 480 0.00633825 1.11446 5.30067 3.8197
800 500 0.00618253 1.12186 5.31991 3.82867
800 520 0.00669922 1.10044 5.26837 3.80862
800 540 0.00658328 1.14965 5.38509 3.85732
800 560 0.00572601 1.09045 5.2514 3.8004
800 580 0.00677396 1.1557 5.40417 3.86112
820 200 0.00463602 1.14383 5.37216 3.85283
820 220 0.00714201 1.14931 5.38372 3.85732
820 240 0.00678769 1.17595 5.45398 3.9042
820 260 0.00723714 1.13624 5.351 3.84476
820 280 0.00678769 1.11244 5.2954 3.81782
820 300 0.00674169 1.14628 5.37883 3.85451
820 320 0.0083059 1.15382 5.39974 3.86009
820 340 0.00676023 1.12833 5.33486 3.83594
820 360 0.00839437 1.12487 5.32483 3.83107
820 380 0.0064338 1.11206 5.29305 3.81767
820 400 0.00642715 1.12442 5.32356 3.83039
820 420 0.00829217 1.10449 5.2765 3.81242
820 440 0.00765119 1.15358 5.4001 3.85986
820 460 0.00715574 1.11493 5.30091 3.81963
820 480 0.00791704 1.13546 5.3503 3.84534
820 500 0.0072973 1.10492 5.27753 3.81301
820 520 0.00658951 1.12754 5.33294 3.83488
820 540 0.00721633 1.13272 5.34296 3.84011
820 560 0.00632452 1.09545 5.25872 3.80167
820 580 0.00718405 1.13306 5.34431 3.84118
820 600 0.00637718 1.11075 5.29009 3.81597
840 200 0.00733269 1.12812 5.3343 3.83569
840 220 0.00734769 1.15751 5.40945 3.86958
840 240 0.0085784 1.12802 5.334 3.83548
840 260 0.00622854 1.14017 5.3613 3.84793
840 280 0.00606575 1.12301 5.322 3.82955
840 300 0.00625728 1.11088 5.29015 3.81625
840 320 0.00648023 1.13731 5.35548 3.84677
840 340 0.00755564 1.16083 5.41624 3.8694
840 360 0.00791662 1.13341 5.34573 3.84076
840 380 0.00802632 1.12196 5.32008 3.82866
840 400 0.00742159 1.11537 5.30317 3.81997
840 420 0.00804756 1.10798 5.28431 3.81377
840 440 0.00765827 1.11431 5.29998 3.81954
840 460 0.00723006 1.12052 5.31659 3.82875
840 480 0.00782106 1.10925 5.28685 3.81546
840 500 0.00639841 1.14907 5.38679 3.85689
840 520 0.00852885 1.13006 5.33966 3.83704
840 540 0.00669214 1.11378 5.2979 3.8188
840 560 0.00642715 1.16506 5.42556 3.87688
840 580 0.0055066 1.0979 5.26238 3.80451
840 600 0.00649396 1.10078 5.26883 3.80992
840 620 0.00570478 1.10592 5.28022 3.81312
860 200 0.00802632 1.15473 5.40237 3.86226
860 220 0.00810772 1.13237 5.34242 3.83954
860 240 0.00599186 1.14033 5.36207 3.84779
860 260 0.00755564 1.15403 5.39989 3.86015
860 280 0.00669922 1.14455 5.37494 3.85278
860 300 0.00896853 1.13219 5.34229 3.83935
860 320 0.00756272 1.12414 5.32348 3.83043
860 340 0.00784938 1.14361 5.37134 3.84979
860 360 0.00827886 1.13391 5.34739 3.8423
860 380 0.0058888 1.12005 5.31542 3.82821
860 400 0.0079312 1.14347 5.3709 3.84988
860 420 0.00836606 1.12037 5.31569 3.82888
860 440 0.00698941 1.15512 5.40417 3.86012
860 460 0.00571185 1.10145 5.2708 3.81037
860 480 0.00612591 1.10578 5.27983 3.81302
860 500 0.00688324 1.11241 5.29545 3.81765
860 520 0.00920479 1.10451 5.27669 3.81239
860 540 0.00710662 1.13527 5.3502 3.8453
860 560 0.00712078 1.11182 5.29287 3.81705
860 580 0.00728357 1.13478 5.34995 3.84466
860 600 0.00633117 1.09289 5.25671 3.80081
860 620 0.00586757 1.13448 5.34911 3.84326
860 640 0.0062427 1.08839 5.24751 3.79533
880 200 0.00685493 1.14138 5.36461 3.84912
880 220 0.00704604 1.14942 5.38451 3.85741
880 240 0.00677354 1.14632 5.37908 3.85431
880 260 0.00615422 1.12782 5.33393 3.83508
880 280 0.00645503 1.14602 5.3789 3.85412
880 300 0.00845496 1.11636 5.30551 3.82121
880 320 0.00732604 1.15229 5.39525 3.85964
880 340 0.00859963 1.15394 5.39988 3.85991
880 360 0.0072973 1.11039 5.28941 3.81618
880 380 0.00756272 1.14412 5.37321 3.85258
880 400 0.00860006 1.12089 5.3178 3.82861
880 420 0.00818911 1.13761 5.35658 3.8476
880 440 0.00975021 1.10587 5.27987 3.81308
880 460 0.00774675 1.11054 5.29019 3.81546
880 480 0.00742159 1.10061 5.26855 3.80911
880 500 0.00796659 1.12485 5.32492 3.83087
880 520 0.00818204 1.10871 5.28556 3.81421
880 540 0.0077609 1.10394 5.27433 3.81153
880 560 0.00703896 1.12283 5.32184 3.82921
880 580 0.00739285 1.09711 5.26342 3.80406
880 600 0.00852885 1.13064 5.34053 3.83746
880 620 0.00697922 1.13391 5.34739 3.8423
880 640 0.007952 1.16763 5.4314 3.88183
880 660 0.00689075 1.21185 5.55746 3.96658
900 200 0.00826697 1.12761 5.33317 3.83485
900 220 0.00731188 1.13157 5.34094 3.83842
900 240 0.00810772 1.11176 5.29252 3.81695
900 260 0.00766535 1.14091 5.36411 3.84794
900 280 0.00723048 1.17092 5.43946 3.89113
900 300 0.00846161 1.13582 5.35039 3.8444
900 320 0.00858548 1.14096 5.36427 3.8481
900 340 0.0071062 1.14114 5.36434 3.84796
900 360 0.00796616 1.13014 5.33948 3.83727
900 380 0.00774675 1.13015 5.33931 3.83719
900 400 0.00756315 1.12507 5.32618 3.83109
900 420 0.00706019 1.12407 5.32326 3.83042
900 440 0.00812895 1.11007 5.28884 3.81464
900 460 0.00871996 1.11098 5.28975 3.8166
900 480 0.00859963 1.12892 5.33734 3.83606
900 500 0.00686909 1.13819 5.35832 3.84882
900 520 0.00826343 1.1005 5.26882 3.8091
900 540 0.00650812 1.11095 5.28971 3.81645
900 560 0.0062427 1.10045 5.2684 3.80868
900 580 0.00714201 1.1057 5.27791 3.81268
900 600 0.00938259 1.10433 5.27625 3.81266
900 620 0.0064798 1.09992 5.26822 3.80766
900 640 0.00694341 1.11538 5.30312 3.82014
900 660 0.00688324 1.15567 5.40408 3.8613
900 680 0.00597727 1.11464 5.30033 3.81948
920 200 0.00810064 1.14724 5.38206 3.85535
920 220 0.00765119 1.14525 5.37681 3.85314
920 240 0.00759103 1.16341 5.42141 3.87318
920 260 0.00856467 1.12138 5.31911 3.82916
920 280 0.00774675 1.14762 5.38326 3.85559
920 300 0.00838729 1.11983 5.31449 3.82821
920 320 0.00625685 1.18286 5.47369 3.91895
920 340 0.00706062 1.14322 5.37014 3.84962
920 360 0.0070752 1.12273 5.321 3.82868
920 380 0.00667799 1.12892 5.33734 3.83606
920 400 0.00865272 1.12636 5.33087 3.8332
920 420 0.00732561 1.12333 5.32165 3.82976
920 440 0.00746717 1.12287 5.32182 3.82958
920 460 0.00598478 1.11809 5.31114 3.82574
920 480 0.00910924 1.11743 5.30977 3.82334
920 500 0.00883674 1.11775 5.31035 3.82421
920 520 0.00731853 1.11758 5.31006 3.82362
920 540 0.0083873 1.10589 5.28009 3.81324
920 560 0.00686909 1.11775 5.31035 3.82421
920 580 0.00715574 1.11464 5.30033 3.81948
920 600 0.0081148 1.14316 5.36976 3.84979
920 620 0.00827759 1.1103 5.28925 3.81561
920 640 0.00607283 1.1238 5.32353 3.83057
920 660 0.00714909 1.09939 5.2679 3.80601
920 680 0.00926495 1.13488 5.34995 3.84456
920 700 0.00528364 1.14604 5.37897 3.85427
940 200 0.00734769 1.15582 5.40351 3.86109
940 220 0.00695756 1.13025 5.33949 3.83721
940 240 0.00692925 1.13114 5.3405 3.83718
940 260 0.00633117 1.13737 5.35556 3.8471
940 280 0.00775425 1.16154 5.41896 3.87024
940 300 0.00678146 1.1563 5.4039 3.86287
940 320 0.00776133 1.11596 5.30457 3.82083
940 340 0.00827093 1.13187 5.34251 3.8389
940 360 0.00527656 1.15645 5.40374 3.86324
940 380 0.00772551 1.13389 5.34744 3.84224
940 400 0.00837314 1.1371 5.35487 3.84666
940 420 0.00731146 1.12444 5.32363 3.83054
940 440 0.00783522 1.12729 5.33299 3.83548
940 460 0.00933927 1.13693 5.35393 3.84667
940 480 0.00936758 1.12124 5.31922 3.82897
940 500 0.00836649 1.11231 5.29484 3.81757
940 520 0.0078423 1.11116 5.29031 3.81607
940 540 0.00804756 1.11966 5.31292 3.82767
940 560 0.00856424 1.11397 5.29908 3.81966
940 580 0.00928661 1.10345 5.27286 3.81129
940 600 0.00908843 1.12855 5.33569 3.83603
940 620 0.00676646 1.14233 5.36685 3.84983
940 640 0.00613299 1.12234 5.31987 3.82953
940 660 0.00667799 1.09493 5.25743 3.80196
940 680 0.00641299 1.11312 5.29635 3.81805
940 700 0.00686909 1.1164 5.3055 3.82135
940 720 0.00814353 1.09948 5.26734 3.80644
960 200 0.00667091 1.16026 5.41538 3.87186
960 220 0.00804798 1.13465 5.34916 3.84395
960 240 0.00723006 1.13564 5.35045 3.845
960 260 0.00820327 1.12437 5.32358 3.83036
960 280 0.00558799 1.13957 5.3601 3.84738
960 300 0.00669922 1.13244 5.34238 3.84009
960 320 0.00739285 1.12909 5.33805 3.83589
960 340 0.00831298 1.12853 5.33564 3.83602
960 360 0.00703188 1.1497 5.38519 3.85758
960 380 0.00832048 1.12967 5.33948 3.83644
960 400 0.00756272 1.12953 5.33901 3.83644
960 420 0.00910216 1.11709 5.30827 3.82261
960 440 0.00853636 1.13299 5.34426 3.8406
960 460 0.00830632 1.12539 5.32678 3.8319
960 480 0.00840853 1.12431 5.3232 3.83014
960 500 0.0063466 1.12891 5.3374 3.83606
960 520 0.00650189 1.12496 5.32562 3.83112
960 540 0.00899288 1.1177 5.31064 3.82425
960 560 0.0077609 1.10568 5.27943 3.81282
960 580 0.00933927 1.11413 5.29977 3.81893
960 600 0.00780379 1.13181 5.34215 3.83812
960 620 0.00695091 1.12144 5.31927 3.829
960 640 0.00794493 1.09994 5.26833 3.8076
960 660 0.00712035 1.13688 5.35384 3.84634
960 680 0.00810106 1.11168 5.29267 3.81658
960 700 0.00795908 1.1413 5.36441 3.84828
960 720 0.00737162 1.12205 5.31983 3.82933
960 740 0.00598435 1.14754 5.38301 3.85546
980 200 0.00705396 1.14036 5.36245 3.84797
980 220 0.00873411 1.14242 5.36712 3.84898
980 240 0.00775382 1.14868 5.38584 3.85591
980 260 0.00626393 1.12294 5.32201 3.82978
980 280 0.00800509 1.13227 5.34228 3.83949
980 300 0.0073862 1.12679 5.33234 3.8351
980 320 0.00671337 1.13217 5.34225 3.83947
980 340 0.00765912 1.15925 5.41376 3.8718
980 360 0.0072973 1.12881 5.33726 3.83573
980 380 0.00750256 1.125 5.32561 3.83146
980 400 0.00695048 1.13989 5.36101 3.84995
980 420 0.00801217 1.1211 5.3188 3.82845
980 440 0.00950956 1.14506 5.37635 3.85286
980 460 0.00880135 1.1309 5.34039 3.83744
980 480 0.00757688 1.1418 5.36617 3.85031
980 500 0.00854301 1.16406 5.42262 3.8744
980 520 0.00927911 1.12767 5.33341 3.8351
980 540 0.00819619 1.11525 5.30275 3.82014
980 560 0.00813646 1.107 5.28275 3.81323
980 580 0.00658951 1.12422 5.32371 3.83072
980 600 0.00863148 1.1258 5.32811 3.83251
980 620 0.00938882 1.11809 5.31114 3.82574
980 640 0.00794578 1.12364 5.32272 3.83027
980 660 0.00564461 1.10938 5.28645 3.81485
980 680 0.00840188 1.10309 5.27229 3.81124
980 700 0.00650812 1.16446 5.42467 3.87602
980 720 0.00712786 1.1742 5.4496 3.89838
980 740 0.00612591 1.14338 5.37012 3.8498
980 760 0.00612591 1.11146 5.29162 3.81607
