         280         100     0.00194     1.15439     7.62084     7.95272
         290         100     0.00268     1.14257     7.59180     7.91975
         290         110     0.00248     1.23971     7.92638     8.26687
         300         100     0.00152     1.12575     7.55222     7.87481
         300         110     0.00228     1.08597     7.47122     7.78296
         300         120     0.00290     1.12091     7.54127     7.86237
         310         100     0.00218     1.21694     7.83747     8.17601
         310         110     0.00269     1.16719     7.65970     7.99398
         310         120     0.00237     1.14478     7.59716     7.92584
         310         130     0.00427     1.19031     7.74067     8.07689
         320         100     0.00385     1.09254     7.48189     7.79494
         320         110     0.00401     1.11826     7.53536     7.85566
         320         120     0.00353     1.17868     7.69953     8.03477
         320         130     0.00406     1.17691     7.69332     8.02841
         320         140     0.00523     1.10442     7.50567     7.82195
         330         100     0.00316     1.17137     7.67407     8.00870
         330         110     0.00329     1.09711     7.49084     7.80511
         330         120     0.00328     1.18294     7.71450     8.05009
         330         130     0.00431     1.20283     7.78575     8.12306
         330         140     0.00445     1.21061     7.81414     8.15213
         330         150     0.00409     1.17514     7.68717     8.02211
         340         100     0.00331     1.19363     7.75253     8.08903
         340         110     0.00450     1.18264     7.71344     8.04901
         340         120     0.00399     1.13390     7.57111     7.89626
         340         130     0.00528     1.11755     7.53381     7.85390
         340         140     0.00489     1.21862     7.84367     8.18237
         340         150     0.00478     1.13463     7.57284     7.89822
         340         160     0.00474     1.13245     7.56773     7.89242
         350         100     0.00417     1.14824     7.60561     7.93543
         350         110     0.00371     1.19838     7.76965     8.10656
         350         120     0.00419     1.16921     7.66663     8.00108
         350         130     0.00352     1.16989     7.66899     8.00350
         350         140     0.00523     1.12095     7.54137     7.86249
         350         150     0.00596     1.10546     7.50782     7.82439
         350         160     0.00567     1.19562     7.75970     8.09638
         350         170     0.00450     1.11011     7.51763     7.83553
         360         100     0.00375     1.12353     7.54719     7.86909
         360         110     0.00514     1.09627     7.48917     7.80321
         360         120     0.00470     1.16569     7.65456     7.98872
         360         130     0.00565     1.11968     7.53853     7.85926
         360         140     0.00418     1.19812     7.76869     8.10558
         360         150     0.00430     1.19594     7.76085     8.09756
         360         160     0.00285     1.12343     7.54696     7.86883
         360         170     0.00461     1.15326     7.61801     7.94952
         360         180     0.00427     1.10635     7.50969     7.82651
         370         100     0.00355     1.21890     7.84469     8.18341
         370         110     0.00540     1.11394     7.52589     7.84490
         370         120     0.00531     1.14647     7.60128     7.93051
         370         130     0.00546     1.11377     7.52551     7.84448
         370         140     0.00665     1.11139     7.52038     7.83865
         370         150     0.00494     1.12290     7.54574     7.86745
         370         160     0.00424     1.11093     7.51940     7.83754
         370         170     0.00557     1.19174     7.74575     8.08210
         370         180     0.00428     1.12608     7.55297     7.87566
         370         190     0.00478     1.13584     7.57569     7.90146
         380         100     0.00601     1.10038     7.49740     7.81255
         380         110     0.00434     1.16695     7.65887     7.99313
         380         120     0.00448     1.15429     7.62056     7.95241
         380         130     0.00570     1.11336     7.52462     7.84347
         380         140     0.00505     1.14347     7.59398     7.92223
         380         150     0.00630     1.08931     7.47574     7.78796
         380         160     0.00626     1.12820     7.55784     7.88119
         380         170     0.00531     1.12994     7.56188     7.88577
         380         180     0.00568     1.15950     7.63365     7.96727
         380         190     0.00473     1.11712     7.53285     7.85281
         380         200     0.00522     1.15624     7.62544     7.95795
         390         100     0.00433     1.13024     7.56256     7.88655
         390         110     0.00670     1.11421     7.52647     7.84556
         390         120     0.00509     1.25169     7.97407     8.31559
         390         130     0.00435     1.10714     7.51135     7.82840
         390         140     0.00580     1.25828     8.00050     8.34260
         390         150     0.00502     1.16089     7.63825     7.97201
         390         160     0.00377     1.16175     7.64115     7.97499
         390         170     0.00704     1.13250     7.56783     7.89253
         390         180     0.00621     1.16260     7.64405     7.97796
         390         190     0.00583     1.10873     7.51470     7.83220
         390         200     0.00589     1.11839     7.53566     7.85600
         390         210     0.00516     1.10432     7.50547     7.82172
         400         100     0.00624     1.12001     7.53925     7.86008
         400         110     0.00559     1.20092     7.77883     8.11597
         400         120     0.00588     1.09238     7.48158     7.79460
         400         130     0.00805     1.09373     7.48420     7.79756
         400         140     0.00516     1.11090     7.51933     7.83745
         400         150     0.00632     1.11554     7.52939     7.84888
         400         160     0.00514     1.12043     7.54020     7.86115
         400         170     0.00501     1.10172     7.50011     7.81564
         400         180     0.00531     1.14374     7.59462     7.92295
         400         190     0.00601     1.09339     7.48354     7.79681
         400         200     0.00603     1.13406     7.57150     7.89669
         400         210     0.00548     1.11449     7.52709     7.84627
         400         220     0.00371     1.16600     7.65562     7.98980
         410         100     0.00565     1.13501     7.57373     7.89923
         410         110     0.00585     1.18091     7.70734     8.04276
         410         120     0.00594     1.10102     7.49870     7.81403
         410         130     0.00589     1.12081     7.54106     7.86213
         410         140     0.00847     1.14766     7.60418     7.93381
         410         150     0.00613     1.08699     7.47258     7.78446
         410         160     0.00579     1.13387     7.57104     7.89618
         410         170     0.00530     1.10671     7.51044     7.82736
         410         180     0.00517     1.09108     7.47910     7.79177
         410         190     0.00575     1.11773     7.53420     7.85435
         410         200     0.00622     1.10499     7.50686     7.82330
         410         210     0.00572     1.10256     7.50183     7.81759
         410         220     0.00524     1.13253     7.56790     7.89262
         410         230     0.00393     1.08920     7.47559     7.78779
         420         100     0.00373     1.22977     7.88714     8.22678
         420         110     0.00581     1.14833     7.60584     7.93569
         420         120     0.00670     1.10826     7.51371     7.83108
         420         130     0.00733     1.08516     7.47014     7.78176
         420         140     0.00724     1.11168     7.52101     7.83937
         420         150     0.00358     1.14189     7.59014     7.91787
         420         160     0.00449     1.09828     7.49316     7.80775
         420         170     0.00680     1.12577     7.55227     7.87487
         420         180     0.00667     1.11265     7.52310     7.84174
         420         190     0.00536     1.14977     7.60937     7.93970
         420         200     0.00634     1.17303     7.67982     8.01458
         420         210     0.00436     1.10157     7.49982     7.81530
         420         220     0.00486     1.16006     7.63543     7.96913
         420         230     0.00678     1.11001     7.51743     7.83531
         420         240     0.00513     1.22915     7.88473     8.22432
         430         100     0.00569     1.12917     7.56009     7.88374
         430         110     0.00534     1.13248     7.56780     7.89250
         430         120     0.00653     1.16242     7.64342     7.97730
         430         130     0.00778     1.14536     7.59855     7.92742
         430         140     0.00505     1.11727     7.53317     7.85318
         430         150     0.00536     1.16342     7.64684     7.98081
         430         160     0.00760     1.12112     7.54175     7.86291
         430         170     0.00516     1.14892     7.60726     7.93731
         430         180     0.00511     1.14299     7.59280     7.92089
         430         190     0.00585     1.13868     7.58245     7.90913
         430         200     0.00482     1.12629     7.55346     7.87621
         430         210     0.00459     1.17232     7.67736     8.01207
         430         220     0.00529     1.11817     7.53517     7.85545
         430         230     0.00693     1.12002     7.53929     7.86013
         430         240     0.00665     1.10049     7.49761     7.81279
         430         250     0.00412     1.12237     7.54457     7.86612
         440         100     0.00548     1.15970     7.63423     7.96789
         440         110     0.00768     1.10060     7.49784     7.81306
         440         120     0.00747     1.11617     7.53075     7.85043
         440         130     0.00540     1.10061     7.49785     7.81307
         440         140     0.00855     1.11497     7.52813     7.84745
         440         150     0.00770     1.16463     7.65096     7.98503
         440         160     0.00708     1.15547     7.62352     7.95577
         440         170     0.00589     1.12856     7.55867     7.88213
         440         180     0.00665     1.12121     7.54195     7.86314
         440         190     0.00511     1.13605     7.57620     7.90203
         440         200     0.00562     1.08732     7.47304     7.78496
         440         210     0.00501     1.11845     7.53579     7.85615
         440         220     0.00648     1.12913     7.55999     7.88363
         440         230     0.00673     1.09506     7.48679     7.80050
         440         240     0.00414     1.10991     7.51721     7.83506
         440         250     0.00597     1.14391     7.59503     7.92342
         440         260     0.00570     1.11033     7.51810     7.83606
         450         100     0.00617     1.14468     7.59691     7.92555
         450         110     0.00481     1.16613     7.65608     7.99027
         450         120     0.00677     1.11086     7.51925     7.83737
         450         130     0.00678     1.10822     7.51363     7.83099
         450         140     0.00545     1.08770     7.47354     7.78553
         450         150     0.00647     1.09268     7.48218     7.79527
         450         160     0.00525     1.09763     7.49187     7.80628
         450         170     0.00627     1.11858     7.53608     7.85648
         450         180     0.00514     1.10147     7.49961     7.81506
         450         190     0.00456     1.19791     7.76795     8.10482
         450         200     0.00619     1.12508     7.55069     7.87307
         450         210     0.00508     1.12196     7.54363     7.86505
         450         220     0.00615     1.11739     7.53344     7.85348
         450         230     0.00484     1.11310     7.52405     7.84282
         450         240     0.00529     1.08685     7.47240     7.78426
         450         250     0.00557     1.13828     7.58150     7.90806
         450         260     0.00652     1.11781     7.53437     7.85453
         450         270     0.00471     1.09518     7.48704     7.80079
         460         100     0.00760     1.16099     7.63859     7.97236
         460         110     0.00627     1.14413     7.59557     7.92403
         460         120     0.00592     1.10422     7.50525     7.82147
         460         130     0.00594     1.12650     7.55395     7.87677
         460         140     0.00786     1.09822     7.49305     7.80761
         460         150     0.00579     1.15033     7.61075     7.94127
         460         160     0.00670     1.08415     7.46881     7.78028
         460         170     0.00832     1.11395     7.52590     7.84492
         460         180     0.00585     1.10791     7.51296     7.83023
         460         190     0.00733     1.10066     7.49795     7.81319
         460         200     0.00641     1.10489     7.50664     7.82305
         460         210     0.00684     1.11575     7.52983     7.84939
         460         220     0.00833     1.12992     7.56182     7.88571
         460         230     0.00725     1.12385     7.54790     7.86990
         460         240     0.00666     1.13708     7.57864     7.90481
         460         250     0.00543     1.19565     7.75980     8.09649
         460         260     0.00515     1.12771     7.55673     7.87992
         460         270     0.00533     1.10927     7.51584     7.83350
         460         280     0.00457     1.13277     7.56847     7.89326
         470         100     0.00656     1.12528     7.55116     7.87360
         470         110     0.00596     1.11467     7.52748     7.84672
         470         120     0.00576     1.11995     7.53912     7.85993
         470         130     0.00585     1.10350     7.50378     7.81980
         470         140     0.00776     1.16033     7.63636     7.97008
         470         150     0.00698     1.14678     7.60202     7.93136
         470         160     0.00585     1.12635     7.55361     7.87638
         470         170     0.00597     1.10492     7.50671     7.82312
         470         180     0.00756     1.10743     7.51196     7.82909
         470         190     0.00678     1.09493     7.48653     7.80021
         470         200     0.00613     1.12050     7.54037     7.86135
         470         210     0.00461     1.12722     7.55559     7.87863
         470         220     0.00764     1.13791     7.58060     7.90704
         470         230     0.00634     1.11853     7.53596     7.85635
         470         240     0.00431     1.15253     7.61620     7.94746
         470         250     0.00618     1.09308     7.48293     7.79613
         470         260     0.00600     1.10610     7.50916     7.82591
         470         270     0.00514     1.13002     7.56205     7.88597
         470         280     0.00709     1.15590     7.62459     7.95698
         470         290     0.00538     1.17764     7.69587     8.03102
         480         100     0.00675     1.10707     7.51120     7.82823
         480         110     0.00818     1.10174     7.50016     7.81569
         480         120     0.00539     1.12503     7.55059     7.87296
         480         130     0.00776     1.11872     7.53638     7.85682
         480         140     0.00898     1.08476     7.46960     7.78116
         480         150     0.00673     1.20214     7.78325     8.12050
         480         160     0.00695     1.12094     7.54134     7.86245
         480         170     0.00630     1.12161     7.54285     7.86416
         480         180     0.00653     1.11486     7.52788     7.84717
         480         190     0.00746     1.10489     7.50664     7.82305
         480         200     0.00620     1.14909     7.60770     7.93781
         480         210     0.00722     1.13768     7.58006     7.90642
         480         220     0.00718     1.19667     7.76346     8.10022
         480         230     0.00559     1.18934     7.73720     8.07334
         480         240     0.00737     1.15461     7.62136     7.95332
         480         250     0.00580     1.08357     7.46804     7.77943
         480         260     0.00620     1.13816     7.58120     7.90772
         480         270     0.00687     1.14741     7.60356     7.93311
         480         280     0.00543     1.11085     7.51921     7.83732
         480         290     0.00606     1.13075     7.56374     7.88789
         480         300     0.00476     1.14387     7.59495     7.92332
         490         100     0.00809     1.09982     7.49626     7.81126
         490         110     0.00650     1.15048     7.61111     7.94168
         490         120     0.00692     1.10030     7.49724     7.81237
         490         130     0.00848     1.14470     7.59695     7.92560
         490         140     0.00923     1.10623     7.50945     7.82624
         490         150     0.00828     1.08799     7.47393     7.78596
         490         160     0.00811     1.16704     7.65919     7.99346
         490         170     0.00854     1.09526     7.48718     7.80095
         490         180     0.01015     1.10666     7.51034     7.82726
         490         190     0.00651     1.13238     7.56756     7.89223
         490         200     0.00472     1.14175     7.58981     7.91749
         490         210     0.00763     1.13087     7.56404     7.88823
         490         220     0.00731     1.10964     7.51664     7.83441
         490         230     0.00514     1.16288     7.64501     7.97893
         490         240     0.00517     1.11411     7.52625     7.84531
         490         250     0.00914     1.11495     7.52809     7.84740
         490         260     0.00572     1.16930     7.66693     8.00138
         490         270     0.00583     1.11042     7.51831     7.83630
         490         280     0.00663     1.10587     7.50869     7.82537
         490         290     0.00645     1.08750     7.47328     7.78523
         490         300     0.00591     1.13291     7.56881     7.89364
         490         310     0.00455     1.14550     7.59891     7.92783
         500         100     0.00677     1.14858     7.60643     7.93636
         500         110     0.00628     1.14332     7.59360     7.92179
         500         120     0.00662     1.09424     7.48519     7.79869
         500         130     0.00723     1.08950     7.47611     7.78838
         500         140     0.00798     1.13976     7.58503     7.91207
         500         150     0.00805     1.11416     7.52637     7.84545
         500         160     0.00789     1.11833     7.53553     7.85586
         500         170     0.00776     1.10602     7.50899     7.82572
         500         180     0.00856     1.11298     7.52380     7.84254
         500         190     0.00620     1.16863     7.66463     7.99902
         500         200     0.00632     1.09812     7.49286     7.80740
         500         210     0.00730     1.10123     7.49912     7.81451
         500         220     0.00702     1.16104     7.63876     7.97254
         500         230     0.00662     1.09609     7.48881     7.80280
         500         240     0.00748     1.10662     7.51026     7.82716
         500         250     0.00736     1.11427     7.52660     7.84572
         500         260     0.00636     1.10979     7.51696     7.83477
         500         270     0.00624     1.09204     7.48094     7.79386
         500         280     0.00675     1.09467     7.48603     7.79965
         500         290     0.00711     1.13593     7.57591     7.90171
         500         300     0.00459     1.10307     7.50287     7.81877
         500         310     0.00385     1.23733     7.91696     8.25724
         500         320     0.00618     1.13872     7.58254     7.90924
