1000 240 0.00925788 1.1319 7.60811 7.90458
1000 260 0.0087637 1.1243 7.59754 7.90022
1000 280 0.00836606 1.14202 7.63021 7.93671
1000 300 0.00873454 1.12586 7.59627 7.89848
1000 320 0.0082037 1.12579 7.59634 7.89915
1000 340 0.00944898 1.12595 7.59531 7.89707
1000 360 0.00867437 1.13033 7.60663 7.90538
1000 380 0.00892606 1.11524 7.57792 7.87018
1000 400 0.00855716 1.11804 7.58525 7.881
1000 420 0.00821785 1.1402 7.62508 7.9255
1000 440 0.00910216 1.12556 7.59695 7.89956
1000 460 0.00840938 1.12881 7.60251 7.90023
1000 480 0.00868103 1.12494 7.59767 7.89847
1000 500 0.00874869 1.12106 7.58766 7.88825
1000 520 0.00960512 1.12843 7.60028 7.89984
1000 540 0.0100829 1.13031 7.60673 7.90544
1000 560 0.00947814 1.10952 7.56575 7.85796
1000 580 0.00810064 1.1177 7.58486 7.87898
1000 600 0.0102594 1.1103 7.56697 7.85913
1000 620 0.00981703 1.0969 7.52238 7.83342
1000 640 0.00794535 1.10995 7.56759 7.85938
1000 660 0.00882966 1.1008 7.53668 7.8405
1000 680 0.00910966 1.09451 7.51903 7.83064
1000 700 0.00715574 1.12305 7.59133 7.89188
1000 720 0.00781399 1.11597 7.57898 7.87278
1000 740 0.00739993 1.09777 7.52299 7.83033
1000 760 0.00794493 1.1158 7.57928 7.87212
1000 780 0.00866814 1.09575 7.5224 7.83427
460 240 0.00533673 1.11882 7.58562 7.8821
480 240 0.00543936 1.11673 7.58334 7.8744
480 260 0.00604451 1.1121 7.57204 7.86312
500 240 0.00454754 1.09388 7.51766 7.83105
500 260 0.0058888 1.12475 7.59788 7.89829
500 280 0.00550702 1.10801 7.55989 7.84782
520 240 0.0040981 1.11132 7.5704 7.8618
520 260 0.00643422 1.0962 7.52332 7.83541
520 280 0.00695048 1.14331 7.62808 7.93866
520 300 0.00678061 1.09953 7.53398 7.83523
540 240 0.00701065 1.09939 7.53396 7.83554
540 260 0.0065687 1.09038 7.5076 7.82154
540 280 0.00724464 1.17086 7.71236 8.02155
540 300 0.00682662 1.11571 7.57963 7.87304
540 320 0.00684828 1.13365 7.61212 7.91146
560 240 0.00636656 1.10191 7.54096 7.83915
560 260 0.00667799 1.1008 7.53668 7.8405
560 280 0.00634532 1.13116 7.60864 7.90473
560 300 0.00622854 1.10342 7.55251 7.846
560 320 0.00577202 1.11597 7.57898 7.87278
560 340 0.00669214 1.12707 7.5995 7.89971
580 240 0.00793077 1.0978 7.52302 7.83077
580 260 0.00883674 1.11536 7.57902 7.87058
580 280 0.00738577 1.13205 7.60968 7.90625
580 300 0.00703896 1.0991 7.53097 7.83329
580 320 0.00658951 1.09654 7.52211 7.83471
580 340 0.00686201 1.09791 7.52293 7.83093
580 360 0.00665675 1.12587 7.59589 7.89823
600 240 0.00739285 1.11515 7.5786 7.87121
600 260 0.00713451 1.10367 7.55245 7.84669
600 280 0.00658243 1.13445 7.61495 7.91132
600 300 0.00819619 1.09657 7.52245 7.83493
600 320 0.00705396 1.10206 7.54192 7.83972
600 340 0.00678061 1.10755 7.55908 7.84899
600 360 0.0073862 1.09725 7.52137 7.83341
600 380 0.0067063 1.15936 7.67627 7.98469
620 240 0.00794493 1.10713 7.55822 7.84941
620 260 0.00785645 1.1259 7.59558 7.89773
620 280 0.00740786 1.10339 7.55202 7.84539
620 300 0.00691509 1.10951 7.5656 7.85786
620 320 0.00763746 1.09645 7.52141 7.83465
620 340 0.00731853 1.12011 7.58529 7.88342
620 360 0.00712786 1.10633 7.55511 7.84839
620 380 0.00589673 1.10748 7.55868 7.84949
620 400 0.00553491 1.09679 7.52212 7.83435
640 240 0.0094419 1.10268 7.54734 7.84305
640 260 0.00731853 1.10905 7.56502 7.85671
640 280 0.00810107 1.09618 7.52347 7.83571
640 300 0.00910216 1.11168 7.57293 7.86321
640 320 0.00775382 1.10868 7.56477 7.85689
640 340 0.00808648 1.09102 7.50961 7.82404
640 360 0.00773259 1.10388 7.55376 7.84794
640 380 0.00832006 1.09918 7.53177 7.83412
640 400 0.00775425 1.12646 7.5991 7.89896
640 420 0.0060799 1.1114 7.57215 7.86338
660 240 0.00856467 1.10249 7.54567 7.84262
660 260 0.00756272 1.11459 7.57835 7.86924
660 280 0.00884382 1.09897 7.52833 7.83202
660 300 0.00868103 1.11022 7.56658 7.8584
660 320 0.00849743 1.12062 7.58654 7.88468
660 340 0.00650812 1.11217 7.57234 7.86352
660 360 0.00900661 1.12672 7.5976 7.8968
660 380 0.0071062 1.09243 7.51283 7.82771
660 400 0.00616838 1.09598 7.52351 7.83541
660 420 0.00863856 1.13471 7.61574 7.91408
660 440 0.00652312 1.09221 7.51188 7.82584
680 240 0.00972898 1.09907 7.53106 7.83319
680 260 0.00970463 1.12498 7.59796 7.89935
680 280 0.00828467 1.11776 7.58482 7.87783
680 300 0.00961927 1.11595 7.57872 7.87308
680 320 0.00686243 1.10371 7.55272 7.84696
680 340 0.00927911 1.09809 7.52431 7.83056
680 360 0.0080409 1.09695 7.5217 7.83239
680 380 0.00722298 1.10164 7.54094 7.84076
680 400 0.0083948 1.09408 7.51887 7.83057
680 420 0.00685493 1.09405 7.51856 7.83076
680 440 0.00744282 1.1051 7.55644 7.84896
680 460 0.00676646 1.1159 7.57873 7.87266
700 240 0.00845453 1.1152 7.57821 7.87094
700 260 0.00958034 1.11214 7.57252 7.86348
700 280 0.00810107 1.10503 7.55689 7.84967
700 300 0.00839437 1.10954 7.5658 7.85805
700 320 0.00944898 1.12264 7.59023 7.88929
700 340 0.00679477 1.10568 7.55562 7.84916
700 360 0.00804756 1.11131 7.57046 7.86187
700 380 0.00772197 1.09655 7.52251 7.83512
700 400 0.00739328 1.11114 7.56906 7.86096
700 420 0.00749548 1.11534 7.57869 7.87025
700 440 0.00784315 1.16225 7.68485 7.99399
700 460 0.0068337 1.14428 7.63313 7.93799
700 480 0.00731146 1.12932 7.60369 7.90169
720 240 0.00697172 1.11853 7.58474 7.88047
720 260 0.00668506 1.13029 7.60629 7.90492
720 280 0.00823158 1.14671 7.63942 7.94335
720 300 0.00882258 1.10147 7.53936 7.84022
720 320 0.00893937 1.12018 7.58521 7.88335
720 340 0.0101497 1.09723 7.5215 7.83306
720 360 0.0122204 1.10677 7.55754 7.84999
720 380 0.00702126 1.09981 7.53248 7.83425
720 400 0.00853593 1.11333 7.57273 7.86266
720 420 0.0073787 1.11026 7.56643 7.85852
720 440 0.0070323 1.11105 7.56925 7.86211
720 460 0.00748133 1.09685 7.52242 7.83401
720 480 0.00782857 1.1185 7.58489 7.8807
720 500 0.00712743 1.102 7.54121 7.83951
740 240 0.00783522 1.10602 7.55416 7.84918
740 260 0.00954453 1.10739 7.55899 7.84912
740 280 0.00928619 1.13027 7.60712 7.90513
740 300 0.00740743 1.12186 7.59201 7.8914
740 320 0.00927203 1.11978 7.58602 7.88341
740 340 0.00818204 1.11448 7.57807 7.86866
740 360 0.00801924 1.14913 7.64632 7.94738
740 380 0.00881551 1.09852 7.52532 7.83049
740 400 0.00842622 1.10089 7.53703 7.84108
740 420 0.00907385 1.10886 7.56436 7.85689
740 440 0.00908801 1.08947 7.50769 7.82
740 460 0.00579325 1.11637 7.58161 7.87589
740 480 0.00821035 1.11014 7.56665 7.8587
740 500 0.00783522 1.09922 7.5311 7.83311
740 520 0.00647273 1.13836 7.62114 7.91969
760 240 0.00850451 1.11158 7.57189 7.86247
760 260 0.00680185 1.12064 7.58686 7.88442
760 280 0.00730438 1.11327 7.57263 7.86306
760 300 0.00787061 1.1153 7.57821 7.87017
760 320 0.00986346 1.11007 7.56702 7.85987
760 340 0.00888317 1.11811 7.58531 7.8803
760 360 0.00875535 1.10958 7.56554 7.85818
760 380 0.00865979 1.10283 7.5489 7.8441
760 400 0.0100364 1.10226 7.54324 7.84064
760 420 0.0101643 1.10594 7.55504 7.84957
760 440 0.00839437 1.11063 7.56662 7.85999
760 460 0.00779672 1.10193 7.54111 7.83907
760 480 0.00883674 1.10724 7.55882 7.84965
760 500 0.00774717 1.11204 7.57178 7.86273
760 520 0.00674523 1.10265 7.54619 7.84321
760 540 0.00783564 1.13257 7.61225 7.91038
780 240 0.00875577 1.10949 7.5651 7.85779
780 260 0.00918398 1.11552 7.57935 7.87224
780 280 0.0100825 1.12 7.58463 7.88296
780 300 0.00872703 1.12643 7.59891 7.89941
780 320 0.00846869 1.11555 7.57891 7.87213
780 340 0.00865979 1.10624 7.55494 7.84798
780 360 0.00919771 1.10955 7.56575 7.8581
780 380 0.0092508 1.1087 7.56404 7.85648
780 400 0.0083059 1.12712 7.59966 7.90056
780 420 0.0080334 1.11084 7.56816 7.86083
780 440 0.00800551 1.10057 7.53635 7.84006
780 460 0.00882966 1.09714 7.52039 7.8319
780 480 0.00668506 1.13929 7.62597 7.92532
780 500 0.00723756 1.09578 7.52245 7.83417
780 520 0.00754899 1.13522 7.61948 7.91557
780 540 0.00667799 1.11028 7.56665 7.85903
780 560 0.00788476 1.12508 7.59797 7.89913
800 240 0.00793785 1.12663 7.59867 7.89781
800 260 0.00907385 1.14267 7.62853 7.9383
800 280 0.00874827 1.11409 7.57584 7.86612
800 300 0.00818911 1.11883 7.58635 7.88227
800 320 0.00866687 1.12811 7.60076 7.90074
800 340 0.00921187 1.11537 7.57884 7.87054
800 360 0.00936051 1.1079 7.55961 7.84896
800 380 0.00916232 1.13041 7.60767 7.90551
800 400 0.00868103 1.0995 7.53425 7.83536
800 420 0.00835898 1.12041 7.58605 7.88379
800 440 0.00831298 1.10093 7.53668 7.84062
800 460 0.00864564 1.10881 7.56414 7.8568
800 480 0.0078423 1.13586 7.61951 7.91562
800 500 0.0076512 1.08828 7.50655 7.81446
800 520 0.00865272 1.09653 7.5222 7.83467
800 540 0.00891814 1.10429 7.55502 7.84879
800 560 0.00821035 1.08886 7.50822 7.81903
800 580 0.00900746 1.11018 7.56662 7.85817
820 240 0.00964008 1.1232 7.59139 7.8937
820 260 0.00854343 1.15258 7.65113 7.95523
820 280 0.00874912 1.11432 7.5773 7.86629
820 300 0.00901411 1.11918 7.58615 7.88303
820 320 0.00933219 1.1217 7.58976 7.88972
820 340 0.00836606 1.11946 7.58584 7.88228
820 360 0.00974271 1.12286 7.59102 7.89097
820 380 0.00891856 1.11454 7.57821 7.86864
820 400 0.0082245 1.11029 7.56675 7.85908
820 420 0.00782149 1.09494 7.51809 7.82887
820 440 0.00784938 1.10257 7.54628 7.84314
820 460 0.00859298 1.10027 7.53503 7.83807
820 480 0.0087058 1.10133 7.53775 7.83987
820 500 0.00838022 1.12323 7.59129 7.89284
820 520 0.00866687 1.09761 7.52211 7.83083
820 540 0.0094494 1.09539 7.52142 7.83172
820 560 0.00790246 1.0904 7.50746 7.8213
820 580 0.00783522 1.14929 7.64708 7.94912
820 600 0.00817496 1.09599 7.52335 7.83538
840 240 0.00936093 1.11935 7.58613 7.8826
840 260 0.0088969 1.12242 7.59173 7.89002
840 280 0.00806879 1.11739 7.58847 7.8788
840 300 0.00757065 1.12015 7.58555 7.88345
840 320 0.00808648 1.11436 7.57716 7.86688
840 340 0.00837314 1.11714 7.58733 7.87695
840 360 0.00904554 1.112 7.57193 7.86238
840 380 0.00918398 1.11746 7.58391 7.87854
840 400 0.00903492 1.11909 7.58578 7.88286
840 420 0.00931804 1.11069 7.56603 7.86019
840 440 0.00888317 1.10926 7.56338 7.85705
840 460 0.00819619 1.11404 7.57561 7.86627
840 480 0.00900661 1.10579 7.55489 7.84885
840 500 0.0092583 1.10188 7.54087 7.83902
840 520 0.00784938 1.09764 7.52227 7.83092
840 540 0.00865979 1.12299 7.59178 7.89157
840 560 0.00748883 1.10492 7.55571 7.84905
840 580 0.00729022 1.09495 7.51835 7.82933
840 600 0.00908801 1.10525 7.55649 7.84784
840 620 0.00739993 1.14726 7.64059 7.9423
860 240 0.00632409 1.12305 7.59133 7.89188
860 260 0.00886859 1.11434 7.57723 7.86652
860 280 0.00828467 1.11568 7.57942 7.87201
860 300 0.00892522 1.11516 7.57862 7.87086
860 320 0.00810064 1.11478 7.5785 7.87082
860 340 0.0095233 1.12709 7.5995 7.9
860 360 0.00759146 1.14805 7.64076 7.94312
860 380 0.00874161 1.11893 7.58649 7.88318
860 400 0.0089044 1.11155 7.5722 7.86233
860 420 0.00881551 1.1024 7.54523 7.84232
860 440 0.00947771 1.13774 7.62058 7.91761
860 460 0.0104894 1.11985 7.58558 7.88345
860 480 0.00947729 1.10646 7.55522 7.84964
860 500 0.00947772 1.1147 7.57836 7.86929
860 520 0.00731853 1.09434 7.51973 7.83118
860 540 0.00974313 1.11435 7.57717 7.8664
860 560 0.00812895 1.10256 7.54638 7.84312
860 580 0.00837314 1.11141 7.57204 7.86339
860 600 0.00925787 1.09935 7.53333 7.83484
860 620 0.00794493 1.09123 7.5104 7.82611
860 640 0.00670672 1.08911 7.508 7.81965
880 240 0.00832798 1.13407 7.61364 7.91143
880 260 0.00857132 1.12548 7.59729 7.90073
880 280 0.00747425 1.10845 7.56246 7.85393
880 300 0.00876993 1.11915 7.58608 7.88222
880 320 0.0072159 1.12398 7.59744 7.9011
880 340 0.00782106 1.12819 7.59977 7.90015
880 360 0.00800594 1.12699 7.59896 7.89857
880 380 0.00775425 1.11817 7.5859 7.88135
880 400 0.00892521 1.10973 7.56514 7.8579
880 420 0.0100019 1.1228 7.59039 7.89062
880 440 0.0100754 1.11435 7.57717 7.8664
880 460 0.00829882 1.10715 7.55838 7.8498
880 480 0.00846204 1.11421 7.57783 7.86655
880 500 0.00659659 1.1234 7.59434 7.89613
880 520 0.0085784 1.11148 7.57246 7.86267
880 540 0.0109884 1.11213 7.57248 7.86342
880 560 0.00944898 1.101 7.53683 7.84036
880 580 0.00714159 1.11494 7.57848 7.87089
880 600 0.00821743 1.10491 7.55607 7.84983
880 620 0.00685536 1.10248 7.5458 7.84263
880 640 0.00702523 1.15271 7.65162 7.95498
880 660 0.00802632 1.13178 7.60795 7.90419
900 240 0.00848285 1.13007 7.60524 7.90498
900 260 0.00845453 1.12714 7.60022 7.90099
900 280 0.00981745 1.12851 7.601 7.89943
900 300 0.00883674 1.11605 7.57866 7.8722
900 320 0.00972148 1.11583 7.57926 7.87281
900 340 0.00919771 1.1204 7.58623 7.88348
900 360 0.00930119 1.12927 7.60251 7.90098
900 380 0.00958035 1.11224 7.57215 7.86288
900 400 0.0101108 1.1047 7.55629 7.84887
900 420 0.0100612 1.11787 7.58542 7.87869
900 440 0.00872703 1.10596 7.55434 7.84929
900 460 0.00872703 1.11718 7.58733 7.87685
900 480 0.0101851 1.11946 7.58584 7.88228
900 500 0.00925787 1.09617 7.52349 7.83567
900 520 0.00921229 1.10442 7.55608 7.84902
900 540 0.007952 1.11314 7.57288 7.86371
900 560 0.0112118 1.10857 7.56265 7.85549
900 580 0.00857882 1.11025 7.56658 7.8589
900 600 0.00920479 1.10661 7.55796 7.85069
900 620 0.00621438 1.10221 7.54259 7.84038
900 640 0.0083059 1.1097 7.56542 7.85817
900 660 0.00782814 1.12548 7.59729 7.90073
900 680 0.00741409 1.10418 7.55454 7.84879
920 240 0.00800509 1.13653 7.61855 7.91371
920 260 0.00934635 1.13512 7.61892 7.91562
920 280 0.00871996 1.11669 7.58269 7.87427
920 300 0.00884382 1.12753 7.60035 7.902
920 320 0.00765119 1.11856 7.58475 7.88087
920 340 0.00906677 1.118 7.58568 7.88117
920 360 0.00983869 1.1259 7.59558 7.89773
920 380 0.00810814 1.12332 7.59319 7.89457
920 400 0.00703188 1.11729 7.58243 7.87823
920 420 0.00960511 1.10697 7.55786 7.84905
920 440 0.00872703 1.10539 7.55629 7.84934
920 460 0.0106947 1.14155 7.62985 7.93176
920 480 0.00897872 1.10725 7.55884 7.84953
920 500 0.00974979 1.12424 7.5979 7.90023
920 520 0.0100227 1.12394 7.5963 7.89959
920 540 0.00876242 1.1018 7.54167 7.84055
920 560 0.0108929 1.10189 7.541 7.83946
920 580 0.0104434 1.10042 7.5354 7.83924
920 600 0.00980287 1.12137 7.58943 7.89068
920 620 0.0107548 1.11516 7.57862 7.87086
920 640 0.0101568 1.09068 7.50654 7.82122
920 660 0.00882966 1.10945 7.56432 7.85696
920 680 0.00720883 1.10523 7.55677 7.8481
920 700 0.00771843 1.11568 7.57942 7.87201
940 240 0.00991258 1.11047 7.56811 7.86142
940 260 0.00928619 1.12636 7.59848 7.89836
940 280 0.00776798 1.13158 7.60843 7.90442
940 300 0.00714201 1.12463 7.59876 7.89941
940 320 0.00858633 1.12122 7.58855 7.89142
940 340 0.00810064 1.1304 7.60753 7.90548
940 360 0.00838064 1.11792 7.58572 7.87944
940 380 0.00845453 1.1327 7.61256 7.91072
940 400 0.00930119 1.12758 7.60054 7.90221
940 420 0.00921229 1.12076 7.58623 7.88614
940 440 0.00855716 1.11757 7.58408 7.87783
940 460 0.00981745 1.11963 7.58533 7.88219
940 480 0.00936093 1.11784 7.58579 7.87878
940 500 0.00918356 1.12208 7.59137 7.88936
940 520 0.00972148 1.11284 7.57169 7.86245
940 540 0.00859255 1.10649 7.55528 7.84945
940 560 0.00899245 1.10713 7.55822 7.84941
940 580 0.00869519 1.10346 7.55246 7.84657
940 600 0.00987011 1.09916 7.53119 7.83367
940 620 0.0116608 1.10594 7.55504 7.84957
940 640 0.00910259 1.11761 7.58961 7.87788
940 660 0.00740786 1.11089 7.5683 7.86107
940 680 0.00829925 1.12866 7.60221 7.90069
940 700 0.00685493 1.14461 7.63752 7.94098
940 720 0.00747425 1.1035 7.55246 7.84653
960 240 0.00650146 1.12516 7.59812 7.89994
960 260 0.00916232 1.12062 7.58654 7.88468
960 280 0.00908093 1.12884 7.60211 7.90059
960 300 0.00855051 1.12621 7.5973 7.89718
960 320 0.00846869 1.12494 7.59767 7.89847
960 340 0.00720883 1.12194 7.59102 7.89036
960 360 0.00844038 1.12712 7.59966 7.90056
960 380 0.00978914 1.11112 7.56913 7.86154
960 400 0.00821785 1.11927 7.58654 7.88311
960 420 0.0112472 1.11862 7.58461 7.88155
960 440 0.00678061 1.12314 7.59122 7.89298
960 460 0.00857132 1.1217 7.58976 7.88972
960 480 0.00985327 1.12766 7.60126 7.90335
960 500 0.00935343 1.11851 7.58505 7.8812
960 520 0.0102452 1.10956 7.56588 7.85864
960 540 0.0111371 1.10743 7.55953 7.85026
960 560 0.00966882 1.10698 7.55785 7.849
960 580 0.00766577 1.10254 7.54566 7.84243
960 600 0.00802632 1.10255 7.54634 7.84336
960 620 0.00872038 1.09685 7.52242 7.83401
960 640 0.0103125 1.11794 7.58541 7.88044
960 660 0.00837314 1.09608 7.52397 7.83544
960 680 0.00973648 1.08774 7.50682 7.81607
960 700 0.00873411 1.10003 7.53376 7.83635
960 720 0.00819619 1.09594 7.52306 7.83447
960 740 0.00554241 1.09131 7.51163 7.82556
980 240 0.00790954 1.12775 7.59988 7.90239
980 260 0.00875534 1.13115 7.60816 7.90499
980 280 0.00919106 1.13461 7.61624 7.91323
980 300 0.00839437 1.14596 7.63636 7.93987
980 320 0.00957992 1.12071 7.58684 7.88559
980 340 0.00819662 1.1378 7.61991 7.91796
980 360 0.00739285 1.12759 7.60066 7.90221
980 380 0.00865272 1.13521 7.61966 7.91559
980 400 0.00891106 1.1368 7.61998 7.91646
980 420 0.0099055 1.137 7.62105 7.91702
980 440 0.00711328 1.11711 7.58758 7.87702
980 460 0.0104293 1.11201 7.57193 7.86289
980 480 0.00885797 1.1106 7.56687 7.86
980 500 0.00792369 1.13566 7.61914 7.91703
980 520 0.00902119 1.12261 7.59023 7.88857
980 540 0.00902784 1.11421 7.57783 7.86655
980 560 0.00958077 1.10884 7.56433 7.8564
980 580 0.00989177 1.10297 7.55039 7.84338
980 600 0.0104226 1.11753 7.58392 7.8778
980 620 0.00961177 1.11065 7.5664 7.86029
980 640 0.0085859 1.10943 7.56441 7.85704
980 660 0.00951622 1.10291 7.5497 7.84373
980 680 0.00872746 1.11306 7.5725 7.86296
980 700 0.0087058 1.11249 7.57251 7.86414
980 720 0.00884382 1.10349 7.55233 7.84621
980 740 0.00828467 1.11544 7.57883 7.87104
980 760 0.00786353 1.1492 7.6466 7.94823
