         280         100     0.00064     1.09970     4.75966     4.49878
         290         100     0.00094     1.23744     5.04333     4.73976
         290         110     0.00071     1.20486     4.96288     4.66949
         300         100     0.00025     2.09360     7.75968     7.12028
         300         110     0.00047     1.46146     5.72117     5.33632
         300         120     0.00081     1.60703     6.18540     5.74258
         310         100     0.00048     1.50277     5.85224     5.45102
         310         110     0.00036     2.03078     7.55552     6.94162
         310         120     0.00086     1.28487     5.17294     4.85654
         310         130     0.00129     1.20942     4.97332     4.67806
         320         100     0.00137     1.55393     6.01538     5.59379
         320         110     0.00170     1.34027     5.34193     5.00443
         320         120     0.00082     1.51620     5.89500     5.48844
         320         130     0.00091     1.24954     5.07520     4.76873
         320         140     0.00182     1.55054     6.00454     5.58431
         330         100     0.00178     1.28165     5.16326     4.84807
         330         110     0.00098     1.45399     5.69754     5.31564
         330         120     0.00087     1.37023     5.43472     5.08564
         330         130     0.00216     1.25932     5.10120     4.79237
         330         140     0.00120     1.40750     5.55114     5.18752
         330         150     0.00149     1.58641     6.11930     5.68474
         340         100     0.00112     1.37412     5.44683     5.09623
         340         110     0.00130     1.65587     6.34232     5.87991
         340         120     0.00125     1.41231     5.56624     5.20074
         340         130     0.00264     1.34553     5.35815     5.01863
         340         140     0.00135     1.55831     6.02936     5.60603
         340         150     0.00182     1.44323     5.66357     5.28591
         340         160     0.00159     1.16226     4.86879     4.59224
         350         100     0.00192     1.27261     5.13677     4.82470
         350         110     0.00108     1.37876     5.46127     5.10887
         350         120     0.00211     1.36068     5.40505     5.05967
         350         130     0.00146     1.32506     5.29517     4.96351
         350         140     0.00201     1.29618     5.20711     4.88645
         350         150     0.00261     1.23624     5.04019     4.73690
         350         160     0.00193     1.55171     6.00829     5.58759
         350         170     0.00130     1.29778     5.21196     4.89069
         360         100     0.00167     1.36728     5.42554     5.07761
         360         110     0.00236     1.24616     5.06628     4.76062
         360         120     0.00149     1.57822     6.09308     5.66179
         360         130     0.00242     1.26812     5.12473     4.81376
         360         140     0.00167     1.39668     5.51723     5.15784
         360         150     0.00162     1.33607     5.32899     4.99311
         360         160     0.00110     1.30782     5.24246     4.91739
         360         170     0.00188     1.29490     5.20324     4.88306
         360         180     0.00161     1.25225     5.08239     4.77527
         370         100     0.00147     1.31829     5.27444     4.94537
         370         110     0.00241     1.29172     5.19361     4.87463
         370         120     0.00184     1.22298     5.00567     4.70552
         370         130     0.00156     1.53536     5.95606     5.54188
         370         140     0.00360     1.17317     4.89224     4.61149
         370         150     0.00243     1.37543     5.45089     5.09979
         370         160     0.00156     1.24777     5.07052     4.76447
         370         170     0.00229     1.38599     5.48382     5.12860
         370         180     0.00106     1.39018     5.49692     5.14007
         370         190     0.00185     1.30959     5.24788     4.92212
         380         100     0.00382     1.16900     4.88322     4.60408
         380         110     0.00230     1.20318     4.95905     4.66635
         380         120     0.00233     1.14633     4.83841     4.56637
         380         130     0.00338     1.15813     4.86039     4.58523
         380         140     0.00207     1.29809     5.21290     4.89151
         380         150     0.00209     1.34155     5.34587     5.00789
         380         160     0.00275     1.09659     4.75499     4.49477
         380         170     0.00233     1.38643     5.48521     5.12982
         380         180     0.00235     1.30948     5.24752     4.92182
         380         190     0.00214     1.34268     5.34936     5.01094
         380         200     0.00184     1.40920     5.55647     5.19219
         390         100     0.00271     1.24966     5.07552     4.76902
         390         110     0.00314     1.32036     5.28076     4.95090
         390         120     0.00242     1.44286     5.66238     5.28487
         390         130     0.00191     1.71864     6.54449     6.05684
         390         140     0.00227     1.34909     5.36916     5.02826
         390         150     0.00352     1.36176     5.40839     5.06260
         390         160     0.00200     1.35443     5.38569     5.04273
         390         170     0.00263     1.32626     5.29883     4.96672
         390         180     0.00232     1.44174     5.65885     5.28179
         390         190     0.00258     1.37660     5.45455     5.10300
         390         200     0.00362     1.28411     5.17067     4.85456
         390         210     0.00222     1.30989     5.24877     4.92291
         400         100     0.00300     1.23253     5.03048     4.72807
         400         110     0.00291     1.34334     5.35141     5.01273
         400         120     0.00355     1.27290     5.13757     4.82543
         400         130     0.00414     1.23048     5.02514     4.72322
         400         140     0.00191     1.30470     5.23297     4.90908
         400         150     0.00323     1.23888     5.04712     4.74320
         400         160     0.00285     1.16402     4.87254     4.59531
         400         170     0.00225     1.38232     5.47239     5.11860
         400         180     0.00293     1.28159     5.16309     4.84793
         400         190     0.00313     1.34946     5.37029     5.02926
         400         200     0.00333     1.37275     5.44256     5.09250
         400         210     0.00250     1.33049     5.31183     4.97809
         400         220     0.00153     1.27938     5.15645     4.84211
         410         100     0.00239     1.32593     5.29783     4.96585
         410         110     0.00296     1.27629     5.14717     4.83399
         410         120     0.00360     1.29306     5.19766     4.87818
         410         130     0.00389     1.26405     5.11383     4.80385
         410         140     0.00426     1.30258     5.22652     4.90344
         410         150     0.00352     1.19340     4.93695     4.64820
         410         160     0.00325     1.25665     5.09409     4.78590
         410         170     0.00324     1.13937     4.82579     4.55553
         410         180     0.00262     1.43410     5.63476     5.26070
         410         190     0.00323     1.30461     5.23271     4.90885
         410         200     0.00318     1.32669     5.30016     4.96788
         410         210     0.00186     1.61923     6.22454     5.77684
         410         220     0.00283     1.36642     5.42287     5.07527
         410         230     0.00164     1.29867     5.21465     4.89305
         420         100     0.00207     1.29674     5.20882     4.88794
         420         110     0.00272     1.33642     5.33006     4.99405
         420         120     0.00396     1.26833     5.12529     4.81426
         420         130     0.00422     1.34534     5.35758     5.01814
         420         140     0.00462     1.28040     5.15949     4.84477
         420         150     0.00200     1.16477     4.87413     4.59662
         420         160     0.00278     1.20014     4.95215     4.66069
         420         170     0.00345     1.15876     4.86158     4.58626
         420         180     0.00317     1.32296     5.28873     4.95788
         420         190     0.00335     1.26664     5.12075     4.81014
         420         200     0.00348     1.29004     5.18855     4.87020
         420         210     0.00183     1.51782     5.90016     5.49296
         420         220     0.00271     1.20049     4.95294     4.66133
         420         230     0.00269     1.49207     5.81822     5.42125
         420         240     0.00214     1.61731     6.21840     5.77147
         430         100     0.00325     1.22569     5.01269     4.71190
         430         110     0.00340     1.20893     4.97219     4.67713
         430         120     0.00451     1.19741     4.94598     4.65562
         430         130     0.00471     1.28126     5.16208     4.84704
         430         140     0.00290     1.25597     5.09226     4.78424
         430         150     0.00268     1.25717     5.09546     4.78715
         430         160     0.00493     1.29581     5.20600     4.88547
         430         170     0.00303     1.39937     5.52566     5.16522
         430         180     0.00317     1.13563     4.81910     4.54980
         430         190     0.00309     1.43925     5.65100     5.27492
         430         200     0.00244     1.29787     5.21223     4.89093
         430         210     0.00204     1.40025     5.52842     5.16764
         430         220     0.00306     1.31923     5.27729     4.94787
         430         230     0.00332     1.38941     5.49452     5.13797
         430         240     0.00266     1.54673     5.99237     5.57365
         430         250     0.00148     1.52431     5.92082     5.51104
         440         100     0.00290     1.22267     5.00488     4.70481
         440         110     0.00498     1.20474     4.96262     4.66928
         440         120     0.00494     1.20507     4.96337     4.66989
         440         130     0.00386     1.16044     4.86494     4.58908
         440         140     0.00500     1.12932     4.80802     4.54029
         440         150     0.00468     1.22401     5.00832     4.70794
         440         160     0.00407     1.23915     5.04782     4.74384
         440         170     0.00298     1.35282     5.38068     5.03835
         440         180     0.00527     1.16175     4.86771     4.59135
         440         190     0.00276     1.20020     4.95229     4.66080
         440         200     0.00328     1.20966     4.97386     4.67851
         440         210     0.00339     1.24766     5.07024     4.76422
         440         220     0.00217     1.50863     5.87090     5.46735
         440         230     0.00451     1.25346     5.08560     4.77818
         440         240     0.00320     1.12922     4.80784     4.54013
         440         250     0.00266     1.38029     5.46604     5.11305
         440         260     0.00309     1.24645     5.06705     4.76132
         450         100     0.00410     1.24492     5.06300     4.75764
         450         110     0.00313     1.28454     5.17197     4.85569
         450         120     0.00449     1.19010     4.92956     4.64214
         450         130     0.00477     1.13383     4.81592     4.54706
         450         140     0.00354     1.21262     4.98067     4.68410
         450         150     0.00407     1.12862     4.80680     4.53923
         450         160     0.00356     1.17046     4.88637     4.60667
         450         170     0.00418     1.20885     4.97200     4.67698
         450         180     0.00305     1.30644     5.23828     4.91372
         450         190     0.00264     1.29959     5.21746     4.89551
         450         200     0.00360     1.22296     5.00561     4.70547
         450         210     0.00289     1.18701     4.92267     4.63648
         450         220     0.00295     1.19909     4.94978     4.65874
         450         230     0.00329     1.25158     5.08061     4.77364
         450         240     0.00347     1.19287     4.93575     4.64722
         450         250     0.00311     1.46573     5.73469     5.34815
         450         260     0.00286     1.16563     4.87599     4.59815
         450         270     0.00238     1.21241     4.98018     4.68369
         460         100     0.00444     1.21931     4.99619     4.69690
         460         110     0.00434     1.14696     4.83956     4.56736
         460         120     0.00341     1.25092     5.07888     4.77207
         460         130     0.00355     1.17647     4.89942     4.61739
         460         140     0.00499     1.27061     5.13142     4.81984
         460         150     0.00329     1.35815     5.39722     5.05282
         460         160     0.00492     1.22312     5.00603     4.70585
         460         170     0.00529     1.17086     4.88722     4.60737
         460         180     0.00423     1.26371     5.11292     4.80302
         460         190     0.00445     1.23846     5.04601     4.74220
         460         200     0.00405     1.18081     4.90895     4.62521
         460         210     0.00355     1.19855     4.94855     4.65773
         460         220     0.00559     1.17928     4.90558     4.62245
         460         230     0.00416     1.25634     5.09327     4.78515
         460         240     0.00364     1.20252     4.95757     4.66513
         460         250     0.00273     1.32235     5.28685     4.95623
         460         260     0.00300     1.22190     5.00289     4.70300
         460         270     0.00277     1.18796     4.92479     4.63821
         460         280     0.00287     1.26525     5.11703     4.80675
         470         100     0.00388     1.20387     4.96064     4.66765
         470         110     0.00365     1.35907     5.40007     5.05531
         470         120     0.00422     1.22244     5.00429     4.70426
         470         130     0.00450     1.27643     5.14757     4.83435
         470         140     0.00487     1.30173     5.22394     4.90118
         470         150     0.00523     1.14780     4.84111     4.56869
         470         160     0.00456     1.24222     5.05589     4.75117
         470         170     0.00391     1.25373     5.08632     4.77883
         470         180     0.00477     1.28061     5.16014     4.84534
         470         190     0.00421     1.23921     5.04798     4.74398
         470         200     0.00395     1.24642     5.06697     4.76125
         470         210     0.00321     1.13948     4.82598     4.55569
         470         220     0.00439     1.17123     4.88802     4.60803
         470         230     0.00386     1.31623     5.26812     4.93984
         470         240     0.00209     1.28171     5.16343     4.84822
         470         250     0.00389     1.20501     4.96324     4.66978
         470         260     0.00340     1.16461     4.87381     4.59636
         470         270     0.00230     1.25238     5.08274     4.77558
         470         280     0.00407     1.18222     4.91205     4.62776
         470         290     0.00243     1.29404     5.20063     4.88078
         480         100     0.00476     1.20683     4.96738     4.67319
         480         110     0.00629     1.14222     4.83092     4.55994
         480         120     0.00417     1.19227     4.93442     4.64612
         480         130     0.00594     1.16352     4.87148     4.59444
         480         140     0.00670     1.14063     4.82804     4.55747
         480         150     0.00473     1.19438     4.93916     4.65002
         480         160     0.00461     1.25447     5.08830     4.78064
         480         170     0.00425     1.10816     4.77278     4.51004
         480         180     0.00419     1.21896     4.99532     4.69613
         480         190     0.00477     1.20195     4.95625     4.66405
         480         200     0.00519     1.23931     5.04823     4.74421
         480         210     0.00482     1.16461     4.87380     4.59635
         480         220     0.00367     1.29397     5.20043     4.88061
         480         230     0.00367     1.37398     5.44637     5.09583
         480         240     0.00483     1.28070     5.16041     4.84558
         480         250     0.00330     1.20481     4.96278     4.66941
         480         260     0.00347     1.18496     4.91811     4.63273
         480         270     0.00429     1.11418     4.78247     4.51835
         480         280     0.00277     1.34257     5.34903     5.01065
         480         290     0.00337     1.36874     5.43010     5.08159
         480         300     0.00240     1.34862     5.36771     5.02699
         490         100     0.00572     1.14118     4.82904     4.55833
         490         110     0.00470     1.20142     4.95506     4.66307
         490         120     0.00412     1.25185     5.08134     4.77431
         490         130     0.00640     1.14355     4.83334     4.56202
         490         140     0.00656     1.17204     4.88979     4.60948
         490         150     0.00570     1.21401     4.98387     4.68673
         490         160     0.00495     1.24010     5.05030     4.74610
         490         170     0.00564     1.22666     5.01521     4.71420
         490         180     0.00663     1.16391     4.87231     4.59512
         490         190     0.00429     1.18150     4.91047     4.62646
         490         200     0.00360     1.28729     5.18025     4.86294
         490         210     0.00518     1.20766     4.96927     4.67474
         490         220     0.00580     1.16018     4.86439     4.58862
         490         230     0.00345     1.27113     5.13280     4.82109
         490         240     0.00333     1.34115     5.34464     5.00681
         490         250     0.00532     1.34658     5.36141     5.02149
         490         260     0.00320     1.16789     4.88083     4.60212
         490         270     0.00360     1.18890     4.92687     4.63992
         490         280     0.00471     1.26809     5.12465     4.81368
         490         290     0.00386     1.18058     4.90844     4.62479
         490         300     0.00368     1.15228     4.84941     4.57581
         490         310     0.00311     1.17157     4.88877     4.60864
         500         100     0.00481     1.16459     4.87376     4.59632
         500         110     0.00500     1.26947     5.12836     4.81705
         500         120     0.00407     1.17902     4.90500     4.62197
         500         130     0.00541     1.15789     4.85992     4.58483
         500         140     0.00602     1.19877     4.94904     4.65813
         500         150     0.00612     1.17587     4.89811     4.61631
         500         160     0.00486     1.11133     4.77785     4.51439
         500         170     0.00575     1.24718     5.06896     4.76306
         500         180     0.00595     1.16877     4.88272     4.60368
         500         190     0.00426     1.23070     5.02571     4.72374
         500         200     0.00450     1.11372     4.78172     4.51771
         500         210     0.00455     1.18499     4.91817     4.63278
         500         220     0.00448     1.27323     5.13844     4.82622
         500         230     0.00468     1.16013     4.86428     4.58854
         500         240     0.00450     1.17014     4.88567     4.60609
         500         250     0.00427     1.22554     5.01231     4.71156
         500         260     0.00433     1.25384     5.08663     4.77912
         500         270     0.00362     1.21682     4.99035     4.69205
         500         280     0.00475     1.17788     4.90250     4.61992
         500         290     0.00403     1.27086     5.13208     4.82043
         500         300     0.00317     1.22011     4.99826     4.69879
         500         310     0.00260     1.21305     4.98165     4.68490
         500         320     0.00307     1.22232     5.00396     4.70397
