1000 240 0.00855009 1.13564 4.83241 4.54886
1000 260 0.00858675 1.13163 4.82249 4.54459
1000 280 0.00756272 1.16762 4.89972 4.59986
1000 300 0.00802675 1.14106 4.84308 4.55393
1000 320 0.00767285 1.13351 4.82689 4.54543
1000 340 0.00865272 1.13381 4.82785 4.54621
1000 360 0.00795951 1.13672 4.83337 4.5486
1000 380 0.00794578 1.13204 4.82311 4.54461
1000 400 0.00767243 1.13364 4.82725 4.54568
1000 420 0.00767993 1.1386 4.83716 4.5523
1000 440 0.00883674 1.13046 4.8203 4.54435
1000 460 0.00787146 1.12916 4.81806 4.54295
1000 480 0.00814311 1.15649 4.87581 4.5878
1000 500 0.00759854 1.13825 4.83738 4.55229
1000 520 0.00897164 1.14784 4.85914 4.56841
1000 540 0.00910259 1.14065 4.84314 4.55408
1000 560 0.00876285 1.11777 4.79974 4.52865
1000 580 0.00756272 1.11708 4.79841 4.52815
1000 600 0.00954453 1.11689 4.79785 4.52742
1000 620 0.00910924 1.13365 4.82728 4.54573
1000 640 0.00759146 1.11791 4.79962 4.52967
1000 660 0.00759103 1.10718 4.78441 4.51769
1000 680 0.00769409 1.11517 4.79446 4.52501
1000 700 0.00653643 1.16804 4.90037 4.60142
1000 720 0.00684078 1.15468 4.87438 4.58495
1000 740 0.00651519 1.1101 4.78905 4.52064
1000 760 0.0064338 1.14 4.83989 4.55121
1000 780 0.00732689 1.14981 4.86264 4.57267
460 240 0.00285947 1.35601 5.4051 5.07692
480 240 0.00357433 1.19253 4.9532 4.65155
480 260 0.00294794 1.19981 4.96911 4.67501
500 240 0.00267544 1.21904 5.01009 4.71295
500 260 0.00349294 1.20258 4.97529 4.6808
500 280 0.00249184 1.33123 5.32287 4.99332
520 240 0.00266836 1.28405 5.19089 4.87093
520 260 0.00367739 1.25749 5.10887 4.8027
520 280 0.00365573 1.23513 5.05756 4.75307
520 300 0.00420073 1.20799 4.9835 4.6892
540 240 0.00434228 1.2785 5.17704 4.85906
540 260 0.00435686 1.18512 4.93593 4.63776
540 280 0.00412641 1.19286 4.95368 4.65196
540 300 0.00416534 1.29072 5.20694 4.8886
540 320 0.00428255 1.24438 5.07716 4.76817
560 240 0.00459001 1.18297 4.93091 4.63359
560 260 0.00543936 1.17517 4.91384 4.6147
560 280 0.00341154 1.27613 5.16923 4.84999
560 300 0.00454046 1.13099 4.82183 4.54541
560 320 0.0035531 1.22014 5.0145 4.71414
560 340 0.00375128 1.20903 4.98523 4.69193
580 240 0.00544643 1.17588 4.916 4.61649
580 260 0.00625685 1.15836 4.88164 4.59228
580 280 0.00497575 1.23329 5.05136 4.74564
580 300 0.00500407 1.13484 4.83152 4.54862
580 320 0.00472449 1.21341 4.98998 4.69628
580 340 0.00437059 1.18236 4.93265 4.63393
580 360 0.0034717 1.19808 4.96667 4.66937
600 240 0.00498991 1.15409 4.8734 4.58341
600 260 0.00553491 1.13622 4.83245 4.54868
600 280 0.00453339 1.2194 5.01256 4.71477
600 300 0.00571185 1.2199 5.01285 4.71341
600 320 0.00447407 1.18197 4.93232 4.63269
600 340 0.0053438 1.17846 4.92281 4.62407
600 360 0.00534423 1.14273 4.84549 4.55834
600 380 0.0047528 1.31468 5.2775 4.94887
620 240 0.00606575 1.13123 4.82235 4.54595
620 260 0.00624977 1.19814 4.96687 4.66934
620 280 0.00608075 1.12765 4.81601 4.54071
620 300 0.00585341 1.13883 4.83708 4.55119
620 320 0.00577952 1.17616 4.91661 4.61632
620 340 0.00420073 1.17725 4.92068 4.62116
620 360 0.00535838 1.21652 4.99845 4.70751
620 380 0.00403171 1.18149 4.93108 4.63292
620 400 0.00392823 1.12272 4.80616 4.53361
640 240 0.00828467 1.16227 4.89098 4.59303
640 260 0.0060799 1.19107 4.94965 4.64888
640 280 0.00588215 1.13552 4.83176 4.54906
640 300 0.00695756 1.16271 4.89133 4.59262
640 320 0.00580033 1.12047 4.80193 4.52935
640 340 0.00605159 1.15943 4.88497 4.59338
640 360 0.00630994 1.16964 4.90372 4.60628
640 380 0.00601266 1.17625 4.91655 4.61663
640 400 0.00518852 1.22543 5.03142 4.73204
640 420 0.00457585 1.16026 4.88986 4.59398
660 240 0.00661117 1.13943 4.83898 4.55219
660 260 0.0056977 1.1617 4.89059 4.59307
660 280 0.00751671 1.12905 4.81785 4.5435
660 300 0.00654351 1.13473 4.83129 4.54857
660 320 0.00672796 1.22418 5.02867 4.72739
660 340 0.00437059 1.18771 4.94168 4.64491
660 360 0.00704604 1.23555 5.05819 4.75458
660 380 0.00604451 1.14936 4.86189 4.57112
660 400 0.00473864 1.22843 5.03799 4.73981
660 420 0.00571185 1.18076 4.93002 4.63485
660 440 0.00474657 1.12614 4.81209 4.53767
680 240 0.00840188 1.12503 4.80992 4.53698
680 260 0.00837753 1.16089 4.88403 4.59325
680 280 0.0072159 1.14601 4.85628 4.56741
680 300 0.00757022 1.15713 4.87876 4.59005
680 320 0.00580075 1.12334 4.8076 4.53506
680 340 0.00857132 1.13323 4.82519 4.54539
680 360 0.00697922 1.15974 4.88496 4.59366
680 380 0.00499699 1.17186 4.90595 4.6069
680 400 0.00634575 1.11413 4.79294 4.52404
680 420 0.00525533 1.17757 4.92246 4.62217
680 440 0.00592462 1.18786 4.94263 4.64514
680 460 0.00461478 1.15928 4.88416 4.59291
700 240 0.00686201 1.13051 4.82048 4.5448
700 260 0.00834171 1.14534 4.85603 4.568
700 280 0.00748175 1.14133 4.84353 4.55441
700 300 0.00740701 1.13189 4.82218 4.54354
700 320 0.00767243 1.16345 4.89209 4.5941
700 340 0.00518809 1.15576 4.8758 4.58842
700 360 0.00696464 1.15987 4.88491 4.59391
700 380 0.00621084 1.12933 4.81835 4.54267
700 400 0.00579367 1.13277 4.82444 4.54503
700 420 0.00624977 1.15728 4.87926 4.58994
700 440 0.00571978 1.16671 4.89903 4.60029
700 460 0.0048802 1.18342 4.93233 4.63642
700 480 0.00526949 1.31786 5.28637 4.95348
720 240 0.00590296 1.21277 4.98856 4.69487
720 260 0.00571185 1.14045 4.84216 4.55283
720 280 0.00636656 1.1972 4.96518 4.66763
720 300 0.00767243 1.11371 4.79322 4.52408
720 320 0.00734685 1.13115 4.82178 4.5454
720 340 0.00784938 1.14067 4.84287 4.55383
720 360 0.0108048 1.14297 4.84584 4.55873
720 380 0.00529072 1.12957 4.81904 4.54352
720 400 0.00667799 1.12391 4.80867 4.53589
720 420 0.00560922 1.12249 4.80626 4.53391
720 440 0.00579367 1.16609 4.8963 4.59696
720 460 0.00525533 1.13693 4.83293 4.54944
720 480 0.00667133 1.18238 4.93276 4.63426
720 500 0.00580033 1.22153 5.01719 4.71677
740 240 0.00712743 1.14247 4.84573 4.55842
740 260 0.00804048 1.11844 4.79917 4.52776
740 280 0.00794493 1.13433 4.82986 4.54776
740 300 0.0062502 1.1614 4.8893 4.59282
740 320 0.00794493 1.18184 4.93196 4.63308
740 340 0.00631701 1.11495 4.79477 4.52543
740 360 0.00712035 1.17942 4.92537 4.62906
740 380 0.00713451 1.13006 4.81951 4.54404
740 400 0.0065612 1.16581 4.89555 4.59748
740 420 0.00720883 1.16495 4.89349 4.59433
740 440 0.00765827 1.13814 4.83673 4.55209
740 460 0.00454046 1.14946 4.86187 4.57134
740 480 0.00606575 1.18583 4.93612 4.64081
740 500 0.00641964 1.13227 4.82349 4.54451
740 520 0.00470326 1.20574 4.97927 4.68406
760 240 0.00734727 1.12272 4.80616 4.53361
760 260 0.00618253 1.20266 4.97507 4.68084
760 280 0.00668506 1.13623 4.83255 4.54902
760 300 0.00707435 1.12713 4.81449 4.53948
760 320 0.00781441 1.15657 4.87621 4.58789
760 340 0.00782149 1.1804 4.92843 4.63341
760 360 0.00689032 1.12396 4.80885 4.53593
760 380 0.00759103 1.12925 4.81814 4.54243
760 400 0.00888629 1.13251 4.82385 4.54416
760 420 0.00891856 1.15669 4.8772 4.5891
760 440 0.00723714 1.19656 4.96473 4.66753
760 460 0.00682351 1.12106 4.80294 4.53072
760 480 0.00750964 1.1609 4.88358 4.5929
760 500 0.00642007 1.14274 4.84541 4.55812
760 520 0.00505715 1.1821 4.93221 4.63292
760 540 0.00588923 1.14861 4.86035 4.56935
780 240 0.00740743 1.14498 4.85464 4.56659
780 260 0.00838772 1.13381 4.82785 4.54621
780 280 0.00883674 1.17731 4.92122 4.62132
780 300 0.00792369 1.12504 4.80979 4.5369
780 320 0.00731853 1.14265 4.84537 4.55836
780 340 0.00767951 1.12833 4.81615 4.54218
780 360 0.007952 1.13181 4.82221 4.5434
780 380 0.00765119 1.13737 4.83395 4.55085
780 400 0.00742116 1.15033 4.86355 4.57326
780 420 0.00696464 1.13756 4.83447 4.55111
780 440 0.00632452 1.15637 4.87578 4.58813
780 460 0.00723714 1.13567 4.83258 4.54881
780 480 0.00508546 1.12484 4.81033 4.53762
780 500 0.00582199 1.14435 4.851 4.56356
780 520 0.00604494 1.15672 4.87763 4.58935
780 540 0.00525533 1.19272 4.9539 4.65222
780 560 0.00618253 1.22107 5.01628 4.71758
800 240 0.00686201 1.17273 4.90775 4.60844
800 260 0.00835898 1.1673 4.89932 4.59991
800 280 0.00821743 1.14787 4.8596 4.5687
800 300 0.00720883 1.12995 4.81973 4.54409
800 320 0.00716282 1.20912 4.98521 4.69261
800 340 0.00814311 1.12812 4.8156 4.54168
800 360 0.00838022 1.11586 4.79539 4.52487
800 380 0.00809356 1.14557 4.85622 4.56802
800 400 0.00805463 1.14185 4.84498 4.55602
800 420 0.00729022 1.12847 4.81684 4.54293
800 440 0.00733977 1.12189 4.80423 4.532
800 460 0.00765827 1.1241 4.809 4.5347
800 480 0.00651519 1.14184 4.84505 4.55597
800 500 0.00623562 1.12587 4.81177 4.5383
800 520 0.00732561 1.12285 4.8068 4.53422
800 540 0.00749548 1.15207 4.86646 4.5755
800 560 0.00677354 1.11726 4.79892 4.52852
800 580 0.00741493 1.12914 4.81811 4.5431
820 240 0.0082245 1.16241 4.89192 4.59441
820 260 0.00782857 1.15766 4.88002 4.58942
820 280 0.00759188 1.13097 4.82176 4.54523
820 300 0.00812938 1.12096 4.80259 4.5302
820 320 0.00816788 1.12713 4.81449 4.53948
820 340 0.00747425 1.14393 4.84919 4.5623
820 360 0.00867395 1.14898 4.86019 4.56931
820 380 0.0075773 1.12994 4.81985 4.54409
820 400 0.00750256 1.12558 4.81142 4.5388
820 420 0.00667133 1.14066 4.84303 4.55395
820 440 0.00669922 1.11091 4.78902 4.52202
820 460 0.00788519 1.12997 4.8199 4.54386
820 480 0.00692925 1.14371 4.84913 4.56242
820 500 0.00731146 1.17755 4.92228 4.62187
820 520 0.00725129 1.1242 4.8093 4.53507
820 540 0.00829217 1.13964 4.83907 4.55203
820 560 0.00692925 1.10925 4.78655 4.51976
820 580 0.00606575 1.13118 4.82191 4.54548
820 600 0.00595604 1.15926 4.88421 4.5926
840 240 0.00873454 1.13001 4.81972 4.54398
840 260 0.00783522 1.13469 4.83102 4.54825
840 280 0.00779629 1.12978 4.81933 4.54312
840 300 0.00695133 1.1314 4.82285 4.5454
840 320 0.00746717 1.12405 4.80881 4.53493
840 340 0.00731146 1.11797 4.79962 4.52925
840 360 0.00842622 1.12452 4.81019 4.53694
840 380 0.00829217 1.14606 4.85622 4.56682
840 400 0.00805464 1.11851 4.79927 4.52819
840 420 0.00816788 1.13533 4.83209 4.54972
840 440 0.00782149 1.14058 4.84263 4.55339
840 460 0.00783522 1.12019 4.8016 4.52913
840 480 0.00784938 1.14352 4.84859 4.5618
840 500 0.00775425 1.15641 4.87615 4.58792
840 520 0.00696464 1.10983 4.78853 4.52081
840 540 0.00742116 1.1813 4.93049 4.63395
840 560 0.00624312 1.10522 4.78195 4.51571
840 580 0.00649396 1.13041 4.81983 4.54399
840 600 0.0077609 1.1541 4.87376 4.58345
840 620 0.00580033 1.1487 4.86033 4.56941
860 240 0.00614714 1.16694 4.89926 4.59999
860 260 0.00833775 1.1154 4.79446 4.52458
860 280 0.00775382 1.14594 4.85603 4.56708
860 300 0.00821743 1.12722 4.81486 4.5398
860 320 0.00748133 1.13978 4.83917 4.55162
860 340 0.00872703 1.13399 4.82851 4.54627
860 360 0.00714909 1.14555 4.85593 4.56777
860 380 0.00706062 1.13495 4.8313 4.54807
860 400 0.00810814 1.11991 4.80119 4.52931
860 420 0.00819619 1.12104 4.80295 4.53055
860 440 0.00859298 1.16003 4.88481 4.59392
860 460 0.0092508 1.14128 4.84345 4.55466
860 480 0.00804756 1.17322 4.90906 4.60889
860 500 0.00786396 1.1374 4.83394 4.55099
860 520 0.0064338 1.10742 4.78502 4.51876
860 540 0.00859298 1.12616 4.81197 4.53752
860 560 0.00633825 1.16916 4.90183 4.60439
860 580 0.00694341 1.14785 4.85933 4.56852
860 600 0.00766535 1.12712 4.81459 4.53934
860 620 0.00723006 1.09267 4.76023 4.49591
860 640 0.00502572 1.12253 4.80657 4.5342
880 240 0.00725214 1.13619 4.83278 4.54885
880 260 0.0083059 1.13296 4.82454 4.5447
880 280 0.00703188 1.13175 4.82227 4.544
880 300 0.00823908 1.12178 4.80393 4.5316
880 320 0.00633117 1.15766 4.88002 4.58942
880 340 0.00711328 1.14197 4.84497 4.55611
880 360 0.00755649 1.14353 4.8485 4.56181
880 380 0.00703938 1.12405 4.80881 4.53493
880 400 0.00802632 1.12381 4.80843 4.53613
880 420 0.00911009 1.12922 4.81833 4.54269
880 440 0.00936051 1.14044 4.84229 4.55298
880 460 0.00714866 1.11539 4.79465 4.52482
880 480 0.00740035 1.12647 4.8122 4.53755
880 500 0.00571185 1.1331 4.82503 4.54559
880 520 0.00751671 1.13809 4.83666 4.5521
880 540 0.0100152 1.15881 4.88384 4.59404
880 560 0.00829882 1.12843 4.81608 4.54228
880 580 0.0064338 1.17793 4.92242 4.62198
880 600 0.00687617 1.11862 4.79993 4.52857
880 620 0.00579367 1.12806 4.81575 4.54183
880 640 0.00534423 1.20179 4.97401 4.67844
880 660 0.00614714 1.14398 4.84933 4.56288
900 240 0.00767951 1.1295 4.81834 4.5431
900 260 0.00792369 1.1304 4.81977 4.54381
900 280 0.00901411 1.15082 4.86421 4.57327
900 300 0.00821743 1.13716 4.8342 4.55078
900 320 0.00891106 1.12233 4.80623 4.53401
900 340 0.00804048 1.12327 4.80731 4.53516
900 360 0.00857925 1.13986 4.83959 4.5521
900 380 0.00887256 1.15106 4.86458 4.5744
900 400 0.00858548 1.12517 4.81039 4.53701
900 420 0.00881551 1.12356 4.80761 4.53526
900 440 0.0078423 1.11199 4.78968 4.5224
900 460 0.0078423 1.12946 4.81842 4.54313
900 480 0.00919771 1.14234 4.84511 4.55771
900 500 0.00872703 1.10807 4.78565 4.51932
900 520 0.00805506 1.11193 4.78973 4.52273
900 540 0.00689032 1.11709 4.79847 4.52815
900 560 0.00996609 1.10858 4.78536 4.51874
900 580 0.00734019 1.11748 4.79889 4.52789
900 600 0.00689032 1.11261 4.79105 4.52276
900 620 0.00586049 1.16025 4.89005 4.59409
900 640 0.00732561 1.12095 4.80244 4.53027
900 660 0.00588172 1.17357 4.91012 4.60919
900 680 0.00590296 1.1605 4.88389 4.59305
920 240 0.00765119 1.16648 4.89896 4.59971
920 260 0.00872703 1.13644 4.83324 4.54886
920 280 0.00810064 1.13147 4.82236 4.54527
920 300 0.00831298 1.13728 4.83457 4.55098
920 320 0.00667799 1.15235 4.86796 4.57748
920 340 0.0086244 1.11728 4.79925 4.52869
920 360 0.00894687 1.14251 4.84562 4.55845
920 380 0.00722341 1.13644 4.83324 4.54886
920 400 0.00596312 1.14181 4.84462 4.5554
920 420 0.00863191 1.11841 4.79916 4.52808
920 440 0.00819619 1.12133 4.80323 4.53093
920 460 0.00944898 1.15704 4.87867 4.58999
920 480 0.00808691 1.11061 4.78915 4.52182
920 500 0.00892522 1.12778 4.81558 4.54084
920 520 0.00886548 1.11915 4.80017 4.52851
920 540 0.00823158 1.12047 4.80193 4.52935
920 560 0.00955869 1.10793 4.78522 4.51979
920 580 0.0085784 1.12677 4.81414 4.53862
920 600 0.00873411 1.16075 4.88391 4.59276
920 620 0.00942774 1.14454 4.85137 4.56382
920 640 0.00874119 1.12683 4.81457 4.53914
920 660 0.00759103 1.13244 4.82352 4.54434
920 680 0.00586757 1.17314 4.90882 4.60855
920 700 0.00656828 1.17 4.90278 4.6055
940 240 0.00911632 1.12623 4.81187 4.53717
940 260 0.00884382 1.12759 4.8159 4.54092
940 280 0.00731853 1.14203 4.84491 4.55605
940 300 0.00661117 1.14501 4.85502 4.56715
940 320 0.00823243 1.12671 4.81368 4.53857
940 340 0.00746717 1.12983 4.81961 4.54351
940 360 0.0078498 1.15104 4.86469 4.57426
940 380 0.00764412 1.14683 4.85643 4.56687
940 400 0.0086748 1.13107 4.82181 4.54533
940 420 0.00832048 1.12556 4.81106 4.53845
940 440 0.0081148 1.12223 4.80557 4.53303
940 460 0.00883009 1.13436 4.83053 4.54808
940 480 0.00821077 1.11689 4.79785 4.52742
940 500 0.00865272 1.1497 4.86193 4.57206
940 520 0.00936758 1.13578 4.83229 4.54771
940 540 0.00796616 1.11674 4.79743 4.5265
940 560 0.00783522 1.10213 4.77675 4.51213
940 580 0.00806879 1.13307 4.82486 4.54524
940 600 0.00854301 1.14039 4.84203 4.55278
940 620 0.0103266 1.12822 4.81596 4.54155
940 640 0.00723756 1.1232 4.80704 4.535
940 660 0.00634617 1.10981 4.78833 4.5208
940 680 0.00732604 1.15849 4.88223 4.59298
940 700 0.00472449 1.19026 4.9479 4.6469
940 720 0.00552075 1.12954 4.81875 4.54343
960 240 0.00587507 1.14541 4.85603 4.5681
960 260 0.0088969 1.12169 4.8044 4.53175
960 280 0.00819619 1.14784 4.85914 4.56841
960 300 0.00775425 1.13637 4.83283 4.549
960 320 0.00793077 1.12822 4.81596 4.54155
960 340 0.00676646 1.15363 4.87194 4.58389
960 360 0.00764412 1.15743 4.87913 4.58942
960 380 0.00943525 1.11234 4.79131 4.52329
960 400 0.00759854 1.12702 4.81437 4.53908
960 420 0.0107977 1.12202 4.80487 4.53251
960 440 0.00633825 1.12381 4.80843 4.53613
960 460 0.00768658 1.13214 4.82333 4.54434
960 480 0.009057 1.16428 4.89303 4.5944
960 500 0.00873411 1.13719 4.83424 4.5509
960 520 0.00944898 1.11493 4.79495 4.52593
960 540 0.0100683 1.12313 4.80682 4.53513
960 560 0.00904242 1.13513 4.83149 4.54917
960 580 0.00731188 1.10358 4.77804 4.51376
960 600 0.00714159 1.1264 4.81164 4.53713
960 620 0.00748175 1.10757 4.78501 4.51866
960 640 0.0089783 1.15369 4.87193 4.58342
960 660 0.00757688 1.11135 4.78947 4.52234
960 680 0.00866772 1.12099 4.80275 4.53037
960 700 0.00758395 1.15588 4.87576 4.5887
960 720 0.00695048 1.10706 4.78401 4.5179
960 740 0.00492309 1.13861 4.83702 4.55203
980 240 0.00746717 1.15054 4.86362 4.57303
980 260 0.00795908 1.14147 4.84341 4.55462
980 280 0.00883009 1.14091 4.84278 4.55344
980 300 0.00768658 1.14752 4.8585 4.56793
980 320 0.00887213 1.12676 4.81412 4.53862
980 340 0.00784272 1.13944 4.83896 4.55208
980 360 0.00712743 1.12937 4.81857 4.54269
980 380 0.00829174 1.14131 4.84326 4.55458
980 400 0.00836606 1.1479 4.85987 4.56892
980 420 0.00945606 1.14248 4.84568 4.55822
980 440 0.00649396 1.12052 4.80207 4.5295
980 460 0.00936758 1.11924 4.80018 4.5281
980 480 0.00788477 1.113 4.79096 4.52228
980 500 0.00739285 1.13997 4.84012 4.55164
980 520 0.0083134 1.12141 4.80385 4.5315
980 540 0.00831298 1.15296 4.86845 4.58025
980 560 0.00895438 1.11297 4.79104 4.52229
980 580 0.0091769 1.11905 4.80003 4.5286
980 600 0.0094494 1.13718 4.83431 4.55067
980 620 0.00881551 1.12416 4.80944 4.53485
980 640 0.00761269 1.11776 4.79956 4.5287
980 660 0.00880843 1.15512 4.87476 4.58662
980 680 0.00740035 1.12883 4.81722 4.54328
980 700 0.00790954 1.151 4.86449 4.57423
980 720 0.00750964 1.11599 4.79584 4.52514
980 740 0.00677354 1.12759 4.8159 4.54092
980 760 0.0069788 1.19608 4.9616 4.66518
