1000 240 0.00890398 1.1332 7.56022 6.08616
1000 260 0.0087637 1.12566 7.53209 6.0662
1000 280 0.00818911 1.14766 7.61722 6.11418
1000 300 0.00855759 1.13021 7.5469 6.07667
1000 320 0.00811522 1.12678 7.53701 6.06983
1000 340 0.00927203 1.13003 7.54604 6.07769
1000 360 0.00849035 1.12812 7.53959 6.07359
1000 380 0.00856509 1.11768 7.5061 6.05065
1000 400 0.00838022 1.12459 7.52839 6.06491
1000 420 0.00786396 1.14212 7.59672 6.09657
1000 440 0.00892522 1.12648 7.53636 6.06756
1000 460 0.00814396 1.12735 7.53776 6.07057
1000 480 0.008497 1.12567 7.5317 6.06628
1000 500 0.00848327 1.12632 7.53568 6.06654
1000 520 0.00933262 1.12613 7.53444 6.06703
1000 540 0.00963343 1.12782 7.53926 6.0728
1000 560 0.00902827 1.10344 7.46947 6.02339
1000 580 0.00782814 1.11593 7.50147 6.05109
1000 600 0.0100824 1.11079 7.48885 6.037
1000 620 0.00964008 1.11125 7.49178 6.03885
1000 640 0.00776841 1.10978 7.48836 6.03483
1000 660 0.00856424 1.1014 7.46429 6.01569
1000 680 0.00893272 1.09481 7.44729 6.0134
1000 700 0.0069788 1.13262 7.55783 6.08432
1000 720 0.00746009 1.10341 7.46938 6.02312
1000 740 0.00695756 1.09943 7.45738 6.01312
1000 760 0.00749548 1.10395 7.47117 6.02277
1000 780 0.0082187 1.12231 7.5201 6.06449
460 240 0.00454046 1.25041 8.05866 6.41109
480 240 0.00445907 1.11544 7.50334 6.04945
480 260 0.00471741 1.17262 7.71582 6.17043
500 240 0.00383268 1.12743 7.53818 6.07037
500 260 0.00500407 1.1372 7.58124 6.09165
500 280 0.00400297 1.17688 7.73182 6.1781
520 240 0.00373712 1.1315 7.55299 6.07914
520 260 0.00544686 1.1444 7.60193 6.10567
520 280 0.0062427 1.24266 8.02262 6.3855
520 300 0.0058888 1.11341 7.50026 6.04338
540 240 0.00594896 1.11396 7.50241 6.04844
540 260 0.00559549 1.11617 7.50256 6.05105
540 280 0.00608698 1.14592 7.60849 6.10926
540 300 0.00594189 1.15967 7.67335 6.14374
540 320 0.00622896 1.16546 7.69134 6.15462
560 240 0.00583572 1.121 7.51709 6.05896
560 260 0.00641256 1.13456 7.56696 6.08676
560 280 0.00590296 1.14887 7.6245 6.11681
560 300 0.00552075 1.10868 7.48373 6.03118
560 320 0.00506423 1.16492 7.69001 6.15336
560 340 0.00598435 1.18557 7.76276 6.20948
580 240 0.0072159 1.1357 7.57664 6.0908
580 260 0.00812187 1.14365 7.59912 6.10486
580 280 0.00632409 1.10606 7.47777 6.02373
580 300 0.00615422 1.11366 7.50128 6.04537
580 320 0.00588172 1.12103 7.51713 6.05838
580 340 0.00614714 1.12026 7.51374 6.05648
580 360 0.00532965 1.10797 7.48306 6.0288
600 240 0.00650104 1.1124 7.49598 6.04319
600 260 0.00678061 1.12283 7.522 6.06515
600 280 0.00613299 1.13922 7.58818 6.09184
600 300 0.00695048 1.09531 7.44769 6.01328
600 320 0.00616215 1.12435 7.52776 6.06376
600 340 0.00641964 1.11723 7.50391 6.05067
600 360 0.00658286 1.11628 7.50217 6.05118
600 380 0.00599851 1.16044 7.67349 6.14472
620 240 0.00723006 1.12699 7.53719 6.06961
620 260 0.00750256 1.13666 7.58028 6.08894
620 280 0.00705396 1.14323 7.59824 6.10327
620 300 0.0065612 1.12041 7.51443 6.05747
620 320 0.00692967 1.10608 7.47796 6.02489
620 340 0.00652227 1.13832 7.58537 6.09068
620 360 0.00650854 1.12867 7.54193 6.07554
620 380 0.00535881 1.13405 7.56178 6.08574
620 400 0.00500407 1.13602 7.57425 6.09163
640 240 0.00908801 1.11779 7.50634 6.05008
640 260 0.00678769 1.11177 7.49258 6.03968
640 280 0.0073862 1.10828 7.48361 6.03013
640 300 0.00848285 1.1207 7.51751 6.05732
640 320 0.00731146 1.12646 7.53651 6.067
640 340 0.00711328 1.12453 7.52787 6.06418
640 360 0.00737162 1.12588 7.53352 6.06622
640 380 0.00725129 1.10877 7.48385 6.03121
640 400 0.00713493 1.14247 7.59655 6.09701
640 420 0.00572601 1.11448 7.50339 6.04852
660 240 0.00767285 1.12884 7.5431 6.07589
660 260 0.00676646 1.12736 7.53767 6.07078
660 280 0.00848992 1.10238 7.46666 6.01741
660 300 0.00806171 1.10209 7.46649 6.01654
660 320 0.00805506 1.14728 7.61396 6.11196
660 340 0.00579325 1.11799 7.50646 6.04995
660 360 0.00846161 1.15583 7.65528 6.13193
660 380 0.00666383 1.09327 7.44204 6.01191
660 400 0.00581448 1.11075 7.48835 6.03634
660 420 0.00810772 1.14963 7.626 6.11564
660 440 0.00571978 1.10351 7.46909 6.02317
680 240 0.00946356 1.1061 7.47819 6.02471
680 260 0.00890837 1.14145 7.59439 6.09488
680 280 0.00828467 1.12886 7.54301 6.07596
680 300 0.0091769 1.13318 7.55987 6.08655
680 320 0.00659701 1.11771 7.50585 6.05062
680 340 0.00910216 1.10585 7.47713 6.02291
680 360 0.00786396 1.1213 7.51802 6.05863
680 380 0.00668506 1.09893 7.45579 6.01475
680 400 0.00777548 1.10024 7.46038 6.01577
680 420 0.00658951 1.12133 7.51752 6.0588
680 440 0.00672796 1.11836 7.50883 6.05145
680 460 0.00569062 1.0955 7.44806 6.01377
700 240 0.00792369 1.11807 7.50737 6.05052
700 260 0.00913798 1.11358 7.50105 6.0447
700 280 0.00792412 1.10857 7.48345 6.03027
700 300 0.00794493 1.11441 7.50409 6.049
700 320 0.00891814 1.1326 7.55802 6.08424
700 340 0.00608698 1.10478 7.47279 6.02348
700 360 0.007952 1.12485 7.52818 6.06556
700 380 0.00709558 1.10197 7.46568 6.01663
700 400 0.0070323 1.10612 7.47801 6.0248
700 420 0.00696464 1.11036 7.48845 6.03619
700 440 0.00713536 1.19556 7.80377 6.24633
700 460 0.0064798 1.14957 7.62657 6.11605
700 480 0.00686909 1.14442 7.60212 6.10522
720 240 0.00652227 1.12023 7.5137 6.05677
720 260 0.00659659 1.14662 7.60988 6.11143
720 280 0.00752379 1.16428 7.68953 6.1488
720 300 0.00873411 1.10166 7.46419 6.01731
720 320 0.008497 1.13549 7.57572 6.09062
720 340 0.0094419 1.12054 7.51628 6.05704
720 360 0.011778 1.11797 7.5062 6.05002
720 380 0.00647627 1.14467 7.60243 6.10428
720 400 0.00800509 1.1284 7.54078 6.07275
720 420 0.00711328 1.13611 7.57783 6.09097
720 440 0.00667841 1.11332 7.49997 6.04317
720 460 0.00668506 1.10539 7.47384 6.02276
720 480 0.0073862 1.11403 7.50312 6.04855
720 500 0.00668506 1.12042 7.51436 6.05766
740 240 0.00774675 1.11573 7.50163 6.05004
740 260 0.00910216 1.10444 7.47216 6.02302
740 280 0.00875535 1.12287 7.52078 6.06522
740 300 0.00695799 1.12823 7.53973 6.07414
740 320 0.00900661 1.13842 7.5854 6.09058
740 340 0.0072973 1.11388 7.50269 6.04771
740 360 0.0075698 1.17233 7.7149 6.16922
740 380 0.00855009 1.14032 7.59156 6.09354
740 400 0.0078883 1.11682 7.5037 6.05098
740 420 0.00827759 1.10187 7.46591 6.01709
740 440 0.00882259 1.09143 7.43414 6.00775
740 460 0.00552783 1.14249 7.59649 6.09725
740 480 0.00776798 1.10505 7.47406 6.02329
740 500 0.0075698 1.11314 7.49929 6.04326
740 520 0.00611883 1.1555 7.65394 6.13078
760 240 0.00832756 1.11221 7.49463 6.04186
760 260 0.00671337 1.12132 7.51749 6.05874
760 280 0.00703896 1.13276 7.55785 6.0848
760 300 0.00742824 1.11786 7.50601 6.04969
760 320 0.00906012 1.12034 7.51427 6.05719
760 340 0.00870622 1.13029 7.54691 6.07682
760 360 0.00812895 1.11521 7.50235 6.0485
760 380 0.00847577 1.11145 7.49257 6.03883
760 400 0.0095056 1.10361 7.46949 6.02276
760 420 0.0098033 1.11351 7.50058 6.04451
760 440 0.00804048 1.15325 7.64204 6.12704
760 460 0.00761977 1.10258 7.46736 6.01807
760 480 0.00865979 1.14517 7.60535 6.1055
760 500 0.00712786 1.11617 7.50256 6.05105
760 520 0.0064798 1.14098 7.59268 6.09573
760 540 0.00695091 1.11454 7.50308 6.04876
780 240 0.0083948 1.11078 7.48884 6.03667
780 260 0.00900703 1.12 7.5135 6.05579
780 280 0.00954453 1.1238 7.52475 6.06348
780 300 0.00810064 1.11949 7.51137 6.05414
780 320 0.0081148 1.11271 7.49688 6.04335
780 340 0.00839437 1.10614 7.47806 6.02517
780 360 0.00883674 1.11228 7.49542 6.04234
780 380 0.0088969 1.11001 7.48795 6.03606
780 400 0.007952 1.14424 7.60215 6.10505
780 420 0.00785645 1.11163 7.49173 6.03862
780 440 0.00720925 1.13386 7.56195 6.08542
780 460 0.0083873 1.09839 7.45465 6.01524
780 480 0.00614714 1.15744 7.66356 6.13565
780 500 0.00670672 1.11429 7.5035 6.0487
780 520 0.00692967 1.12314 7.5212 6.06487
780 540 0.00614714 1.11424 7.5031 6.04835
780 560 0.00725837 1.13108 7.54941 6.07787
800 240 0.00767243 1.12015 7.5141 6.05668
800 260 0.0086244 1.15205 7.63596 6.1221
800 280 0.00857132 1.11799 7.50646 6.04995
800 300 0.00791662 1.12026 7.51374 6.05648
800 320 0.00804756 1.13573 7.57646 6.0907
800 340 0.00867395 1.11775 7.50604 6.05057
800 360 0.00927203 1.1163 7.50224 6.05141
800 380 0.0086244 1.12788 7.53917 6.07251
800 400 0.00850408 1.10163 7.46446 6.01726
800 420 0.00809356 1.15105 7.6313 6.1198
800 440 0.00795908 1.10645 7.47876 6.02597
800 460 0.00829174 1.12038 7.51388 6.05782
800 480 0.00739993 1.13238 7.55601 6.0826
800 500 0.00720883 1.10832 7.48384 6.03047
800 520 0.0080334 1.09362 7.44277 6.01431
800 540 0.00865272 1.10526 7.47442 6.02268
800 560 0.00767951 1.09332 7.44145 6.01242
800 580 0.00829967 1.11415 7.50309 6.04835
820 240 0.00955161 1.13947 7.58926 6.09147
820 260 0.00791704 1.15661 7.65796 6.13442
820 280 0.00838814 1.12023 7.5137 6.05677
820 300 0.00874869 1.12035 7.51409 6.05759
820 320 0.00888275 1.11617 7.50256 6.05105
820 340 0.00818204 1.12788 7.53917 6.07251
820 360 0.00938882 1.1201 7.51388 6.05625
820 380 0.00838064 1.1115 7.49206 6.03785
820 400 0.00804756 1.11369 7.50158 6.04645
820 420 0.00737912 1.09981 7.45941 6.01412
820 440 0.00758395 1.10861 7.48331 6.03109
820 460 0.00823908 1.10696 7.47973 6.02724
820 480 0.00799801 1.1128 7.49791 6.04355
820 500 0.00801925 1.12528 7.53131 6.06624
820 520 0.00831298 1.09857 7.45469 6.01517
820 540 0.00891148 1.10644 7.47882 6.02625
820 560 0.00754856 1.09975 7.4595 6.0139
820 580 0.00730438 1.14669 7.6102 6.11022
820 600 0.00755564 1.09278 7.43858 6.01191
840 240 0.00899996 1.11795 7.50602 6.05011
840 260 0.00880843 1.13815 7.58545 6.0912
840 280 0.00788476 1.11867 7.50997 6.05186
840 300 0.00721675 1.11224 7.49502 6.04205
840 320 0.00790954 1.11509 7.502 6.04878
840 340 0.00801924 1.11428 7.50353 6.04861
840 360 0.00886859 1.11034 7.4886 6.0358
840 380 0.00909551 1.13277 7.55793 6.08489
840 400 0.00867395 1.11044 7.48846 6.03645
840 420 0.00914109 1.11333 7.50023 6.04341
840 440 0.0084408 1.11781 7.50613 6.05002
840 460 0.00810064 1.11052 7.48889 6.03672
840 480 0.00873411 1.12823 7.53973 6.07414
840 500 0.00872746 1.099 7.45608 6.01394
840 520 0.00758395 1.09581 7.44941 6.01349
840 540 0.00839437 1.12494 7.52939 6.06578
840 560 0.00712786 1.10129 7.46396 6.01656
840 580 0.0070248 1.10141 7.46434 6.01583
840 600 0.00873411 1.1128 7.49791 6.04355
840 620 0.00669214 1.14695 7.61145 6.11179
860 240 0.00632409 1.13875 7.58752 6.09183
860 260 0.0085147 1.11467 7.50325 6.04904
860 280 0.00810772 1.12146 7.51752 6.06012
860 300 0.00865979 1.11927 7.5114 6.05357
860 320 0.00792369 1.11937 7.51064 6.05433
860 340 0.00934635 1.13038 7.54739 6.0771
860 360 0.00750298 1.14903 7.62462 6.11787
860 380 0.00794535 1.1165 7.50212 6.05064
860 400 0.00855051 1.11827 7.50834 6.0512
860 420 0.00881551 1.10483 7.47297 6.02379
860 440 0.00947771 1.15721 7.66244 6.13478
860 460 0.0103125 1.12062 7.51698 6.0578
860 480 0.0091234 1.11771 7.50585 6.05062
860 500 0.00876285 1.10909 7.48429 6.0325
860 520 0.00687617 1.09524 7.44808 6.0133
860 540 0.00947771 1.10757 7.4809 6.02868
860 560 0.00767243 1.12347 7.52304 6.06261
860 580 0.00801217 1.11336 7.50032 6.04365
860 600 0.00863856 1.09644 7.44928 6.01272
860 620 0.00785645 1.08774 7.42585 5.99907
860 640 0.00626435 1.10326 7.46872 6.02149
880 240 0.00796701 1.13142 7.55227 6.07867
880 260 0.00848285 1.12259 7.52149 6.06468
880 280 0.00720883 1.11014 7.48774 6.036
880 300 0.00868145 1.11956 7.51128 6.05413
880 320 0.00695048 1.13284 7.55897 6.08455
880 340 0.00764412 1.13288 7.55904 6.08489
880 360 0.00791747 1.12097 7.51727 6.05874
880 380 0.00731188 1.12266 7.52182 6.06449
880 400 0.00865272 1.11996 7.51314 6.05501
880 420 0.00955246 1.1148 7.50327 6.04926
880 440 0.0097144 1.11587 7.5018 6.05092
880 460 0.00794493 1.11002 7.48795 6.03593
880 480 0.00819662 1.12094 7.51733 6.05873
880 500 0.00641964 1.12509 7.5307 6.06601
880 520 0.00831298 1.11167 7.49166 6.03865
880 540 0.0108115 1.11279 7.49765 6.04341
880 560 0.00909508 1.12269 7.52211 6.06463
880 580 0.00687617 1.14617 7.60964 6.10944
880 600 0.00776798 1.10217 7.46729 6.0169
880 620 0.00650146 1.09774 7.45286 6.01559
880 640 0.00658286 1.15909 7.67195 6.14088
880 660 0.0075698 1.13579 7.57661 6.09005
900 240 0.0080334 1.13224 7.55619 6.08171
900 260 0.00836606 1.13613 7.57788 6.09039
900 280 0.00972898 1.15033 7.62965 6.11856
900 300 0.00865979 1.12386 7.52488 6.06366
900 320 0.00953745 1.11456 7.50312 6.04902
900 340 0.00874827 1.11336 7.50032 6.04365
900 360 0.00902869 1.12887 7.54286 6.07562
900 380 0.0094034 1.13462 7.5675 6.08703
900 400 0.00938882 1.10675 7.47943 6.0266
900 420 0.00988427 1.11398 7.50244 6.04875
900 440 0.00855009 1.10794 7.48307 6.02869
900 460 0.00837314 1.12198 7.5192 6.06295
900 480 0.00991258 1.12077 7.51763 6.05808
900 500 0.00908093 1.09646 7.44966 6.01305
900 520 0.00902827 1.10815 7.48308 6.02946
900 540 0.00750964 1.11821 7.50813 6.0517
900 560 0.0109464 1.11774 7.50592 6.05069
900 580 0.0083134 1.11799 7.50646 6.04995
900 600 0.00876242 1.12092 7.51733 6.05837
900 620 0.00612591 1.11146 7.49257 6.03874
900 640 0.00785645 1.10544 7.4739 6.02333
900 660 0.00685493 1.12482 7.52817 6.06599
900 680 0.00723714 1.13967 7.58853 6.09194
920 240 0.00773967 1.14369 7.59967 6.1055
920 260 0.0091694 1.1295 7.54395 6.07835
920 280 0.00836606 1.11713 7.50454 6.05127
920 300 0.00866687 1.12849 7.5415 6.07401
920 320 0.00738577 1.13124 7.55166 6.07766
920 340 0.00888982 1.11625 7.50222 6.05063
920 360 0.00957326 1.13022 7.54681 6.07673
920 380 0.0079312 1.12428 7.52713 6.06418
920 400 0.00667091 1.1196 7.5113 6.05404
920 420 0.00916275 1.11224 7.49502 6.04205
920 440 0.00855009 1.10592 7.47761 6.02285
920 460 0.0102452 1.13758 7.58155 6.09125
920 480 0.00880178 1.11699 7.50383 6.05173
920 500 0.00938174 1.12028 7.51397 6.05686
920 520 0.00984577 1.13676 7.58087 6.08936
920 540 0.00867395 1.11178 7.49238 6.03974
920 560 0.0107159 1.1004 7.4605 6.01582
920 580 0.00999398 1.10114 7.46264 6.01712
920 600 0.0093605 1.1242 7.52654 6.06368
920 620 0.010401 1.12317 7.52188 6.06456
920 640 0.00962593 1.09448 7.44612 6.01326
920 660 0.00829882 1.12561 7.53201 6.06628
920 680 0.0067523 1.09975 7.4595 6.0139
920 700 0.00727607 1.12809 7.53964 6.07352
940 240 0.00947021 1.11195 7.49427 6.04047
940 260 0.00919771 1.12578 7.53329 6.06695
940 280 0.00749548 1.12937 7.5433 6.07758
940 300 0.00705354 1.13506 7.56944 6.08893
940 320 0.00849785 1.12302 7.52056 6.06464
940 340 0.00765119 1.13141 7.55214 6.07882
940 360 0.0082037 1.1282 7.53973 6.07413
940 380 0.00836606 1.13218 7.55682 6.08137
940 400 0.00912424 1.12587 7.53358 6.06625
940 420 0.0089398 1.12645 7.53644 6.06692
940 440 0.00846869 1.11793 7.50604 6.05033
940 460 0.00955203 1.12548 7.53228 6.0664
940 480 0.00883009 1.11902 7.51014 6.05272
940 500 0.00900661 1.13369 7.56236 6.08593
940 520 0.009633 1.11313 7.49915 6.04334
940 540 0.00823158 1.10912 7.48433 6.03182
940 560 0.00854301 1.10663 7.47912 6.02513
940 580 0.00842269 1.10788 7.48231 6.02897
940 600 0.00933927 1.10069 7.46239 6.01623
940 620 0.0112998 1.11326 7.4997 6.04325
940 640 0.00830632 1.13879 7.58815 6.09174
940 660 0.00714244 1.10491 7.47261 6.02273
940 680 0.0077684 1.15206 7.63611 6.12212
940 700 0.00640549 1.18718 7.76929 6.21772
940 720 0.00667799 1.10937 7.4858 6.03314
960 240 0.00632452 1.13032 7.54753 6.07706
960 260 0.0088969 1.11964 7.51112 6.05435
960 280 0.00890398 1.14182 7.59537 6.09554
960 300 0.00810814 1.12966 7.54446 6.07821
960 320 0.00837314 1.12542 7.53158 6.06559
960 340 0.00703188 1.13084 7.54825 6.07726
960 360 0.00835191 1.12761 7.53869 6.0723
960 380 0.00961219 1.11178 7.49238 6.03974
960 400 0.00795243 1.11988 7.51261 6.05464
960 420 0.0111587 1.12084 7.51759 6.05879
960 440 0.00660367 1.12348 7.52313 6.06202
960 460 0.00812895 1.11234 7.49648 6.04277
960 480 0.00967632 1.13888 7.58846 6.09238
960 500 0.00926495 1.12312 7.52105 6.06502
960 520 0.00989135 1.11058 7.48904 6.03684
960 540 0.0106876 1.10845 7.4838 6.0308
960 560 0.00966882 1.11477 7.50322 6.04947
960 580 0.0075773 1.10279 7.46813 6.01857
960 600 0.00767243 1.11623 7.50227 6.05087
960 620 0.00845496 1.09545 7.44778 6.01393
960 640 0.00995151 1.12532 7.53112 6.06564
960 660 0.00819619 1.0964 7.44936 6.01273
960 680 0.00928704 1.08951 7.42984 6.00365
960 700 0.00829174 1.13765 7.58208 6.09144
960 720 0.00748133 1.09293 7.4404 6.01202
960 740 0.00536546 1.09912 7.45669 6.01406
980 240 0.00782106 1.13603 7.5741 6.09171
980 260 0.0085784 1.13214 7.55648 6.08086
980 280 0.00910259 1.13516 7.57397 6.09019
980 300 0.007952 1.15667 7.65813 6.13412
980 320 0.00940297 1.13031 7.54728 6.07696
980 340 0.00801967 1.13805 7.58508 6.09071
980 360 0.0072159 1.12581 7.53354 6.06647
980 380 0.00865272 1.13521 7.57394 6.08999
980 400 0.00872703 1.13257 7.55763 6.08438
980 420 0.0099055 1.137 7.58121 6.09105
980 440 0.00693633 1.11802 7.50679 6.04986
980 460 0.0101638 1.11287 7.49795 6.04344
980 480 0.00823866 1.11386 7.5027 6.04724
980 500 0.00783522 1.14138 7.5938 6.09504
980 520 0.00884424 1.11882 7.51052 6.05268
980 540 0.00867395 1.11902 7.51014 6.05272
980 560 0.00949229 1.11132 7.49231 6.03849
980 580 0.00953788 1.1077 7.482 6.02883
980 600 0.00998024 1.11942 7.51095 6.05427
980 620 0.00943482 1.11131 7.49208 6.0389
980 640 0.00849743 1.11924 7.51143 6.05341
980 660 0.00951622 1.10291 7.46846 6.01972
980 680 0.00828509 1.12092 7.51733 6.05837
980 700 0.00852885 1.13553 7.57614 6.09076
980 720 0.00840145 1.11116 7.49106 6.03794
980 740 0.00793077 1.1107 7.48874 6.03685
980 760 0.00777506 1.15037 7.63025 6.11896
