1000 240 0.00801925 1.15813 5.4109 3.87081
1000 260 0.0078573 1.13316 5.34506 3.84071
1000 280 0.00719467 1.1521 5.3946 3.85922
1000 300 0.00776133 1.13752 5.35626 3.84753
1000 320 0.0075773 1.13455 5.34928 3.84347
1000 340 0.00820327 1.12775 5.3338 3.83509
1000 360 0.00723756 1.15777 5.4104 3.8701
1000 380 0.00776883 1.12319 5.32167 3.8297
1000 400 0.00704604 1.13533 5.35023 3.84535
1000 420 0.00687617 1.15025 5.38687 3.85857
1000 440 0.00804048 1.13851 5.35852 3.84971
1000 460 0.00742909 1.13118 5.34074 3.83759
1000 480 0.00761227 1.13645 5.35154 3.84489
1000 500 0.00749591 1.16036 5.41563 3.87265
1000 520 0.00835233 1.1462 5.37871 3.8538
1000 540 0.00865272 1.13286 5.34386 3.84055
1000 560 0.00840895 1.10016 5.2677 3.80792
1000 580 0.00649396 1.11945 5.31244 3.82746
1000 600 0.00937466 1.11812 5.31168 3.82612
1000 620 0.00910216 1.13237 5.34242 3.83954
1000 640 0.00714201 1.11272 5.29551 3.81817
1000 660 0.00759103 1.10027 5.26798 3.80807
1000 680 0.00777548 1.11312 5.29635 3.81805
1000 700 0.00652935 1.13754 5.35621 3.84756
1000 720 0.00665675 1.10781 5.28386 3.81402
1000 740 0.00632409 1.09527 5.25848 3.80208
1000 760 0.00713451 1.12148 5.31954 3.82888
1000 780 0.00759938 1.11836 5.31208 3.82724
460 240 0.002226 1.2917 5.85518 4.14843
480 240 0.00249849 1.19606 5.51291 3.94073
480 260 0.00231447 1.14423 5.37293 3.85013
500 240 0.00223307 1.14767 5.3834 3.85583
500 260 0.00250557 1.26084 5.74388 4.08125
500 280 0.00239586 1.30806 5.91598 4.18824
520 240 0.0018721 1.29872 5.88283 4.16619
520 260 0.00259447 1.2293 5.61972 4.00357
520 280 0.0034717 1.29407 5.8664 4.15671
520 300 0.00375128 1.27429 5.7916 4.11212
540 240 0.00391407 1.18184 5.46947 3.91568
540 260 0.00372297 1.20862 5.54705 3.96354
540 280 0.00375836 1.25507 5.72089 4.06523
540 300 0.00389992 1.24424 5.67876 4.03246
540 320 0.00436394 1.29955 5.88702 4.16692
560 240 0.00421488 1.17787 5.457 3.90793
560 260 0.00480588 1.19159 5.49761 3.9319
560 280 0.00350001 1.17439 5.44968 3.89836
560 300 0.00267544 1.1868 5.48418 3.92688
560 320 0.00275684 1.21648 5.57235 3.97499
560 340 0.0040981 1.21235 5.5585 3.96716
580 240 0.00482004 1.1324 5.3424 3.83959
580 260 0.00543228 1.17332 5.44698 3.89696
580 280 0.00444491 1.14942 5.38451 3.85741
580 300 0.0037442 1.1554 5.40373 3.86084
580 320 0.00381144 1.23205 5.63268 4.00893
580 340 0.00366281 1.21425 5.56534 3.97055
580 360 0.00345755 1.15269 5.39693 3.85952
600 240 0.00445907 1.18148 5.46793 3.91422
600 260 0.00507838 1.16848 5.43466 3.88398
600 280 0.00471033 1.19418 5.50524 3.93817
600 300 0.00516686 1.12472 5.32385 3.83112
600 320 0.00456255 1.11656 5.30548 3.82202
600 340 0.00491559 1.13451 5.34923 3.84348
600 360 0.00452673 1.12981 5.33941 3.83637
600 380 0.00501822 1.19794 5.51826 3.94244
620 240 0.00545351 1.15573 5.40391 3.8605
620 260 0.00536504 1.16642 5.42753 3.87953
620 280 0.00481296 1.15237 5.39504 3.85966
620 300 0.00479173 1.17059 5.43897 3.89022
620 320 0.00550702 1.18293 5.47396 3.91991
620 340 0.00437059 1.13426 5.34892 3.84244
620 360 0.00490144 1.18589 5.48038 3.92426
620 380 0.00437852 1.13502 5.3506 3.845
620 400 0.00358141 1.11152 5.29184 3.81606
640 240 0.00738577 1.14463 5.37506 3.85303
640 260 0.00473157 1.12451 5.32365 3.83061
640 280 0.00561673 1.12737 5.33278 3.83522
640 300 0.00563046 1.15904 5.41344 3.87195
640 320 0.00479881 1.13363 5.3462 3.84121
640 340 0.0054252 1.16003 5.4153 3.87229
640 360 0.00515978 1.12621 5.33007 3.83298
640 380 0.00501114 1.11605 5.30458 3.82083
640 400 0.00509296 1.18051 5.46601 3.9127
640 420 0.00411225 1.10541 5.27923 3.81257
660 240 0.00526991 1.13131 5.34102 3.83851
660 260 0.00533673 1.13122 5.34086 3.83796
660 280 0.00678769 1.10441 5.27647 3.81243
660 300 0.00546059 1.16228 5.42038 3.87131
660 320 0.00607325 1.20029 5.5262 3.94863
660 340 0.00463602 1.13227 5.34228 3.83949
660 360 0.00560215 1.17019 5.4374 3.88882
660 380 0.00452631 1.1338 5.34696 3.84193
660 400 0.00410517 1.13077 5.34066 3.83728
660 420 0.00597727 1.20117 5.53002 3.95171
660 440 0.00412018 1.11969 5.31311 3.82763
680 240 0.00678812 1.1458 5.37872 3.85403
680 260 0.00649085 1.16895 5.43418 3.88424
680 280 0.00615422 1.16538 5.4251 3.87751
680 300 0.00703938 1.17229 5.44182 3.89322
680 320 0.00482754 1.16125 5.41827 3.86989
680 340 0.00740701 1.12336 5.32181 3.82972
680 360 0.00599893 1.17471 5.45129 3.90015
680 380 0.00526241 1.1045 5.27645 3.81245
680 400 0.0058963 1.1299 5.33946 3.83637
680 420 0.00517393 1.1381 5.35768 3.84829
680 440 0.00520267 1.13524 5.35026 3.84494
680 460 0.00462186 1.14314 5.36988 3.84984
700 240 0.00667091 1.15514 5.40431 3.8602
700 260 0.00688367 1.11108 5.29023 3.81599
700 280 0.00613299 1.11411 5.29979 3.81888
700 300 0.0060799 1.15033 5.3868 3.8588
700 320 0.00712743 1.15901 5.41306 3.87193
700 340 0.00455462 1.12648 5.33142 3.83411
700 360 0.00642672 1.14924 5.38696 3.85719
700 380 0.00564461 1.0977 5.26297 3.80444
700 400 0.0054327 1.1627 5.42143 3.87179
700 420 0.00553491 1.13419 5.34853 3.8423
700 440 0.00588965 1.24319 5.67688 4.03061
700 460 0.00541812 1.16942 5.43504 3.88564
700 480 0.00571185 1.13876 5.35944 3.84992
720 240 0.0053438 1.14717 5.3821 3.85505
720 260 0.00535796 1.14078 5.36391 3.84885
720 280 0.00599143 1.16512 5.42564 3.87684
720 300 0.00686909 1.13111 5.34062 3.83724
720 320 0.00689032 1.14208 5.3671 3.85019
720 340 0.00686201 1.10711 5.28254 3.8134
720 360 0.00820369 1.1592 5.41396 3.87149
720 380 0.00475988 1.17708 5.45434 3.90661
720 400 0.00577909 1.15508 5.404 3.85987
720 420 0.0054252 1.14452 5.37481 3.85242
720 440 0.00543228 1.11286 5.29586 3.81789
720 460 0.00473157 1.11754 5.31029 3.82352
720 480 0.00622896 1.12358 5.32265 3.83024
720 500 0.00560922 1.1202 5.31534 3.82861
740 240 0.00633117 1.12448 5.32385 3.83038
740 260 0.00731853 1.13159 5.34104 3.83876
740 280 0.00732561 1.14578 5.37873 3.85407
740 300 0.00535838 1.12951 5.33924 3.83639
740 320 0.00722298 1.16454 5.42466 3.8759
740 340 0.00641256 1.14102 5.36445 3.8481
740 360 0.00605867 1.18976 5.4937 3.92657
740 380 0.00712743 1.20747 5.54454 3.96145
740 400 0.00682662 1.11697 5.30753 3.82284
740 420 0.00685493 1.11424 5.29992 3.81935
740 440 0.00765119 1.10041 5.26829 3.80865
740 460 0.00482004 1.20387 5.53243 3.95543
740 480 0.0067063 1.09615 5.26036 3.8027
740 500 0.00605867 1.14603 5.37887 3.85429
740 520 0.00549952 1.1285 5.33564 3.83595
760 240 0.00708185 1.12605 5.32946 3.83319
760 260 0.00572601 1.12926 5.33786 3.83589
760 280 0.00569062 1.13702 5.35416 3.8465
760 300 0.00626393 1.12466 5.32415 3.83089
760 320 0.00727649 1.13779 5.35673 3.84844
760 340 0.00648731 1.1414 5.36467 3.8489
760 360 0.00705311 1.13866 5.35908 3.84998
760 380 0.00695756 1.1101 5.28898 3.81475
760 400 0.00834129 1.10554 5.27945 3.8129
760 420 0.00767285 1.13086 5.34036 3.83728
760 440 0.0061613 1.17187 5.44207 3.89296
760 460 0.00672088 1.11322 5.2969 3.81834
760 480 0.00732561 1.14242 5.36712 3.84898
760 500 0.00615465 1.09811 5.26307 3.80445
760 520 0.00496868 1.19826 5.52015 3.94331
760 540 0.00552825 1.11738 5.3096 3.82319
780 240 0.00704646 1.13 5.33956 3.83639
780 260 0.00750298 1.14491 5.37574 3.85289
780 280 0.00855716 1.14833 5.38535 3.85596
780 300 0.00703188 1.15749 5.40962 3.86507
780 320 0.00722298 1.12777 5.33376 3.83538
780 340 0.00704604 1.13846 5.3585 3.84919
780 360 0.00739993 1.11456 5.30033 3.81957
780 380 0.00747425 1.11774 5.3104 3.82428
780 400 0.0060799 1.15599 5.40364 3.86165
780 420 0.0067063 1.13904 5.35993 3.84995
780 440 0.00597062 1.15167 5.39229 3.85914
780 460 0.00722298 1.10581 5.27979 3.81323
780 480 0.00535088 1.17417 5.44909 3.89858
780 500 0.0058963 1.11141 5.2915 3.81584
780 520 0.00577244 1.14919 5.38738 3.85708
780 540 0.00464309 1.11958 5.31265 3.82739
780 560 0.00627101 1.15506 5.40394 3.85999
800 240 0.00678061 1.14574 5.37836 3.85401
800 260 0.00755564 1.14282 5.36891 3.8494
800 280 0.00688324 1.12621 5.33007 3.83298
800 300 0.00623562 1.16073 5.41594 3.86963
800 320 0.00661782 1.14653 5.3796 3.85476
800 340 0.00706727 1.12805 5.33409 3.83553
800 360 0.00767951 1.11798 5.31096 3.82551
800 380 0.00720175 1.14252 5.36767 3.8489
800 400 0.00672045 1.10469 5.27682 3.81291
800 420 0.00675938 1.15919 5.41389 3.87164
800 440 0.00680185 1.11006 5.28879 3.81477
800 460 0.00686909 1.13351 5.34579 3.84108
800 480 0.00632409 1.11536 5.30324 3.82011
800 500 0.00639841 1.10499 5.27904 3.81282
800 520 0.00650812 1.1213 5.31911 3.82907
800 540 0.00739993 1.1022 5.27079 3.81074
800 560 0.00668506 1.09463 5.25741 3.80185
800 580 0.00732646 1.11205 5.29311 3.81792
820 240 0.00821743 1.1557 5.40417 3.86112
820 260 0.00694383 1.17989 5.46307 3.91133
820 280 0.00723799 1.137 5.35389 3.84658
820 300 0.00768701 1.12662 5.33213 3.83467
820 320 0.00825635 1.12945 5.33842 3.83558
820 340 0.00712035 1.12809 5.33436 3.83561
820 360 0.00778214 1.12836 5.33476 3.83583
820 380 0.00695091 1.11397 5.29908 3.81966
820 400 0.00688324 1.13435 5.34908 3.84305
820 420 0.00605202 1.11794 5.31076 3.82541
820 440 0.00642672 1.10831 5.28493 3.81403
820 460 0.00724464 1.11581 5.30442 3.82105
820 480 0.00667091 1.11877 5.31198 3.8269
820 500 0.00651519 1.13444 5.34899 3.84341
820 520 0.00706019 1.11118 5.29059 3.81608
820 540 0.00793827 1.09815 5.26345 3.80472
820 560 0.00692925 1.10219 5.27082 3.81074
820 580 0.00641256 1.17302 5.44578 3.89491
820 600 0.00666383 1.10946 5.2862 3.8145
840 240 0.00810814 1.13942 5.36003 3.84774
840 260 0.00738577 1.14712 5.38215 3.8549
840 280 0.00680185 1.13053 5.34028 3.83702
840 300 0.00632494 1.11872 5.31227 3.82668
840 320 0.0071062 1.1208 5.31749 3.82856
840 340 0.00713451 1.11418 5.29985 3.81915
840 360 0.00754149 1.11398 5.29921 3.81976
840 380 0.0075698 1.14079 5.36374 3.84878
840 400 0.00769366 1.15298 5.3977 3.85959
840 420 0.0081608 1.12084 5.31773 3.82868
840 440 0.0069226 1.11235 5.29508 3.81772
840 460 0.00677354 1.13524 5.35026 3.84494
840 480 0.00784938 1.12543 5.32709 3.83247
840 500 0.00774009 1.11379 5.29795 3.81887
840 520 0.00649396 1.10534 5.27885 3.81262
840 540 0.00767951 1.14826 5.38502 3.85595
840 560 0.00641299 1.09809 5.26314 3.80456
840 580 0.00569062 1.10743 5.2838 3.81379
840 600 0.00749548 1.12938 5.33799 3.83571
840 620 0.00598435 1.15885 5.41245 3.8716
860 240 0.00506423 1.15105 5.38867 3.85895
860 260 0.00762996 1.13749 5.35617 3.84739
860 280 0.00695756 1.11937 5.3121 3.82782
860 300 0.00706019 1.12761 5.33317 3.83485
860 320 0.00677354 1.11671 5.30655 3.82195
860 340 0.00766535 1.14018 5.36139 3.84788
860 360 0.00563796 1.15836 5.41189 3.87125
860 380 0.00714909 1.13027 5.33955 3.83734
860 400 0.00764454 1.13848 5.35844 3.84939
860 420 0.00783522 1.10792 5.28399 3.81425
860 440 0.00820369 1.20698 5.543 3.96054
860 460 0.00906677 1.12542 5.32701 3.83247
860 480 0.00757688 1.10689 5.28269 3.81365
860 500 0.00760561 1.13711 5.35482 3.84675
860 520 0.0064338 1.09972 5.26818 3.80699
860 540 0.0088584 1.12353 5.3224 3.8299
860 560 0.00607283 1.15005 5.38659 3.85858
860 580 0.00739285 1.14211 5.36716 3.8502
860 600 0.00837314 1.10225 5.27042 3.81063
860 620 0.00749548 1.09209 5.25458 3.80188
860 640 0.00527699 1.08707 5.24632 3.7941
880 240 0.00725214 1.13663 5.35253 3.84568
880 260 0.00785645 1.13512 5.35058 3.84489
880 280 0.00596312 1.11642 5.30552 3.82136
880 300 0.00797366 1.12325 5.32161 3.8294
880 320 0.00597727 1.1715 5.44155 3.89102
880 340 0.00648688 1.14457 5.3748 3.85282
880 360 0.00746052 1.12268 5.32068 3.8287
880 380 0.00615465 1.1359 5.35003 3.84473
880 400 0.00722298 1.11802 5.31118 3.82547
880 420 0.00846954 1.13084 5.3404 3.83712
880 440 0.00891814 1.17381 5.44799 3.89753
880 460 0.0061613 1.11261 5.29535 3.81754
880 480 0.00713493 1.12645 5.33102 3.83397
880 500 0.0056163 1.15736 5.40916 3.86457
880 520 0.00714159 1.1308 5.34036 3.83745
880 540 0.00947729 1.13634 5.35142 3.84501
880 560 0.00838022 1.13365 5.3462 3.84124
880 580 0.00596312 1.14807 5.3846 3.85588
880 600 0.00687617 1.10715 5.28266 3.81332
880 620 0.00597062 1.1085 5.28493 3.81448
880 640 0.00605202 1.16925 5.43473 3.88482
880 660 0.00685493 1.13446 5.34912 3.84341
900 240 0.00731853 1.14325 5.36999 3.84973
900 260 0.00720883 1.1512 5.38944 3.8587
900 280 0.0081148 1.14623 5.37872 3.85423
900 300 0.00712035 1.129 5.33794 3.83611
900 320 0.00846161 1.11948 5.31259 3.82749
900 340 0.00784938 1.12883 5.33725 3.83551
900 360 0.00724507 1.17174 5.442 3.89207
900 380 0.00807629 1.12238 5.32001 3.82915
900 400 0.007952 1.10646 5.28098 3.81427
900 420 0.00854301 1.12187 5.32 3.8288
900 440 0.00685493 1.11175 5.29242 3.81697
900 460 0.00757688 1.13024 5.33925 3.83718
900 480 0.0085784 1.13785 5.35705 3.84847
900 500 0.00801217 1.12988 5.33961 3.83649
900 520 0.00795951 1.12351 5.32244 3.82986
900 540 0.00661782 1.11636 5.30551 3.82121
900 560 0.00970775 1.14255 5.36802 3.8489
900 580 0.00731896 1.12514 5.32618 3.83146
900 600 0.00796616 1.12693 5.33196 3.83543
900 620 0.00568354 1.1263 5.33097 3.83298
900 640 0.00732561 1.10651 5.28155 3.81394
900 660 0.00622854 1.15525 5.40372 3.86063
900 680 0.00652227 1.14871 5.38574 3.85575
920 240 0.00676646 1.16047 5.41577 3.87272
920 260 0.00801217 1.14553 5.37745 3.85343
920 280 0.00756272 1.12887 5.33727 3.83596
920 300 0.00786353 1.12856 5.33575 3.83627
920 320 0.00641256 1.13629 5.3511 3.84494
920 340 0.00692925 1.14178 5.36577 3.85028
920 360 0.00840853 1.1343 5.34904 3.84276
920 380 0.00650854 1.12977 5.33957 3.83628
920 400 0.00622146 1.15875 5.41223 3.87159
920 420 0.00764454 1.11683 5.30684 3.82263
920 440 0.00757688 1.10814 5.28424 3.8147
920 460 0.00864564 1.16324 5.42186 3.87267
920 480 0.00782149 1.14181 5.36635 3.84984
920 500 0.0077609 1.12653 5.33181 3.83434
920 520 0.008497 1.15639 5.40366 3.86301
920 540 0.00769366 1.11729 5.30912 3.82295
920 560 0.00882966 1.12928 5.33787 3.83583
920 580 0.00919771 1.10546 5.27937 3.81299
920 600 0.00874119 1.12799 5.33396 3.83564
920 620 0.00915525 1.13785 5.35705 3.84847
920 640 0.00882259 1.10073 5.26879 3.80992
920 660 0.00714159 1.13538 5.34996 3.8455
920 680 0.00639841 1.11874 5.31224 3.82685
920 700 0.00674523 1.10605 5.28064 3.81322
940 240 0.00831298 1.13585 5.35037 3.84432
940 260 0.00856424 1.13823 5.3582 3.84874
940 280 0.00678769 1.13799 5.3575 3.84832
940 300 0.00615465 1.12705 5.33261 3.8351
940 320 0.00786396 1.12496 5.32562 3.83112
940 340 0.0064798 1.13716 5.35534 3.8467
940 360 0.00696506 1.13498 5.35015 3.84558
940 380 0.00738577 1.1834 5.4748 3.92201
940 400 0.0081298 1.12789 5.33368 3.8352
940 420 0.00804798 1.12292 5.32176 3.82975
940 440 0.00758395 1.12844 5.33532 3.83597
940 460 0.00849035 1.11344 5.29733 3.81853
940 480 0.00785688 1.12954 5.3392 3.83655
940 500 0.00828467 1.14284 5.36895 3.84935
940 520 0.00847577 1.11663 5.30599 3.82258
940 540 0.00769366 1.10875 5.28555 3.81426
940 560 0.00765119 1.13518 5.35064 3.84502
940 580 0.00761227 1.10693 5.28237 3.81352
940 600 0.00835898 1.09422 5.25815 3.80164
940 620 0.00978164 1.14421 5.37298 3.8524
940 640 0.00751006 1.14806 5.38489 3.85586
940 660 0.0062577 1.11999 5.31519 3.82825
940 680 0.00643422 1.11015 5.28899 3.81494
940 700 0.0056977 1.20594 5.53933 3.9582
940 720 0.00543936 1.11861 5.3128 3.82732
960 240 0.00569812 1.15797 5.41097 3.87046
960 260 0.00818911 1.12185 5.31963 3.82859
960 280 0.00801925 1.14138 5.36461 3.84912
960 300 0.00722341 1.13387 5.34749 3.84197
960 320 0.0078423 1.13158 5.34112 3.83863
960 340 0.00675938 1.13747 5.35606 3.84749
960 360 0.00746009 1.15512 5.40417 3.86012
960 380 0.00827801 1.11343 5.29754 3.81858
960 400 0.00705311 1.12182 5.31962 3.82871
960 420 0.01009 1.12197 5.32015 3.82874
960 440 0.00606575 1.12859 5.33617 3.83598
960 460 0.00733269 1.11507 5.30142 3.81998
960 480 0.00878451 1.1341 5.34774 3.8422
960 500 0.0081148 1.12296 5.32217 3.82962
960 520 0.00882258 1.12692 5.33214 3.83546
960 540 0.00925787 1.10767 5.28404 3.81387
960 560 0.00904242 1.12043 5.31592 3.82904
960 580 0.00678104 1.10815 5.28422 3.81464
960 600 0.00642672 1.10358 5.27334 3.81085
960 620 0.00800551 1.10584 5.28015 3.8132
960 640 0.00888982 1.12544 5.32711 3.83253
960 660 0.00756272 1.10576 5.27983 3.81297
960 680 0.00857217 1.09338 5.25693 3.80185
960 700 0.00740701 1.11335 5.29711 3.81877
960 720 0.00686201 1.10039 5.26828 3.80839
960 740 0.00510004 1.11077 5.28996 3.81593
980 240 0.0073787 1.16501 5.42498 3.87604
980 260 0.00776798 1.13277 5.34356 3.84034
980 280 0.00829217 1.15909 5.4137 3.87179
980 300 0.00696464 1.16545 5.42537 3.87799
980 320 0.0087695 1.15255 5.39559 3.85997
980 340 0.0068412 1.14753 5.38303 3.85553
980 360 0.00668506 1.14156 5.36568 3.84972
980 380 0.00785645 1.14528 5.37691 3.85343
980 400 0.00765119 1.14345 5.37078 3.85008
980 420 0.00910924 1.15436 5.40152 3.86152
980 440 0.00622854 1.11761 5.31033 3.82337
980 460 0.00892521 1.12073 5.31683 3.82888
980 480 0.00742824 1.12656 5.3318 3.83452
980 500 0.00667799 1.14223 5.36678 3.84972
980 520 0.00777548 1.12903 5.33797 3.83595
980 540 0.00795908 1.11465 5.30033 3.81964
980 560 0.00887298 1.11764 5.31046 3.82381
980 580 0.00855009 1.12235 5.32002 3.82933
980 600 0.00838772 1.12028 5.31543 3.82871
980 620 0.00855009 1.14306 5.36973 3.84953
980 640 0.00759103 1.11258 5.29526 3.81761
980 660 0.00854301 1.12165 5.31981 3.82868
980 680 0.00782857 1.12307 5.32192 3.82993
980 700 0.00755564 1.13631 5.35132 3.84501
980 720 0.00769366 1.12291 5.32179 3.82975
980 740 0.00730438 1.10623 5.28052 3.81357
980 760 0.00669214 1.12453 5.32345 3.83075
