1000 200 0.00798074 1.14355 4.84886 4.56179
1000 220 0.00729022 1.14023 4.84087 4.55195
1000 240 0.0073787 1.13158 4.82277 4.54476
1000 260 0.009633 1.12334 4.8076 4.53506
1000 280 0.00778921 1.14671 4.85601 4.56583
1000 300 0.00892521 1.14445 4.85117 4.56387
1000 320 0.00795908 1.15488 4.87514 4.58608
1000 340 0.00820327 1.13186 4.82238 4.54346
1000 360 0.00765119 1.13183 4.82199 4.54333
1000 380 0.00758395 1.13157 4.82289 4.54493
1000 400 0.00739993 1.13085 4.82119 4.54471
1000 420 0.0094419 1.12374 4.80824 4.53597
1000 440 0.00687617 1.11672 4.79745 4.5265
1000 460 0.0098033 1.14889 4.86049 4.56939
1000 480 0.00866687 1.1282 4.81571 4.54155
1000 500 0.0108115 1.15769 4.8801 4.58991
1000 520 0.0100086 1.13051 4.82048 4.5448
1000 540 0.00847577 1.1343 4.82955 4.54753
1000 560 0.00974314 1.13179 4.82232 4.54369
1000 580 0.00893314 1.11397 4.79284 4.52387
1000 600 0.00812895 1.13521 4.83156 4.54947
1000 620 0.00889733 1.11608 4.79554 4.52492
1000 640 0.00723756 1.13095 4.8216 4.54503
1000 660 0.00915524 1.12853 4.81671 4.54284
1000 680 0.00881551 1.13108 4.8217 4.54523
1000 700 0.0101253 1.09514 4.76593 4.49948
1000 720 0.00770824 1.13161 4.82256 4.54467
1000 740 0.00767951 1.11926 4.80007 4.52817
1000 760 0.00688324 1.11526 4.79446 4.52496
1000 780 0.00659701 1.13862 4.83696 4.55203
420 200 0.00221892 1.25928 5.11324 4.80389
440 200 0.00250557 1.26261 5.12459 4.81314
440 220 0.00274976 1.33237 5.32784 4.99534
460 200 0.00447365 1.18224 4.93247 4.63341
460 220 0.00328768 1.16824 4.90128 4.6023
460 240 0.00224723 1.28928 5.20169 4.884
480 200 0.00489478 1.18481 4.93506 4.6371
480 220 0.00435644 1.27963 5.17643 4.86073
480 240 0.00321336 1.2151 4.99305 4.7017
480 260 0.00320628 1.24131 5.06835 4.75971
500 200 0.00498283 1.2145 4.99102 4.6988
500 220 0.00337615 1.25209 5.0977 4.79326
500 240 0.00341154 1.20838 4.98399 4.68971
500 260 0.00346463 1.24641 5.08359 4.77584
500 280 0.00338323 1.25063 5.09678 4.79052
520 200 0.00497575 1.17114 4.90435 4.60614
520 220 0.00524825 1.12647 4.8122 4.53755
520 240 0.00464352 1.2114 4.98877 4.696
520 260 0.00510669 1.19739 4.96585 4.66723
520 280 0.0043856 1.2433 5.07438 4.76617
520 300 0.00492267 1.28687 5.1946 4.87564
540 200 0.00650812 1.21342 4.99012 4.69618
540 220 0.00535796 1.19068 4.94794 4.64706
540 240 0.00531903 1.16205 4.89169 4.59427
540 260 0.00348586 1.24506 5.07819 4.77111
540 280 0.0042078 1.23869 5.06216 4.75573
540 300 0.00418657 1.21183 4.98784 4.69426
540 320 0.00456878 1.17963 4.92645 4.63028
560 200 0.00535088 1.26794 5.14275 4.82703
560 220 0.0061688 1.13785 4.8356 4.55179
560 240 0.00525575 1.16032 4.88425 4.59386
560 260 0.0056163 1.15728 4.87926 4.58994
560 280 0.00417949 1.17142 4.90465 4.6062
560 300 0.00471741 1.20679 4.98283 4.68849
560 320 0.00480588 1.17477 4.91182 4.6118
560 340 0.00560257 1.31516 5.27815 4.94971
580 200 0.00635283 1.12421 4.80928 4.53521
580 220 0.00742116 1.15732 4.87915 4.58986
580 240 0.00552783 1.15197 4.86617 4.57574
580 260 0.00738577 1.13975 4.83926 4.55169
580 280 0.0048417 1.15713 4.87876 4.59005
580 300 0.00481296 1.18968 4.94819 4.64816
580 320 0.00533673 1.17383 4.90958 4.60927
580 340 0.00381144 1.16924 4.90184 4.60435
580 360 0.00541812 1.15591 4.87539 4.58845
600 200 0.00633825 1.11596 4.79572 4.52494
600 220 0.00509254 1.18284 4.93136 4.6342
600 240 0.00829882 1.2568 5.10708 4.8006
600 260 0.00633825 1.18361 4.93272 4.63686
600 280 0.00598435 1.1506 4.8635 4.57303
600 300 0.00543936 1.24632 5.08366 4.77571
600 320 0.00526949 1.22333 5.02505 4.72257
600 340 0.00491559 1.18314 4.93128 4.63469
600 360 0.00452631 1.28881 5.20041 4.88221
600 380 0.00366281 1.21432 4.99089 4.69936
620 200 0.00596312 1.20255 4.97527 4.68021
620 220 0.00659659 1.14621 4.85613 4.56727
620 240 0.00719467 1.14986 4.86296 4.57282
620 260 0.00644088 1.11891 4.79999 4.52864
620 280 0.00627808 1.16711 4.89936 4.60029
620 300 0.00587465 1.17648 4.91811 4.61776
620 320 0.00537919 1.15308 4.86848 4.58041
620 340 0.0071062 1.16409 4.89172 4.59405
620 360 0.00570478 1.12092 4.80239 4.53041
620 380 0.00526241 1.15959 4.88476 4.59353
620 400 0.00391407 1.14481 4.85355 4.56512
640 200 0.00667091 1.18509 4.93567 4.63785
640 220 0.00686286 1.15624 4.87654 4.58855
640 240 0.00678769 1.13013 4.81939 4.54393
640 260 0.00639841 1.13494 4.83143 4.54858
640 280 0.00791704 1.14669 4.85601 4.56603
640 300 0.00639841 1.12376 4.80824 4.53592
640 320 0.00638071 1.12411 4.80905 4.53459
640 340 0.00643422 1.15178 4.86614 4.5759
640 360 0.00737162 1.12425 4.80938 4.53542
640 380 0.00535088 1.14591 4.85597 4.56702
640 400 0.00394238 1.18292 4.93091 4.63373
640 420 0.00431043 1.18414 4.9336 4.63655
660 200 0.00748883 1.16912 4.90188 4.60457
660 220 0.00809356 1.19405 4.95568 4.65588
660 240 0.00655766 1.12215 4.80531 4.53296
660 260 0.00669214 1.13167 4.82224 4.54448
660 280 0.00777591 1.1269 4.8144 4.53916
660 300 0.00731146 1.17422 4.91045 4.61017
660 320 0.00754856 1.16749 4.89947 4.59973
660 340 0.00661075 1.1509 4.86461 4.57402
660 360 0.00536504 1.21906 5.0098 4.71253
660 380 0.0060799 1.11741 4.79919 4.52837
660 400 0.00716325 1.11787 4.79948 4.52907
660 420 0.00674254 1.13663 4.83295 4.5484
660 440 0.00687617 1.1938 4.95479 4.65469
680 200 0.00867438 1.1408 4.84286 4.55364
680 220 0.00650812 1.16255 4.89158 4.59405
680 240 0.00660409 1.16215 4.8916 4.59362
680 260 0.0072973 1.1592 4.88438 4.59353
680 280 0.00571185 1.14211 4.84485 4.55646
680 300 0.00641256 1.1293 4.81843 4.54255
680 320 0.00927203 1.14015 4.84046 4.55131
680 340 0.00686951 1.15123 4.86494 4.5742
680 360 0.0059702 1.17332 4.90939 4.60916
680 380 0.00663283 1.11562 4.79541 4.52558
680 400 0.00518144 1.15243 4.86832 4.57815
680 420 0.00657536 1.16142 4.8896 4.59291
680 440 0.0052978 1.13572 4.83296 4.54883
680 460 0.0059702 1.15847 4.88204 4.59304
700 200 0.00883717 1.1841 4.93342 4.63689
700 220 0.0072588 1.13016 4.81957 4.54379
700 240 0.0059702 1.13402 4.82884 4.54658
700 260 0.0075773 1.1204 4.80192 4.52924
700 280 0.00840145 1.13364 4.82725 4.54568
700 300 0.00704604 1.11814 4.79963 4.52907
700 320 0.00716282 1.13354 4.82687 4.54547
700 340 0.00765119 1.14138 4.84345 4.55486
700 360 0.00689782 1.14206 4.8448 4.55626
700 380 0.00597727 1.15241 4.86808 4.5776
700 400 0.00704604 1.13455 4.83062 4.54753
700 420 0.00549952 1.16993 4.90294 4.60561
700 440 0.00712035 1.16222 4.8913 4.59333
700 460 0.00509254 1.13167 4.82224 4.54448
700 480 0.00712743 1.19436 4.95689 4.6585
720 200 0.00769409 1.14256 4.84521 4.5577
720 220 0.00777548 1.11209 4.79025 4.52322
720 240 0.00785645 1.12482 4.8103 4.53745
720 260 0.00786353 1.14276 4.84556 4.5583
720 280 0.0067523 1.16754 4.89958 4.59984
720 300 0.00639841 1.14609 4.85637 4.5672
720 320 0.00752379 1.11766 4.79939 4.52827
720 340 0.0067523 1.13201 4.82259 4.54419
720 360 0.00762685 1.16078 4.8839 4.59309
720 380 0.00714159 1.125 4.80978 4.53714
720 400 0.00634575 1.15562 4.87624 4.58861
720 420 0.00884467 1.14276 4.84556 4.5583
720 440 0.00756272 1.12574 4.81198 4.53868
720 460 0.00610822 1.15032 4.86354 4.57323
720 480 0.00554198 1.18452 4.93485 4.63712
720 500 0.00574724 1.1103 4.7892 4.52125
740 200 0.00703188 1.17231 4.90711 4.60634
740 220 0.00714159 1.15746 4.87943 4.58938
740 240 0.00676688 1.13559 4.83238 4.54882
740 260 0.00876327 1.12817 4.81564 4.54171
740 280 0.00778921 1.13065 4.82065 4.54487
740 300 0.00651562 1.12169 4.8044 4.53175
740 320 0.00882259 1.13006 4.81951 4.54404
740 340 0.00597062 1.12865 4.81747 4.54303
740 360 0.0075698 1.13022 4.82003 4.5441
740 380 0.0067952 1.13434 4.83013 4.5479
740 400 0.00771575 1.13212 4.82327 4.5442
740 420 0.00464309 1.17039 4.90322 4.60506
740 440 0.00731853 1.13038 4.81986 4.54399
740 460 0.00650812 1.15425 4.87386 4.58346
740 480 0.00614007 1.17082 4.90362 4.60558
740 500 0.00512085 1.10915 4.78646 4.51993
740 520 0.00555614 1.15222 4.86708 4.57662
760 200 0.00823993 1.12869 4.8174 4.54282
760 220 0.00787103 1.15198 4.86619 4.57561
760 240 0.00809399 1.14693 4.857 4.5674
760 260 0.00703188 1.13238 4.82326 4.5443
760 280 0.0072973 1.17511 4.91352 4.61419
760 300 0.00832006 1.13345 4.8267 4.54549
760 320 0.00686909 1.14401 4.84944 4.56296
760 340 0.00765119 1.14861 4.86035 4.56935
760 360 0.00625685 1.13708 4.8335 4.55021
760 380 0.00840145 1.12366 4.80805 4.53595
760 400 0.00793785 1.10816 4.78556 4.51901
760 420 0.00697922 1.13807 4.83653 4.55195
760 440 0.00703896 1.13629 4.83282 4.54919
760 460 0.00642007 1.13198 4.82279 4.54371
760 480 0.00722341 1.15339 4.87172 4.58294
760 500 0.00673503 1.20983 4.98666 4.69401
760 520 0.00571893 1.10187 4.77647 4.51173
760 540 0.00588172 1.15935 4.88458 4.59267
780 200 0.00829882 1.16495 4.89349 4.59433
780 220 0.00650812 1.11253 4.791 4.52286
780 240 0.00855716 1.15732 4.87915 4.58986
780 260 0.00746759 1.13615 4.83252 4.5488
780 280 0.00733269 1.16125 4.88409 4.59309
780 300 0.00757688 1.14502 4.85482 4.5672
780 320 0.00809356 1.12761 4.81587 4.54081
780 340 0.0075698 1.15798 4.87991 4.58988
780 360 0.00880843 1.12666 4.81357 4.5386
780 380 0.00962592 1.12969 4.81922 4.54331
780 400 0.00686328 1.11394 4.79282 4.52375
780 420 0.00821743 1.11717 4.79865 4.52864
780 440 0.00786353 1.14083 4.84285 4.55351
780 460 0.00864564 1.1371 4.83366 4.55042
780 480 0.00686201 1.11672 4.79745 4.5265
780 500 0.00661782 1.11899 4.80004 4.52852
780 520 0.00668506 1.15961 4.88506 4.59378
780 540 0.00606575 1.15986 4.88479 4.59365
780 560 0.00436352 1.1671 4.89953 4.60044
800 200 0.00678769 1.14467 4.85254 4.56476
800 220 0.00846954 1.12787 4.81583 4.54104
800 240 0.00832006 1.1248 4.81018 4.5375
800 260 0.00902784 1.12204 4.80498 4.53255
800 280 0.00827759 1.12846 4.81657 4.54258
800 300 0.00835941 1.15704 4.87867 4.58999
800 320 0.00684828 1.1354 4.83194 4.54914
800 340 0.00921187 1.11922 4.80016 4.52803
800 360 0.00838022 1.1219 4.80426 4.53206
800 380 0.00784938 1.14711 4.85787 4.5686
800 400 0.00817496 1.13478 4.8315 4.54871
800 420 0.00838022 1.11155 4.78988 4.52274
800 440 0.00740035 1.12247 4.80648 4.53417
800 460 0.00749548 1.13562 4.83242 4.54884
800 480 0.00645503 1.19025 4.94798 4.64663
800 500 0.0068974 1.12559 4.81151 4.53898
800 520 0.00759811 1.14767 4.85846 4.56742
800 540 0.00706104 1.153 4.86803 4.58018
800 560 0.00510669 1.1116 4.79017 4.5227
800 580 0.00633867 1.17616 4.91661 4.61632
820 200 0.00580741 1.15077 4.86402 4.57322
820 220 0.00749591 1.16211 4.89145 4.59361
820 240 0.00759103 1.11489 4.79466 4.52609
820 260 0.00814311 1.14373 4.84919 4.56249
820 280 0.00706727 1.11733 4.79922 4.52853
820 300 0.00744947 1.13481 4.83166 4.54898
820 320 0.00910216 1.1355 4.83165 4.54873
820 340 0.00676065 1.1313 4.8226 4.54588
820 360 0.00874827 1.13065 4.82065 4.54487
820 380 0.00723006 1.13661 4.83299 4.54815
820 400 0.00714909 1.11423 4.79332 4.52474
820 420 0.00892564 1.13028 4.82046 4.54454
820 440 0.00774675 1.18904 4.945 4.64653
820 460 0.00769366 1.12341 4.80773 4.53525
820 480 0.00775425 1.12298 4.80721 4.53413
820 500 0.00793077 1.11609 4.79561 4.52509
820 520 0.00606617 1.15338 4.87176 4.58282
820 540 0.00713493 1.10178 4.77621 4.51126
820 560 0.00713493 1.14594 4.85603 4.56708
820 580 0.00700003 1.12563 4.81151 4.5389
820 600 0.00620731 1.14399 4.84939 4.56276
840 200 0.00813603 1.14234 4.84511 4.55771
840 220 0.00823993 1.12938 4.81846 4.54276
840 240 0.0100081 1.12606 4.81229 4.53751
840 260 0.0076512 1.15377 4.87258 4.58435
840 280 0.00641964 1.11179 4.78972 4.52311
840 300 0.00713493 1.13062 4.82068 4.54507
840 320 0.00772594 1.14668 4.85616 4.56624
840 340 0.00844038 1.16087 4.8841 4.59348
840 360 0.00844746 1.13114 4.82182 4.54533
840 380 0.00919064 1.14207 4.84473 4.55622
840 400 0.00815103 1.11952 4.80116 4.52871
840 420 0.00894645 1.11284 4.79097 4.52195
840 440 0.00838729 1.14629 4.856 4.56674
840 460 0.00786396 1.11098 4.7894 4.52228
840 480 0.00826343 1.10588 4.78195 4.51517
840 500 0.00693633 1.1352 4.83166 4.54956
840 520 0.00844038 1.1609 4.88358 4.5929
840 540 0.00704604 1.11037 4.78876 4.52124
840 560 0.00651562 1.14323 4.84674 4.55954
840 580 0.00524117 1.1088 4.78553 4.51894
840 600 0.00558091 1.15281 4.86878 4.57932
840 620 0.00571185 1.12713 4.81449 4.53948
860 200 0.00838022 1.15536 4.87533 4.58745
860 220 0.00872703 1.1417 4.84456 4.55554
860 240 0.0065227 1.13243 4.82346 4.54438
860 260 0.00729022 1.13289 4.82468 4.54465
860 280 0.00793785 1.13648 4.83304 4.54866
860 300 0.00994174 1.13625 4.83257 4.54903
860 320 0.00819662 1.13882 4.83689 4.55116
860 340 0.00801924 1.15124 4.86502 4.57435
860 360 0.00897915 1.12987 4.81956 4.54307
860 380 0.00641964 1.15926 4.88421 4.5926
860 400 0.00864649 1.15182 4.86635 4.57581
860 420 0.0092508 1.13407 4.82924 4.54709
860 440 0.00735746 1.15303 4.86797 4.58023
860 460 0.0059702 1.11725 4.79884 4.52842
860 480 0.00629578 1.11867 4.79968 4.52853
860 500 0.00714159 1.12385 4.80857 4.53628
860 520 0.00940297 1.11986 4.80123 4.52927
860 540 0.00674565 1.12105 4.80295 4.53078
860 560 0.00675981 1.15038 4.86332 4.57312
860 580 0.0069226 1.13906 4.83794 4.55124
860 600 0.00526949 1.17463 4.91123 4.61095
860 620 0.00586757 1.13448 4.83015 4.54699
860 640 0.00651519 1.13692 4.83301 4.54942
880 200 0.00821035 1.15274 4.86852 4.57911
880 220 0.00695756 1.14162 4.8442 4.55545
880 240 0.00748133 1.12807 4.81577 4.54222
880 260 0.00650812 1.14134 4.84349 4.55459
880 280 0.00734685 1.13755 4.8343 4.55081
880 300 0.00918441 1.12594 4.81202 4.5381
880 320 0.00742201 1.13494 4.83143 4.54858
880 340 0.00859963 1.16484 4.8935 4.5941
880 360 0.00817496 1.11727 4.79904 4.52861
880 380 0.0083948 1.13841 4.83733 4.5524
880 400 0.00887256 1.12926 4.81819 4.54244
880 420 0.00898538 1.12105 4.80295 4.53078
880 440 0.00975729 1.11321 4.79191 4.52268
880 460 0.00766535 1.13673 4.83331 4.54875
880 480 0.00795243 1.11181 4.79007 4.5232
880 500 0.00877743 1.10618 4.78304 4.51513
880 520 0.00810814 1.13534 4.83211 4.54983
880 540 0.00821035 1.10894 4.78541 4.51931
880 560 0.00668506 1.136 4.8317 4.54715
880 580 0.00730438 1.11653 4.79593 4.52541
880 600 0.00871996 1.12263 4.80639 4.53407
880 620 0.00688367 1.15549 4.87549 4.58813
880 640 0.00714866 1.15008 4.86345 4.57346
880 660 0.00635991 1.25352 5.10129 4.79712
900 200 0.00897476 1.1223 4.80641 4.53418
900 220 0.00793827 1.12083 4.80211 4.53036
900 240 0.00865979 1.11791 4.79962 4.52967
900 260 0.0077609 1.15293 4.86832 4.57996
900 280 0.00802675 1.16132 4.88951 4.59343
900 300 0.00961885 1.13438 4.83028 4.54771
900 320 0.00893937 1.13214 4.82333 4.54434
900 340 0.00763704 1.12616 4.81197 4.53752
900 360 0.00834129 1.12622 4.81175 4.53718
900 380 0.0078423 1.12282 4.80672 4.53403
900 400 0.00791704 1.12935 4.81859 4.54263
900 420 0.00767951 1.13674 4.83341 4.54875
900 440 0.00883674 1.13257 4.82399 4.54443
900 460 0.00908801 1.11395 4.79283 4.5238
900 480 0.00868811 1.12526 4.8107 4.53728
900 500 0.00802632 1.16216 4.89162 4.59374
900 520 0.00880135 1.1176 4.7995 4.52843
900 540 0.00659659 1.1554 4.87557 4.58756
900 560 0.00615422 1.12547 4.81097 4.5378
900 580 0.00715617 1.10564 4.78151 4.515
900 600 0.00919856 1.12326 4.80722 4.53516
900 620 0.00603744 1.11771 4.79949 4.52861
900 640 0.00720883 1.13072 4.82066 4.54497
900 660 0.00689032 1.14579 4.85562 4.56747
900 680 0.0058888 1.12699 4.81425 4.53928
920 200 0.00926495 1.13581 4.83242 4.54794
920 220 0.00873454 1.13403 4.82878 4.5463
920 240 0.00812895 1.14528 4.85614 4.56807
920 260 0.0083134 1.12456 4.8107 4.53766
920 280 0.00899953 1.15004 4.86315 4.57338
920 300 0.009633 1.12023 4.80138 4.52885
920 320 0.00725129 1.1745 4.9111 4.61031
920 340 0.00741451 1.13774 4.83533 4.55175
920 360 0.00770159 1.12865 4.81747 4.54303
920 380 0.00703188 1.13616 4.83257 4.54876
920 400 0.00944898 1.13143 4.8226 4.54557
920 420 0.00785645 1.13555 4.83189 4.54856
920 440 0.00720175 1.12702 4.81437 4.53908
920 460 0.00642715 1.14598 4.85636 4.56781
920 480 0.0100754 1.11595 4.79558 4.52483
920 500 0.00955161 1.13337 4.82587 4.54516
920 520 0.00793785 1.11396 4.79283 4.52387
920 540 0.00847577 1.13176 4.8223 4.54384
920 560 0.00723714 1.12365 4.80803 4.53577
920 580 0.00796616 1.10384 4.77928 4.51448
920 600 0.0078423 1.12303 4.80677 4.53405
920 620 0.00792369 1.10586 4.78181 4.5154
920 640 0.00562338 1.09936 4.77335 4.50807
920 660 0.00714201 1.1104 4.78915 4.52176
920 680 0.00891106 1.11687 4.79772 4.5274
920 700 0.00484127 1.17036 4.90316 4.60494
940 200 0.00815811 1.15767 4.88018 4.58934
940 220 0.00767993 1.12535 4.81137 4.53754
940 240 0.00728314 1.13095 4.8216 4.54503
940 260 0.00695756 1.12825 4.8162 4.54176
940 280 0.00881593 1.14176 4.84452 4.55541
940 300 0.00713536 1.13763 4.83464 4.55081
940 320 0.00874869 1.12329 4.80743 4.53499
940 340 0.00863191 1.14894 4.86009 4.56919
940 360 0.00616838 1.13509 4.83149 4.54877
940 380 0.00816788 1.13533 4.83209 4.54972
940 400 0.00908801 1.13989 4.83985 4.55161
940 420 0.00775382 1.12244 4.8063 4.53408
940 440 0.00838022 1.15338 4.87176 4.58282
940 460 0.0095308 1.1139 4.79322 4.52364
940 480 0.0099055 1.17263 4.9073 4.60799
940 500 0.00863898 1.11532 4.79456 4.52459
940 520 0.00830632 1.12049 4.80194 4.52934
940 540 0.00823158 1.12012 4.8017 4.52872
940 560 0.00909508 1.11899 4.80004 4.52852
940 580 0.00946356 1.11346 4.79268 4.52321
940 600 0.00916983 1.12752 4.81579 4.54015
940 620 0.00632409 1.12861 4.81729 4.54285
940 640 0.00621438 1.15455 4.87439 4.58455
940 660 0.00685493 1.12482 4.8103 4.53745
940 680 0.00632452 1.12178 4.80393 4.5316
940 700 0.00669922 1.1011 4.77631 4.51017
940 720 0.00778256 1.13196 4.82277 4.54345
960 200 0.00738577 1.14837 4.86065 4.56936
960 220 0.00866022 1.13312 4.82487 4.54525
960 240 0.00723006 1.12787 4.81583 4.54104
960 260 0.0093605 1.13619 4.83278 4.54885
960 280 0.00674523 1.13943 4.83898 4.55219
960 300 0.00715574 1.14444 4.85106 4.5639
960 320 0.00837314 1.14015 4.84046 4.55131
960 340 0.00866687 1.13957 4.83912 4.55239
960 360 0.00720883 1.13694 4.83322 4.54964
960 380 0.00886548 1.13778 4.83551 4.5519
960 400 0.00810064 1.12389 4.80833 4.53566
960 420 0.00966131 1.1216 4.80426 4.53139
960 440 0.00908135 1.1363 4.83274 4.54915
960 460 0.00838729 1.12298 4.80721 4.53413
960 480 0.00831298 1.12946 4.81842 4.54313
960 500 0.00670757 1.12067 4.80224 4.53001
960 520 0.00694426 1.12434 4.80941 4.5358
960 540 0.00962635 1.13515 4.83149 4.54921
960 560 0.00785645 1.11574 4.79554 4.52574
960 580 0.00978164 1.10497 4.78159 4.5151
960 600 0.00763392 1.13342 4.82654 4.5456
960 620 0.00721633 1.11498 4.79513 4.52604
960 640 0.00865979 1.11738 4.79952 4.52868
960 660 0.00675938 1.12301 4.80699 4.53441
960 680 0.00801259 1.11902 4.80006 4.5285
960 700 0.0070885 1.14333 4.84723 4.56012
960 720 0.00729772 1.18234 4.93237 4.63395
960 740 0.00571893 1.11577 4.79533 4.52565
980 200 0.00734062 1.14409 4.84991 4.56321
980 220 0.00954495 1.14056 4.84263 4.55336
980 240 0.00881551 1.16696 4.89929 4.6003
980 260 0.00714866 1.12246 4.8064 4.53386
980 280 0.00863148 1.13589 4.83226 4.54763
980 300 0.00828509 1.13639 4.83282 4.54866
980 320 0.00707435 1.12436 4.80942 4.53559
980 340 0.00757773 1.1407 4.84286 4.55358
980 360 0.00810064 1.12448 4.80994 4.53709
980 380 0.0083059 1.12291 4.80716 4.53421
980 400 0.00712743 1.12552 4.81108 4.53792
980 420 0.00820327 1.12338 4.80779 4.53531
980 440 0.00969359 1.15121 4.86503 4.57431
980 460 0.00977456 1.14919 4.86137 4.57076
980 480 0.00776798 1.13381 4.82785 4.54621
980 500 0.00891106 1.14765 4.85847 4.56694
980 520 0.010097 1.13994 4.83993 4.55183
980 540 0.00855009 1.12515 4.81021 4.53685
980 560 0.00850451 1.09917 4.77347 4.50739
980 580 0.00685493 1.1182 4.7993 4.52877
980 600 0.00881551 1.10495 4.78147 4.51501
980 620 0.00867395 1.11788 4.79932 4.52895
980 640 0.00813688 1.11933 4.80043 4.52852
980 660 0.00582156 1.13407 4.82924 4.54709
980 680 0.00876993 1.10643 4.7839 4.51665
980 700 0.00678061 1.18343 4.93207 4.63608
980 720 0.00667133 1.17088 4.90425 4.60599
980 740 0.00630286 1.16403 4.8915 4.59421
980 760 0.0051527 1.14845 4.85997 4.56875
