1000 140 0.00901496 1.12247 4.80648 4.53417
1000 160 0.00748883 1.155 4.87453 4.58552
1000 180 0.00731896 1.14745 4.8577 4.56801
1000 200 0.00722298 1.13546 4.83196 4.54918
1000 220 0.00744367 1.14133 4.84353 4.55441
1000 240 0.00769366 1.14929 4.86172 4.57116
1000 260 0.00808648 1.13407 4.82924 4.54709
1000 280 0.00915525 1.14183 4.84494 4.55571
1000 300 0.00760519 1.14287 4.84531 4.55782
1000 320 0.00825282 1.12077 4.80226 4.53016
1000 340 0.00818954 1.12409 4.80906 4.53476
1000 360 0.00800509 1.11925 4.80017 4.52815
1000 380 0.007952 1.13314 4.82506 4.5452
1000 400 0.00748883 1.14227 4.84446 4.55687
1000 420 0.00889775 1.12442 4.80961 4.53634
1000 440 0.00909508 1.14452 4.85133 4.56368
1000 460 0.00871288 1.13827 4.83765 4.55239
1000 480 0.00857175 1.11597 4.79589 4.52494
1000 500 0.00873411 1.11617 4.79559 4.52527
1000 520 0.00933262 1.14025 4.84088 4.55206
1000 540 0.00875535 1.12624 4.81194 4.53739
1000 560 0.00799093 1.12724 4.81509 4.54013
1000 580 0.00840853 1.12686 4.81426 4.53906
1000 600 0.009633 1.12825 4.8162 4.54176
1000 620 0.00669964 1.10162 4.77584 4.51084
1000 640 0.00972148 1.10225 4.7765 4.51194
1000 660 0.00947064 1.11925 4.80017 4.52815
1000 680 0.00801967 1.13063 4.82066 4.54502
1000 700 0.00897561 1.10761 4.78488 4.51852
1000 720 0.0075698 1.13513 4.83149 4.54917
1000 740 0.00669922 1.12844 4.81613 4.54233
1000 760 0.00579325 1.10612 4.78274 4.51486
1000 780 0.00605159 1.13607 4.83208 4.54738
360 140 0.00205613 1.19433 4.95668 4.65833
380 140 0.0031992 1.2422 5.07212 4.76197
380 160 0.00260112 1.22582 5.03136 4.7331
400 140 0.00215876 1.38029 5.4746 5.14088
400 160 0.00230739 1.20905 4.98545 4.69234
400 180 0.00336907 1.1375 4.8341 4.55037
420 140 0.00419365 1.17295 4.90854 4.60887
420 160 0.00314612 1.24099 5.06687 4.75831
420 180 0.00356725 1.26633 5.13539 4.82194
420 200 0.00257989 1.22454 5.03043 4.72907
440 140 0.00491559 1.18618 4.93804 4.64358
440 160 0.00376544 1.2107 4.98753 4.69499
440 180 0.00336907 1.27638 5.16818 4.84999
440 200 0.0039353 1.18126 4.93074 4.63398
440 220 0.00347878 1.2228 5.02331 4.72034
460 140 0.00446615 1.23733 5.05834 4.75463
460 160 0.00330183 1.14456 4.8517 4.56415
460 180 0.00399547 1.20273 4.97555 4.68129
460 200 0.00490144 1.21953 5.01195 4.71409
460 220 0.00482004 1.25753 5.10884 4.80295
460 240 0.00276391 1.2693 5.1477 4.83011
480 140 0.00386807 1.18884 4.94516 4.6471
480 160 0.00604451 1.20358 4.97598 4.68106
480 180 0.00463644 1.26894 5.14597 4.82924
480 200 0.00462186 1.19955 4.96859 4.67314
480 220 0.00417241 1.13774 4.83533 4.55175
480 240 0.00381144 1.25011 5.0961 4.78989
480 260 0.00381852 1.2255 5.03151 4.73231
500 140 0.00640549 1.14872 4.86043 4.56967
500 160 0.00447365 1.2599 5.11411 4.80608
500 180 0.00543228 1.21651 4.99834 4.70708
500 200 0.00373005 1.21679 4.99857 4.70805
500 220 0.00456212 1.12625 4.81195 4.53729
500 240 0.00507131 1.12659 4.81324 4.53809
500 260 0.00328768 1.23779 5.06039 4.75576
500 280 0.00286654 1.26294 5.12621 4.81362
520 140 0.00649396 1.16713 4.89948 4.60044
520 160 0.00757022 1.13826 4.83748 4.55229
520 180 0.0045617 1.17886 4.92419 4.6255
520 200 0.00608868 1.18453 4.93473 4.63702
520 220 0.00499033 1.15856 4.88274 4.59293
520 240 0.00386099 1.14787 4.8596 4.5687
520 260 0.0064338 1.16478 4.89316 4.5942
520 280 0.00383268 1.18372 4.93353 4.63748
520 300 0.00384683 1.24635 5.08352 4.77575
540 140 0.00644795 1.16657 4.89877 4.5997
540 160 0.00767993 1.19761 4.96514 4.66775
540 180 0.0075698 1.18198 4.93228 4.63267
540 200 0.00535131 1.17735 4.92127 4.62091
540 220 0.00581448 1.22019 5.01434 4.7141
540 240 0.00564504 1.14085 4.84258 4.5536
540 260 0.0051602 1.2547 5.10336 4.79752
540 280 0.00528364 1.1749 4.91175 4.6122
540 300 0.00374463 1.13083 4.82114 4.54498
540 320 0.00356725 1.17086 4.90405 4.60581
560 140 0.00679477 1.21966 5.01213 4.71395
560 160 0.00812895 1.14736 4.85772 4.56772
560 180 0.00679477 1.15652 4.87584 4.58793
560 200 0.00543228 1.17132 4.90443 4.60648
560 220 0.00580741 1.1666 4.89909 4.59966
560 240 0.00573309 1.16565 4.89339 4.59545
560 260 0.00639841 1.25461 5.10282 4.79726
560 280 0.00650104 1.14349 4.8482 4.56114
560 300 0.00571936 1.19021 4.94827 4.64723
560 320 0.00357433 1.19405 4.95568 4.65588
560 340 0.00493017 1.12281 4.80647 4.53393
580 140 0.00865272 1.14269 4.84498 4.55787
580 160 0.0072973 1.1378 4.83564 4.5518
580 180 0.00537919 1.17262 4.90749 4.60791
580 200 0.00650146 1.12729 4.81487 4.54012
580 220 0.00633825 1.16833 4.90096 4.60244
580 240 0.00666383 1.17896 4.92428 4.62619
580 260 0.0056977 1.1094 4.7867 4.51941
580 280 0.00473864 1.14683 4.85643 4.56687
580 300 0.00498991 1.14165 4.84405 4.55532
580 320 0.00616838 1.18241 4.93267 4.63398
580 340 0.00595604 1.22702 5.03404 4.73415
580 360 0.00455462 1.21401 4.9916 4.69901
600 140 0.00733311 1.13742 4.83377 4.55056
600 160 0.0061613 1.11774 4.79959 4.52869
600 180 0.00624312 1.14704 4.85744 4.56833
600 200 0.00775382 1.11622 4.79569 4.52552
600 220 0.00793077 1.17641 4.91752 4.61715
600 240 0.00573309 1.18517 4.9359 4.63763
600 260 0.00586757 1.13078 4.82124 4.54509
600 280 0.00647711 1.10842 4.78548 4.51836
600 300 0.00639841 1.10594 4.78228 4.51542
600 320 0.00582156 1.16573 4.89495 4.59708
600 340 0.00545351 1.1092 4.78649 4.51977
600 360 0.00586403 1.17873 4.92409 4.62477
600 380 0.00436394 1.18235 4.93249 4.63402
620 140 0.00793077 1.14497 4.85436 4.56643
620 160 0.00815769 1.14261 4.84516 4.55793
620 180 0.00686201 1.15445 4.87404 4.58438
620 200 0.00750256 1.143 4.8458 4.55888
620 220 0.008497 1.18906 4.9448 4.6463
620 240 0.00696506 1.15904 4.88452 4.59421
620 260 0.00652227 1.13367 4.82765 4.54601
620 280 0.00621127 1.13159 4.82285 4.54495
620 300 0.00741409 1.12128 4.80332 4.53059
620 320 0.00537919 1.12446 4.80995 4.53697
620 340 0.00460063 1.12289 4.80705 4.53425
620 360 0.00525576 1.16145 4.88978 4.59335
620 380 0.00505715 1.19419 4.9561 4.65743
620 400 0.00445199 1.16463 4.89316 4.59393
640 140 0.00763435 1.12682 4.8145 4.53903
640 160 0.00837314 1.16044 4.88391 4.593
640 180 0.00675273 1.18729 4.94083 4.64446
640 200 0.00714159 1.12976 4.81939 4.54322
640 220 0.00680227 1.12518 4.81056 4.53732
640 240 0.00626393 1.15388 4.87237 4.58387
640 260 0.00765827 1.11252 4.79105 4.52281
640 280 0.00749548 1.13831 4.83763 4.55242
640 300 0.00890398 1.14488 4.85357 4.56569
640 320 0.00536504 1.16426 4.89294 4.59463
640 340 0.00712078 1.13695 4.83345 4.54987
640 360 0.00695799 1.1704 4.90321 4.60476
640 380 0.00490894 1.14276 4.84556 4.5583
640 400 0.0067523 1.10938 4.78685 4.51931
640 420 0.00509254 1.13454 4.8305 4.54717
660 140 0.00776133 1.16696 4.89929 4.6003
660 160 0.00776798 1.1452 4.85584 4.56796
660 180 0.00660367 1.12732 4.81506 4.54025
660 200 0.00678061 1.14172 4.84443 4.55525
660 220 0.00641256 1.10263 4.77668 4.51274
660 240 0.00768701 1.14554 4.85601 4.56777
660 260 0.00849035 1.13845 4.83722 4.55161
660 280 0.00775382 1.12393 4.8087 4.53617
660 300 0.00595647 1.13114 4.82182 4.54533
660 320 0.0072159 1.17338 4.90922 4.60882
660 340 0.00587549 1.16821 4.90115 4.60195
660 360 0.00689075 1.13916 4.83854 4.55168
660 380 0.00663198 1.09898 4.77238 4.50674
660 400 0.00696506 1.22284 5.0236 4.72023
660 420 0.00580033 1.176 4.91653 4.61625
660 440 0.00720883 1.18168 4.93163 4.63283
680 140 0.00914463 1.1239 4.80852 4.53573
680 160 0.00774675 1.14494 4.85384 4.56573
680 180 0.00766535 1.1402 4.84061 4.55148
680 200 0.00775382 1.14204 4.84499 4.55605
680 220 0.00705354 1.12813 4.81552 4.54158
680 240 0.00595647 1.14038 4.84201 4.55278
680 260 0.00703188 1.15615 4.87629 4.58871
680 280 0.00809795 1.16044 4.88391 4.593
680 300 0.00731188 1.11404 4.79296 4.52396
680 320 0.00677354 1.12877 4.81748 4.54307
680 340 0.00746717 1.13223 4.82384 4.54464
680 360 0.00714159 1.15586 4.87575 4.58873
680 380 0.00705311 1.13577 4.8325 4.54773
680 400 0.00613299 1.16167 4.8907 4.59323
680 420 0.00651562 1.12268 4.80634 4.53335
680 440 0.0056977 1.15149 4.86495 4.57489
680 460 0.00473157 1.17353 4.91012 4.6096
700 140 0.00841561 1.14766 4.85833 4.5673
700 160 0.00802632 1.20204 4.97431 4.67875
700 180 0.00792369 1.17633 4.91693 4.61698
700 200 0.00777548 1.15096 4.86461 4.57412
700 220 0.00978914 1.12523 4.81087 4.5374
700 240 0.00694341 1.13015 4.81966 4.54386
700 260 0.00713451 1.12546 4.81117 4.53796
700 280 0.00648731 1.14193 4.84505 4.55623
700 300 0.00608033 1.14211 4.84485 4.55646
700 320 0.00641964 1.1355 4.83165 4.54873
700 340 0.0062427 1.15948 4.88488 4.59339
700 360 0.0074884 1.13006 4.81951 4.54404
700 380 0.00634575 1.16826 4.90135 4.60219
700 400 0.00596312 1.11364 4.79295 4.52361
700 420 0.00659659 1.13938 4.8392 4.55257
700 440 0.00510712 1.12427 4.80919 4.53519
700 460 0.00546767 1.13035 4.82024 4.54419
700 480 0.00510669 1.12283 4.80674 4.53407
720 140 0.00803383 1.13169 4.82207 4.54437
720 160 0.00858548 1.12016 4.80178 4.52895
720 180 0.00886505 1.13621 4.83236 4.54839
720 200 0.00739993 1.1565 4.87581 4.58772
720 220 0.00686909 1.11841 4.79916 4.52808
720 240 0.00804048 1.1224 4.80646 4.53408
720 260 0.00923395 1.13596 4.83163 4.5474
720 280 0.00767243 1.1259 4.81168 4.538
720 300 0.00632409 1.14906 4.86043 4.56964
720 320 0.00775382 1.13832 4.83748 4.55247
720 340 0.00672088 1.10983 4.78853 4.52081
720 360 0.00615422 1.11232 4.79144 4.52322
720 380 0.0077609 1.13241 4.8235 4.54486
720 400 0.00731896 1.1225 4.80623 4.53406
720 420 0.00641256 1.11659 4.79635 4.52565
720 440 0.00703896 1.12713 4.81449 4.53948
720 460 0.00462186 1.14251 4.84562 4.55845
720 480 0.00661075 1.14985 4.86295 4.57282
720 500 0.00526241 1.15919 4.8843 4.59356
740 140 0.0101568 1.12502 4.80995 4.53698
740 160 0.00949852 1.12838 4.81594 4.54228
740 180 0.00871684 1.12756 4.81577 4.54049
740 200 0.00743532 1.12744 4.81585 4.54055
740 220 0.00876285 1.13899 4.83725 4.55057
740 240 0.00896145 1.16226 4.8911 4.59318
740 260 0.00743532 1.10696 4.78414 4.51759
740 280 0.00850408 1.12601 4.81225 4.53766
740 300 0.00740701 1.11851 4.79927 4.52819
740 320 0.00777506 1.14335 4.84723 4.56007
740 340 0.0072973 1.1391 4.83814 4.55138
740 360 0.0065227 1.16197 4.89139 4.59386
740 380 0.00858548 1.13264 4.8244 4.54477
740 400 0.00632452 1.15644 4.87562 4.58789
740 420 0.00767951 1.11722 4.79894 4.52883
740 440 0.00792412 1.13375 4.8276 4.54589
740 460 0.00555656 1.12704 4.81442 4.53895
740 480 0.00648688 1.14832 4.86038 4.56943
740 500 0.0069863 1.17626 4.91665 4.61669
740 520 0.00505007 1.24318 5.07418 4.76536
760 140 0.00784272 1.12667 4.81343 4.53842
760 160 0.00875535 1.13405 4.82911 4.54693
760 180 0.00775382 1.14835 4.86062 4.56926
760 200 0.00765827 1.14591 4.85597 4.56702
760 220 0.00917648 1.12794 4.81604 4.54109
760 240 0.00815019 1.1253 4.81084 4.53763
760 260 0.00715574 1.12623 4.81187 4.53717
760 280 0.0078573 1.15492 4.87507 4.58596
760 300 0.00795951 1.12483 4.8102 4.53739
760 320 0.008497 1.1597 4.88506 4.5937
760 340 0.00748133 1.11342 4.79258 4.52304
760 360 0.00794493 1.10936 4.78671 4.51946
760 380 0.00595604 1.15703 4.87862 4.59009
760 400 0.00947064 1.10949 4.7869 4.51966
760 420 0.00768658 1.1633 4.89236 4.59441
760 440 0.00790246 1.14792 4.86002 4.56913
760 460 0.00758395 1.1382 4.83719 4.55253
760 480 0.00635283 1.15661 4.87621 4.58827
760 500 0.00580783 1.17501 4.91335 4.61365
760 520 0.0052416 1.16063 4.88404 4.59261
760 540 0.00669922 1.12621 4.81186 4.53723
780 140 0.00868853 1.15206 4.86648 4.57546
780 160 0.00839437 1.14034 4.84132 4.55203
780 180 0.0095308 1.13774 4.83533 4.55175
780 200 0.00712743 1.19341 4.95447 4.65396
780 220 0.0101041 1.14093 4.84284 4.55358
780 240 0.0092508 1.13807 4.83653 4.55195
780 260 0.00911674 1.12321 4.80726 4.53504
780 280 0.00863856 1.14754 4.85859 4.56793
780 300 0.00704604 1.1409 4.84276 4.55338
780 320 0.00732604 1.14656 4.85622 4.56672
780 340 0.00901411 1.14676 4.85589 4.56587
780 360 0.00947021 1.14067 4.84287 4.55383
780 380 0.00855716 1.12891 4.81772 4.54348
780 400 0.00965424 1.17019 4.9028 4.60493
780 420 0.00759188 1.10605 4.78211 4.51467
780 440 0.00936758 1.12852 4.81684 4.54284
780 460 0.00801217 1.16189 4.89159 4.59372
780 480 0.00795285 1.12314 4.80693 4.53519
780 500 0.00651519 1.09344 4.76329 4.49786
780 520 0.00624977 1.23519 5.05804 4.75399
780 540 0.00594939 1.17103 4.9042 4.60652
780 560 0.00705311 1.18375 4.93329 4.63723
800 140 0.00915524 1.12158 4.80448 4.53193
800 160 0.00793785 1.12891 4.81772 4.54348
800 180 0.0100687 1.12458 4.81073 4.53813
800 200 0.00802632 1.13546 4.83196 4.54918
800 220 0.00731231 1.12503 4.80992 4.53698
800 240 0.00823158 1.12758 4.81584 4.54071
800 260 0.00948437 1.14042 4.84211 4.55302
800 280 0.00801924 1.14809 4.85951 4.5691
800 300 0.00669214 1.11791 4.79962 4.52967
800 320 0.00751671 1.1141 4.79294 4.52384
800 340 0.00766535 1.14316 4.84685 4.55922
800 360 0.007952 1.17069 4.90329 4.60552
800 380 0.00891106 1.12328 4.80758 4.53549
800 400 0.00672088 1.1114 4.78967 4.52218
800 420 0.00644088 1.13015 4.81966 4.54386
800 440 0.00783522 1.11214 4.79039 4.52327
800 460 0.00660367 1.10981 4.78833 4.5208
800 480 0.00722341 1.14657 4.85627 4.56663
800 500 0.00794493 1.12924 4.81827 4.54233
800 520 0.0067952 1.13858 4.83712 4.55219
800 540 0.0060799 1.15983 4.88483 4.59378
800 560 0.00728314 1.09376 4.76385 4.49949
800 580 0.00524825 1.13334 4.8256 4.5453
820 140 0.00822493 1.12542 4.81105 4.53763
820 160 0.00735392 1.12462 4.81041 4.53799
820 180 0.00843726 1.13895 4.83702 4.55073
820 200 0.00840187 1.13454 4.8305 4.54717
820 220 0.00749591 1.1157 4.79583 4.52588
820 240 0.00841603 1.11854 4.79942 4.52814
820 260 0.00752379 1.12352 4.80777 4.53517
820 280 0.00999398 1.12908 4.81806 4.54329
820 300 0.00843019 1.12004 4.80154 4.52867
820 320 0.00740701 1.14002 4.83992 4.55103
820 340 0.00810064 1.11672 4.79745 4.5265
820 360 0.00919106 1.13104 4.8216 4.54511
820 380 0.0108265 1.12247 4.80648 4.53417
820 400 0.00804756 1.10644 4.78394 4.51665
820 420 0.00723799 1.14656 4.85622 4.56672
820 440 0.00731853 1.16356 4.89247 4.59441
820 460 0.00781087 1.10551 4.78125 4.51505
820 480 0.00866687 1.12769 4.81584 4.54064
820 500 0.00821035 1.15194 4.86622 4.57542
820 520 0.00796659 1.16432 4.89329 4.59514
820 540 0.00668506 1.09461 4.76464 4.49849
820 560 0.00614714 1.12442 4.80961 4.53634
820 580 0.00661825 1.1731 4.90898 4.60895
820 600 0.00552783 1.17017 4.90291 4.60509
840 140 0.00829174 1.12195 4.80426 4.53237
840 160 0.00793077 1.14505 4.85486 4.56696
840 180 0.00821035 1.13674 4.83341 4.54875
840 200 0.0101037 1.12976 4.81939 4.54322
840 220 0.00742867 1.14966 4.86179 4.57169
840 240 0.00875535 1.14035 4.84134 4.55185
840 260 0.00919814 1.12567 4.81147 4.53873
840 280 0.0075313 1.14139 4.84344 4.55474
840 300 0.00815726 1.13095 4.8216 4.54503
840 320 0.00962593 1.1548 4.87479 4.58557
840 340 0.00840853 1.13047 4.82024 4.54435
840 360 0.0087695 1.13544 4.83168 4.5492
840 380 0.00696464 1.12517 4.81039 4.53701
840 400 0.00746405 1.12226 4.80589 4.5334
840 420 0.0089783 1.15681 4.87764 4.58867
840 440 0.00882966 1.11478 4.79498 4.52637
840 460 0.00883717 1.11283 4.79077 4.52204
840 480 0.00921895 1.13717 4.83427 4.55087
840 500 0.00795951 1.11779 4.79979 4.52865
840 520 0.00783522 1.13384 4.82797 4.54622
840 540 0.00875577 1.10354 4.77813 4.514
840 560 0.0069863 1.11308 4.79158 4.52235
840 580 0.00743617 1.10239 4.77597 4.51174
840 600 0.00591003 1.12305 4.8067 4.53397
840 620 0.00567646 1.1651 4.89385 4.59519
860 140 0.00866022 1.14113 4.84332 4.55463
860 160 0.00782814 1.14648 4.85578 4.56653
860 180 0.00881551 1.13871 4.83707 4.55166
860 200 0.00804756 1.12307 4.80679 4.53454
860 220 0.00840895 1.12592 4.81184 4.53818
860 240 0.00793077 1.12687 4.81431 4.539
860 260 0.00857132 1.11376 4.79326 4.52356
860 280 0.00705311 1.13656 4.83317 4.54828
860 300 0.00790246 1.13516 4.8315 4.54921
860 320 0.00757688 1.13033 4.82044 4.54457
860 340 0.00917648 1.11566 4.79566 4.52597
860 360 0.00876285 1.116 4.79584 4.52514
860 380 0.0073787 1.12956 4.81892 4.54334
860 400 0.00924018 1.12272 4.80616 4.53361
860 420 0.00838022 1.11814 4.79963 4.52907
860 440 0.00989842 1.1215 4.80395 4.53175
860 460 0.00911717 1.11942 4.80133 4.52857
860 480 0.00776798 1.12585 4.81169 4.53832
860 500 0.00882258 1.11652 4.79587 4.52557
860 520 0.00707562 1.10896 4.78574 4.51945
860 540 0.00747425 1.1326 4.82411 4.54462
860 560 0.00555614 1.11991 4.80119 4.52931
860 580 0.00743532 1.13423 4.82973 4.54743
860 600 0.00689825 1.16801 4.90047 4.60157
860 620 0.00635948 1.17699 4.91909 4.61956
860 640 0.00503945 1.12235 4.80642 4.53398
880 140 0.00794578 1.1561 4.87641 4.58929
880 160 0.00899245 1.13067 4.82058 4.54476
880 180 0.00916232 1.1407 4.84286 4.55358
880 200 0.00874119 1.13877 4.83705 4.55113
880 220 0.00986346 1.16009 4.88495 4.59429
880 240 0.00828467 1.13549 4.83192 4.54904
880 260 0.00866687 1.12769 4.81584 4.54064
880 280 0.00849035 1.13579 4.83227 4.54776
880 300 0.00766535 1.13193 4.82271 4.54369
880 320 0.00946313 1.1377 4.83515 4.55155
880 340 0.0102452 1.13813 4.83674 4.55216
880 360 0.00760519 1.14251 4.84562 4.55845
880 380 0.00827051 1.1365 4.83312 4.54841
880 400 0.0075698 1.10943 4.78666 4.51947
880 420 0.00940651 1.15163 4.86582 4.5756
880 440 0.00838022 1.11588 4.79548 4.52524
880 460 0.00615422 1.11653 4.79593 4.52541
880 480 0.00840853 1.13206 4.8233 4.54455
880 500 0.00722298 1.10525 4.7816 4.51573
880 520 0.00793077 1.11093 4.78932 4.52192
880 540 0.00893937 1.12117 4.80355 4.5309
880 560 0.00793785 1.13565 4.83246 4.54891
880 580 0.00658951 1.12857 4.817 4.54283
880 600 0.00812895 1.15851 4.88228 4.59297
880 620 0.0067213 1.12799 4.81577 4.54189
880 640 0.00703896 1.12314 4.80693 4.53519
880 660 0.00532965 1.14408 4.8498 4.56313
900 140 0.00720925 1.14023 4.84087 4.55195
900 160 0.00936135 1.13607 4.83208 4.54738
900 180 0.00801259 1.12863 4.81747 4.54307
900 200 0.00795908 1.13036 4.82016 4.54435
900 220 0.00785645 1.14132 4.84331 4.55466
900 240 0.00715574 1.12799 4.81577 4.54189
900 260 0.00657578 1.14169 4.84453 4.55545
900 280 0.00802632 1.12055 4.80206 4.52968
900 300 0.00764454 1.14609 4.85637 4.5672
900 320 0.00858633 1.139 4.8372 4.55067
900 340 0.00881551 1.13333 4.82558 4.54541
900 360 0.00697172 1.12263 4.80639 4.53407
900 380 0.0100152 1.13855 4.83732 4.55222
900 400 0.00766535 1.12302 4.80697 4.53406
900 420 0.00852885 1.12118 4.80364 4.53095
900 440 0.0086748 1.11467 4.79417 4.52627
900 460 0.00661075 1.11711 4.79848 4.52808
900 480 0.00961885 1.14852 4.85959 4.56922
900 500 0.0093145 1.11936 4.80069 4.52874
900 520 0.00770116 1.13002 4.81977 4.54403
900 540 0.00840145 1.1153 4.79433 4.52502
900 560 0.00706062 1.12493 4.8099 4.53715
900 580 0.00657536 1.15051 4.86351 4.57354
900 600 0.00868103 1.14443 4.85112 4.56407
900 620 0.00669214 1.14203 4.84491 4.55605
900 640 0.00741451 1.1205 4.80185 4.52919
900 660 0.00552075 1.10791 4.7852 4.51984
900 680 0.0063524 1.15145 4.86513 4.57479
920 140 0.00767951 1.13456 4.83069 4.54769
920 160 0.00863856 1.13361 4.82735 4.54558
920 180 0.00783564 1.13588 4.83215 4.54754
920 200 0.00759103 1.17603 4.91689 4.61657
920 220 0.00953745 1.12877 4.81748 4.54307
920 240 0.00810857 1.1432 4.84669 4.55923
920 260 0.00802632 1.13972 4.83912 4.55202
920 280 0.0094419 1.14805 4.8595 4.56933
920 300 0.00774675 1.12513 4.81007 4.53716
920 320 0.00827759 1.14394 4.8491 4.56215
920 340 0.00769409 1.12675 4.81435 4.53883
920 360 0.00919814 1.12054 4.80212 4.52973
920 380 0.00533673 1.1513 4.86493 4.57428
920 400 0.00882258 1.12496 4.81014 4.53731
920 420 0.00915567 1.12021 4.80171 4.52925
920 440 0.0086673 1.14273 4.84549 4.55834
920 460 0.00873411 1.10659 4.7847 4.51675
920 480 0.00901411 1.10459 4.78117 4.51541
920 500 0.0084837 1.14483 4.85368 4.56529
920 520 0.00812187 1.11372 4.79334 4.52383
920 540 0.00661825 1.12136 4.80372 4.53137
920 560 0.00748883 1.1145 4.79418 4.52625
920 580 0.00715574 1.15196 4.86618 4.57539
920 600 0.0081148 1.14792 4.86002 4.56913
920 620 0.00821743 1.13564 4.83241 4.54886
920 640 0.00722298 1.1245 4.80979 4.5369
920 660 0.00786353 1.11706 4.79837 4.52826
920 680 0.00663198 1.13714 4.83405 4.55071
920 700 0.00633825 1.10031 4.77536 4.51025
940 140 0.00874119 1.13085 4.82119 4.54471
940 160 0.0081148 1.1269 4.8144 4.53916
940 180 0.00907428 1.13283 4.82459 4.5451
940 200 0.00865314 1.14833 4.86037 4.56927
940 220 0.00801924 1.13996 4.83995 4.55162
940 240 0.00778921 1.13153 4.82234 4.54448
940 260 0.00867395 1.1376 4.83471 4.55134
940 280 0.00894687 1.16316 4.89216 4.59328
940 300 0.00791662 1.12268 4.80634 4.53335
940 320 0.00936928 1.13048 4.82033 4.54447
940 340 0.00732646 1.11878 4.79987 4.52852
940 360 0.00742201 1.13223 4.82384 4.54464
940 380 0.00874827 1.14875 4.86041 4.5695
940 400 0.00819619 1.15511 4.87488 4.58655
940 420 0.00884382 1.13905 4.8377 4.55107
940 440 0.00936801 1.12042 4.80178 4.52899
940 460 0.00829967 1.11573 4.79568 4.52579
940 480 0.00757688 1.1189 4.80001 4.52882
940 500 0.00840145 1.13184 4.82195 4.54331
940 520 0.00855009 1.14723 4.85801 4.56832
940 540 0.00988469 1.11881 4.79959 4.52864
940 560 0.0082112 1.14089 4.84268 4.55338
940 580 0.00806214 1.13603 4.8318 4.54693
940 600 0.00686909 1.14003 4.84002 4.55148
940 620 0.00796701 1.13264 4.8244 4.54477
940 640 0.00874161 1.12898 4.81745 4.54337
940 660 0.00801217 1.15078 4.86407 4.57307
940 680 0.00724464 1.09915 4.77329 4.50723
940 700 0.00579325 1.15084 4.86436 4.57354
940 720 0.00677396 1.10699 4.78395 4.51742
960 140 0.0093959 1.17366 4.91021 4.60972
960 160 0.00733269 1.13739 4.83384 4.55098
960 180 0.00910216 1.14308 4.84658 4.55903
960 200 0.00738577 1.13918 4.83882 4.55182
960 220 0.00846161 1.13454 4.8305 4.54717
960 240 0.00865272 1.13111 4.82169 4.54526
960 260 0.00782106 1.12742 4.81582 4.54064
960 280 0.00722298 1.1529 4.86851 4.5802
960 300 0.007952 1.1449 4.85368 4.56561
960 320 0.00851824 1.12578 4.81162 4.53842
960 340 0.00817496 1.13171 4.82204 4.5442
960 360 0.00860756 1.13113 4.8218 4.54507
960 380 0.00938174 1.12285 4.8068 4.53422
960 400 0.00819619 1.13882 4.83689 4.55116
960 420 0.00740035 1.11864 4.79984 4.52845
960 440 0.00725922 1.14404 4.84961 4.56324
960 460 0.0098108 1.12044 4.80204 4.52915
960 480 0.00988427 1.11842 4.7991 4.52798
960 500 0.00919063 1.11065 4.78936 4.52203
960 520 0.00773259 1.12387 4.80861 4.53604
960 540 0.0075698 1.12117 4.80355 4.5309
960 560 0.00989135 1.12761 4.81587 4.54081
960 580 0.00801924 1.13889 4.83729 4.55129
960 600 0.00732561 1.12451 4.81017 4.53705
960 620 0.0085784 1.12356 4.80761 4.53526
960 640 0.00820369 1.10125 4.77602 4.51027
960 660 0.00642672 1.11579 4.79531 4.52559
960 680 0.00791662 1.12685 4.81434 4.53906
960 700 0.00669257 1.10012 4.77454 4.50932
960 720 0.00750256 1.11608 4.79554 4.52492
960 740 0.00596312 1.1574 4.87925 4.5894
980 140 0.00800509 1.14265 4.84537 4.55836
980 160 0.0075698 1.14589 4.85589 4.56722
980 180 0.0116435 1.1347 4.83114 4.54827
980 200 0.00865979 1.13304 4.82481 4.5449
980 220 0.00782857 1.13446 4.83022 4.54727
980 240 0.007952 1.14094 4.84283 4.55311
980 260 0.0061613 1.13153 4.82234 4.54448
980 280 0.00739993 1.12772 4.81584 4.54092
980 300 0.00955203 1.12976 4.81939 4.54322
980 320 0.00895353 1.12962 4.819 4.54368
980 340 0.00933969 1.14917 4.86116 4.57032
980 360 0.00812187 1.13046 4.8203 4.54435
980 380 0.00832713 1.13098 4.82175 4.5453
980 400 0.00943482 1.12008 4.8017 4.52885
980 420 0.00689032 1.15194 4.86622 4.57542
980 440 0.00750298 1.1223 4.80641 4.53418
980 460 0.00945648 1.13495 4.8313 4.54807
980 480 0.0103775 1.16006 4.88484 4.59396
980 500 0.00938882 1.1087 4.78519 4.51893
980 520 0.00758395 1.12668 4.81369 4.53844
980 540 0.00957992 1.13009 4.81945 4.54399
980 560 0.00755564 1.14757 4.85822 4.56744
980 580 0.00813603 1.14249 4.84567 4.55831
980 600 0.00845453 1.11417 4.79319 4.52434
980 620 0.0074884 1.12039 4.80199 4.52944
980 640 0.00854343 1.12741 4.81577 4.54049
980 660 0.00776798 1.09866 4.77121 4.50552
980 680 0.00820327 1.11018 4.78905 4.52085
980 700 0.00714866 1.11277 4.79126 4.5225
980 720 0.00640591 1.16612 4.89611 4.597
980 740 0.00706727 1.1174 4.79923 4.52849
980 760 0.00588172 1.20184 4.9738 4.67792
