1000 140 0.00838857 1.13894 2.78024 3.01836
1000 160 0.00642007 1.15119 2.78595 3.03082
1000 180 0.00659701 1.1615 2.77301 3.03596
1000 200 0.00624977 1.13935 2.78095 3.01805
1000 220 0.00708978 1.16069 2.77372 3.03533
1000 240 0.00669922 1.14876 2.77914 3.02711
1000 260 0.00711328 1.15393 2.78353 3.03201
1000 280 0.00834483 1.13387 2.79345 3.01528
1000 300 0.00742824 1.14657 2.78635 3.02338
1000 320 0.00718405 1.12119 2.79049 3.00288
1000 340 0.00757022 1.12317 2.78967 3.00367
1000 360 0.0070248 1.13237 2.79466 3.01409
1000 380 0.00705311 1.13765 2.78966 3.01707
1000 400 0.00642715 1.1589 2.77318 3.03364
1000 420 0.00765204 1.12721 2.79211 3.00636
1000 440 0.00820327 1.17094 2.77557 3.04976
1000 460 0.00782814 1.13798 2.78895 3.0168
1000 480 0.00776798 1.12798 2.79103 3.00605
1000 500 0.00801924 1.1262 2.79169 3.00535
1000 520 0.00862483 1.14015 2.78083 3.01843
1000 540 0.00804048 1.13045 2.79273 3.01058
1000 560 0.0068337 1.13123 2.7933 3.01087
1000 580 0.00787061 1.12405 2.79071 3.00501
1000 600 0.00874119 1.13933 2.78091 3.01814
1000 620 0.00608033 1.10643 2.79012 2.99505
1000 640 0.00900661 1.1083 2.78959 2.99483
1000 660 0.00857882 1.11846 2.79006 3.00192
1000 680 0.0073048 1.12847 2.79119 3.00685
1000 700 0.00835629 1.11665 2.79064 3.00138
1000 720 0.00693633 1.14124 2.78463 3.01939
1000 740 0.0060799 1.11555 2.79196 3.00052
1000 760 0.00552783 1.10797 2.78976 2.99504
1000 780 0.00577909 1.16456 2.77772 3.0403
360 140 0.000898892 1.12897 2.79099 3.00694
380 140 0.00160668 1.194 2.77345 3.0689
380 160 0.00106876 1.43521 2.93258 3.4374
400 140 0.000898892 1.40759 2.91257 3.38457
400 160 0.00115723 1.11309 2.79038 2.99838
400 180 0.00115723 1.24978 2.80415 3.14354
420 140 0.002226 1.26121 2.8091 3.15667
420 160 0.00181902 1.25707 2.80689 3.14824
420 180 0.00142973 1.51424 3.02398 3.59679
420 200 0.00151821 1.42092 2.92267 3.4093
440 140 0.00249849 1.30294 2.84299 3.21313
440 160 0.00258697 1.22553 2.79013 3.11564
440 180 0.0019535 1.41959 2.92263 3.41088
440 200 0.0021446 1.30373 2.84477 3.21282
440 220 0.00223307 1.18387 2.77718 3.06327
460 140 0.00224015 1.25711 2.80716 3.14859
460 160 0.00177655 1.36358 2.88501 3.3115
460 180 0.00212337 1.23278 2.79232 3.1248
460 200 0.00285947 1.29165 2.83238 3.2075
460 220 0.00295502 1.37499 2.89364 3.33083
460 240 0.00168808 1.33343 2.86154 3.26307
480 140 0.00234278 1.2826 2.82242 3.19436
480 160 0.00310365 1.27825 2.81774 3.18662
480 180 0.00312489 1.32807 2.85687 3.25573
480 200 0.00239586 1.38432 2.90357 3.35327
480 220 0.002226 1.40795 2.91242 3.38472
480 240 0.00230739 1.28397 2.82324 3.1976
480 260 0.00249142 1.16667 2.77329 3.04359
500 140 0.00321336 1.19375 2.77337 3.06877
500 160 0.00286697 1.38766 2.9007 3.35802
500 180 0.00337615 1.2308 2.79046 3.12194
500 200 0.00283823 1.2438 2.80122 3.13539
500 220 0.00303641 1.22909 2.79006 3.11747
500 240 0.00302934 1.25244 2.80325 3.14524
500 260 0.00238879 1.3089 2.84565 3.22553
500 280 0.00215876 1.34147 2.86753 3.27901
520 140 0.00390699 1.2284 2.7901 3.11749
520 160 0.00498283 1.24743 2.80236 3.13836
520 180 0.00275684 1.36772 2.88753 3.31825
520 200 0.00403213 1.22014 2.78895 3.10663
520 220 0.00347213 1.23077 2.79056 3.12194
520 240 0.00252681 1.20004 2.77583 3.07767
520 260 0.00365573 1.28409 2.82361 3.19693
520 280 0.00283115 1.23436 2.79372 3.12646
520 300 0.0026082 1.22496 2.79015 3.11537
540 140 0.00457585 1.22488 2.78986 3.11513
540 160 0.00490894 1.18628 2.77575 3.06339
540 180 0.00543936 1.21971 2.78958 3.10622
540 200 0.0041056 1.17851 2.78006 3.05686
540 220 0.0042078 1.25149 2.80426 3.14646
540 240 0.00395696 1.22544 2.79006 3.11554
540 260 0.00400297 1.25779 2.80746 3.14994
540 280 0.0039353 1.22023 2.78895 3.10651
540 300 0.00294129 1.23226 2.79191 3.12444
540 320 0.00239586 1.20565 2.78071 3.08574
560 140 0.00456878 1.2556 2.80697 3.14775
560 160 0.00580741 1.23813 2.79672 3.13064
560 180 0.00519517 1.18987 2.7747 3.06713
560 200 0.00365573 1.2814 2.81981 3.1927
560 220 0.00437767 1.18573 2.7767 3.06371
560 240 0.00385391 1.27273 2.81291 3.17414
560 260 0.00443783 1.25857 2.80957 3.15284
560 280 0.00490144 1.13208 2.79404 3.0137
560 300 0.0042967 1.22298 2.7885 3.10965
560 320 0.00285947 1.20575 2.78077 3.08672
560 340 0.00466475 1.11291 2.78992 2.99779
580 140 0.0054252 1.22096 2.7883 3.10822
580 160 0.0054252 1.16285 2.77272 3.03809
580 180 0.00403793 1.22869 2.78999 3.11725
580 200 0.00497575 1.14537 2.7873 3.02449
580 220 0.0045617 1.20229 2.77664 3.08053
580 240 0.00532965 1.2115 2.7842 3.09439
580 260 0.00400254 1.20133 2.77694 3.07913
580 280 0.00320628 1.21682 2.7879 3.10214
580 300 0.00366281 1.17633 2.78077 3.05416
580 320 0.00403793 1.20037 2.77566 3.07757
580 340 0.00392115 1.22314 2.78868 3.11014
580 360 0.00375128 1.23103 2.79107 3.12254
600 140 0.00482004 1.20866 2.78383 3.09022
600 160 0.00500407 1.14996 2.7793 3.02933
600 180 0.00418657 1.21474 2.78684 3.10137
600 200 0.0061613 1.1255 2.79141 3.00598
600 220 0.00570478 1.18652 2.77605 3.06354
600 240 0.00420073 1.19829 2.77533 3.07428
600 260 0.00436352 1.17174 2.77549 3.05104
600 280 0.00484878 1.12034 2.78945 3.00228
600 300 0.00444491 1.16622 2.77861 3.0429
600 320 0.00484127 1.20602 2.78039 3.08633
600 340 0.00465017 1.10443 2.79315 2.99408
600 360 0.00442014 1.22423 2.78983 3.11301
600 380 0.00347921 1.22184 2.78854 3.10919
620 140 0.0056977 1.18124 2.77706 3.05861
620 160 0.00565212 1.27182 2.81302 3.1722
620 180 0.00535088 1.20931 2.78412 3.09219
620 200 0.00554198 1.16949 2.78197 3.04756
620 220 0.00660367 1.26513 2.81067 3.1643
620 240 0.00571936 1.17166 2.77548 3.05111
620 260 0.00491559 1.1428 2.78617 3.02131
620 280 0.00487001 1.16011 2.77391 3.03503
620 300 0.00519517 1.17243 2.775 3.05148
620 320 0.0045617 1.16398 2.77836 3.03971
620 340 0.00380436 1.15236 2.78518 3.03161
620 360 0.00437102 1.22358 2.78952 3.11134
620 380 0.00381852 1.2497 2.80426 3.14356
620 400 0.00356018 1.19468 2.7741 3.07073
640 140 0.00593169 1.16359 2.77323 3.03871
640 160 0.00685493 1.23338 2.79179 3.12573
640 180 0.00506465 1.18859 2.77471 3.06473
640 200 0.00571893 1.13281 2.79506 3.0145
640 220 0.00581448 1.16472 2.77239 3.04045
640 240 0.0048342 1.19353 2.77299 3.0684
640 260 0.0059702 1.16671 2.77336 3.04386
640 280 0.00543228 1.21884 2.78917 3.10587
640 300 0.00668506 1.11045 2.78866 2.99635
640 320 0.0045617 1.1676 2.77391 3.04504
640 340 0.00588215 1.12944 2.79146 3.00744
640 360 0.00544643 1.18956 2.77505 3.0662
640 380 0.00420115 1.19335 2.77355 3.06902
640 400 0.00549952 1.15623 2.77312 3.03197
640 420 0.00445907 1.16333 2.77328 3.03849
660 140 0.00588923 1.22655 2.79034 3.1159
660 160 0.0064338 1.23326 2.79224 3.12572
660 180 0.00491559 1.16133 2.77297 3.03559
660 200 0.00526241 1.16387 2.77312 3.03996
660 220 0.00488728 1.13129 2.79329 3.01102
660 240 0.00591046 1.17995 2.77718 3.05871
660 260 0.00661117 1.17063 2.78234 3.04994
660 280 0.00632409 1.13254 2.79447 3.01443
660 300 0.00479881 1.1326 2.79429 3.01448
660 320 0.00480588 1.19046 2.77494 3.06725
660 340 0.00381894 1.20867 2.78394 3.09066
660 360 0.00518852 1.16181 2.77251 3.03642
660 380 0.00546767 1.12487 2.7918 3.00581
660 400 0.00571228 1.20653 2.78069 3.08625
660 420 0.00489436 1.1545 2.77638 3.0315
660 440 0.00605867 1.18296 2.77699 3.06164
680 140 0.00727253 1.1436 2.78623 3.02269
680 160 0.00560922 1.20342 2.77736 3.0827
680 180 0.00659659 1.17313 2.77583 3.05216
680 200 0.00624977 1.15828 2.77334 3.03372
680 220 0.00571936 1.13669 2.7918 3.01639
680 240 0.00454089 1.15398 2.78337 3.03137
680 260 0.00496868 1.18358 2.77668 3.0625
680 280 0.00657224 1.17239 2.77474 3.05125
680 300 0.00571936 1.12315 2.78969 3.00358
680 320 0.00535088 1.13125 2.79327 3.01108
680 340 0.00621438 1.16592 2.7736 3.04225
680 360 0.00606575 1.17544 2.78207 3.05431
680 380 0.00580033 1.14092 2.78532 3.01871
680 400 0.00586757 1.15043 2.78663 3.02887
680 420 0.00509296 1.14056 2.78025 3.01822
680 440 0.00481296 1.17103 2.77546 3.04991
680 460 0.00383975 1.16429 2.77845 3.04013
700 140 0.00645503 1.1967 2.77414 3.07328
700 160 0.00634532 1.24406 2.80148 3.13611
700 180 0.00631701 1.2164 2.78759 3.10303
700 200 0.00618296 1.16111 2.77234 3.03468
700 220 0.00810814 1.15818 2.77335 3.03376
700 240 0.0051527 1.15237 2.78541 3.03178
700 260 0.00580033 1.12008 2.78937 3.00233
700 280 0.00550702 1.16117 2.77239 3.03505
700 300 0.00508546 1.13419 2.7933 3.01533
700 320 0.00507131 1.17104 2.77533 3.05009
700 340 0.00499699 1.18751 2.77495 3.06314
700 360 0.00633825 1.19898 2.7747 3.07534
700 380 0.00510712 1.19867 2.77502 3.07494
700 400 0.00471741 1.11321 2.79074 2.99905
700 420 0.00571185 1.15305 2.78402 3.03066
700 440 0.00438518 1.15088 2.78661 3.0305
700 460 0.00448738 1.19797 2.77554 3.07466
700 480 0.00492975 1.11388 2.79066 2.99887
720 140 0.0056163 1.17354 2.77571 3.05288
720 160 0.00706727 1.1859 2.77652 3.06361
720 180 0.00727253 1.14137 2.77864 3.01954
720 200 0.0059702 1.20136 2.77683 3.079
720 220 0.0056163 1.15539 2.7745 3.03239
720 240 0.0062427 1.13652 2.79226 3.01646
720 260 0.00752422 1.22635 2.79041 3.11529
720 280 0.00652227 1.11773 2.78926 3.00121
720 300 0.00552783 1.15796 2.7736 3.03352
720 320 0.00695756 1.18628 2.77575 3.06339
720 340 0.00574767 1.11828 2.78999 3.00192
720 360 0.00526241 1.13619 2.79293 3.01589
720 380 0.00659659 1.18898 2.77474 3.06593
720 400 0.0062502 1.13248 2.79475 3.0145
720 420 0.00488728 1.15859 2.77387 3.03348
720 440 0.0053438 1.17434 2.77637 3.05399
720 460 0.00400254 1.19656 2.77409 3.07309
720 480 0.00597727 1.15974 2.77261 3.03447
720 500 0.00375128 1.1861 2.77583 3.0637
740 140 0.00801925 1.18652 2.77605 3.06354
740 160 0.00762642 1.13037 2.79243 3.01048
740 180 0.00719863 1.13019 2.79253 3.01009
740 200 0.00644795 1.14901 2.7792 3.02732
740 220 0.00697214 1.14519 2.78674 3.0242
740 240 0.00680935 1.18141 2.77743 3.05956
740 260 0.00617546 1.11898 2.78971 3.00186
740 280 0.00698587 1.16304 2.77306 3.03881
740 300 0.00651519 1.18547 2.77641 3.06321
740 320 0.00580741 1.15442 2.77656 3.03149
740 340 0.00612591 1.16525 2.77273 3.04098
740 360 0.00525575 1.19851 2.77549 3.0749
740 380 0.00708142 1.14464 2.78682 3.02335
740 400 0.00561673 1.17035 2.77619 3.04939
740 420 0.00642672 1.12731 2.792 3.0061
740 440 0.00686243 1.14625 2.78613 3.02381
740 460 0.00493725 1.16439 2.77802 3.04015
740 480 0.00594896 1.15762 2.7738 3.03331
740 500 0.00590338 1.16223 2.7724 3.03772
740 520 0.00443076 1.2357 2.79522 3.12813
760 140 0.00624312 1.16376 2.77349 3.03942
760 160 0.00669922 1.1606 2.77367 3.03505
760 180 0.00650812 1.18803 2.77416 3.06348
760 200 0.00632409 1.21293 2.78459 3.09698
760 220 0.00767243 1.16274 2.7728 3.03824
760 240 0.00716282 1.15473 2.77616 3.03143
760 260 0.00618253 1.13136 2.79391 3.01187
760 280 0.00660452 1.17303 2.77573 3.05217
760 300 0.00642715 1.1571 2.7728 3.03355
760 320 0.00706727 1.15769 2.77386 3.03371
760 340 0.00622146 1.11283 2.79021 2.99759
760 360 0.00686909 1.16849 2.7743 3.04725
760 380 0.00507131 1.17527 2.782 3.05461
760 400 0.00857882 1.15191 2.78511 3.03149
760 420 0.0058888 1.16996 2.77632 3.04843
760 440 0.00666383 1.14336 2.78665 3.02238
760 460 0.00668506 1.16033 2.77386 3.03486
760 480 0.00554949 1.14683 2.7869 3.0242
760 500 0.00526241 1.20414 2.77842 3.08356
760 520 0.00461521 1.14326 2.7867 3.02247
760 540 0.00553491 1.16823 2.77375 3.04691
780 140 0.00752422 1.1954 2.77353 3.07226
780 160 0.00669922 1.14767 2.77751 3.02491
780 180 0.00783522 1.15266 2.78501 3.03082
780 200 0.00587465 1.2109 2.78262 3.09374
780 220 0.00860006 1.15811 2.77347 3.03366
780 240 0.00746009 1.16551 2.77291 3.04104
780 260 0.00759146 1.15174 2.78518 3.03121
780 280 0.00668506 1.17225 2.77484 3.05127
780 300 0.00571893 1.16901 2.77559 3.0475
780 320 0.00597727 1.13447 2.79331 3.01584
780 340 0.00767993 1.1535 2.78381 3.03192
780 360 0.00785645 1.16169 2.77314 3.03604
780 380 0.00713451 1.12889 2.79037 3.00697
780 400 0.0080334 1.15698 2.77265 3.03312
780 420 0.00634575 1.11949 2.7899 3.00251
780 440 0.0080334 1.15002 2.77911 3.02928
780 460 0.00675938 1.16072 2.77324 3.03514
780 480 0.00695841 1.13172 2.79375 3.01277
780 500 0.00545351 1.11355 2.79105 2.9993
780 520 0.00535796 1.2373 2.79665 3.13104
780 540 0.00541855 1.18389 2.77734 3.06339
780 560 0.00678061 1.20137 2.77686 3.07914
800 140 0.00756272 1.13753 2.78958 3.01692
800 160 0.00686909 1.14377 2.78642 3.02252
800 180 0.00766577 1.14029 2.7804 3.01852
800 200 0.00740701 1.15144 2.78563 3.03134
800 220 0.00596354 1.15645 2.77305 3.03229
800 240 0.00716282 1.14374 2.78648 3.02283
800 260 0.00832006 1.13469 2.79317 3.01607
800 280 0.00713451 1.14862 2.77901 3.02675
800 300 0.00553491 1.15029 2.77972 3.02906
800 320 0.00627101 1.13231 2.79431 3.01395
800 340 0.00686909 1.1597 2.77262 3.03432
800 360 0.00661782 1.16069 2.77372 3.03533
800 380 0.00758395 1.17351 2.77568 3.05264
800 400 0.00563046 1.112 2.78915 2.99629
800 420 0.00473864 1.16685 2.77321 3.0439
800 440 0.00695048 1.12427 2.79093 3.00552
800 460 0.00543936 1.12383 2.79071 3.00495
800 480 0.00633117 1.147 2.77977 3.0246
800 500 0.00740701 1.14317 2.7867 3.02262
800 520 0.00634575 1.15588 2.77415 3.03256
800 540 0.00544643 1.15952 2.77314 3.0336
800 560 0.00692217 1.09468 2.79263 2.98549
800 580 0.00489436 1.14026 2.78053 3.01833
820 140 0.00661825 1.14988 2.77939 3.02907
820 160 0.00646919 1.15322 2.7844 3.0314
820 180 0.0072588 1.16156 2.77291 3.03588
820 200 0.00697214 1.13663 2.79211 3.0164
820 220 0.00660409 1.12553 2.79112 3.00572
820 240 0.00707477 1.11873 2.78998 3.00192
820 260 0.00637364 1.17101 2.7754 3.04968
820 280 0.00812895 1.16719 2.77302 3.04421
820 300 0.00734019 1.14002 2.78082 3.01831
820 320 0.00580033 1.15844 2.77384 3.03387
820 340 0.00684785 1.11842 2.79016 3.002
820 360 0.00776841 1.14176 2.78516 3.02047
820 380 0.00957369 1.12747 2.79188 3.00598
820 400 0.0066249 1.09731 2.79321 2.98857
820 420 0.00644173 1.14597 2.7858 3.02356
820 440 0.00625685 1.19557 2.77342 3.07285
820 460 0.00709601 1.10791 2.78977 2.99505
820 480 0.00793785 1.13998 2.781 3.01806
820 500 0.00731146 1.14278 2.78608 3.0215
820 520 0.00651519 1.14286 2.78654 3.02147
820 540 0.00579325 1.10277 2.79211 2.99209
820 560 0.00560922 1.14255 2.78592 3.02107
820 580 0.0058963 1.14999 2.77928 3.02919
820 600 0.00499699 1.15379 2.78305 3.03171
840 140 0.00678061 1.15288 2.78488 3.03101
840 160 0.00695756 1.13339 2.7947 3.01517
840 180 0.00697172 1.15118 2.78591 3.03102
840 200 0.00859255 1.16115 2.77243 3.03504
840 220 0.00652977 1.14771 2.77746 3.025
840 240 0.00759103 1.14633 2.78652 3.02389
840 260 0.00821077 1.17558 2.78211 3.05446
840 280 0.00654351 1.16377 2.77348 3.03942
840 300 0.00716282 1.13177 2.79397 3.0132
840 320 0.00785645 1.17597 2.78139 3.05479
840 340 0.0069788 1.16548 2.77296 3.04124
840 360 0.00725129 1.13635 2.79243 3.01622
840 380 0.00607283 1.12665 2.79121 3.00473
840 400 0.00674211 1.12424 2.79084 3.00553
840 420 0.00808648 1.1756 2.78215 3.05455
840 440 0.0077609 1.12704 2.79203 3.00592
840 460 0.00777548 1.13398 2.79349 3.01534
840 480 0.00833421 1.1433 2.78659 3.02243
840 500 0.00751714 1.12695 2.79195 3.00577
840 520 0.00684785 1.13632 2.79245 3.01606
840 540 0.00742159 1.11162 2.78863 2.99644
840 560 0.00600601 1.14234 2.77938 3.02112
840 580 0.00663283 1.11554 2.79207 3.00058
840 600 0.00491559 1.13578 2.79316 3.01709
840 620 0.00514562 1.13486 2.79296 3.01597
860 140 0.00696506 1.1348 2.79295 3.01598
860 160 0.00667799 1.15549 2.77395 3.03268
860 180 0.00739285 1.16307 2.77303 3.03868
860 200 0.00671337 1.14101 2.78549 3.01927
860 220 0.00688367 1.13053 2.79285 3.01041
860 240 0.00686201 1.17518 2.78172 3.05439
860 260 0.00758395 1.11395 2.79073 2.99904
860 280 0.0064338 1.20502 2.78006 3.08579
860 300 0.00737162 1.16419 2.77853 3.03997
860 320 0.00669214 1.12758 2.79131 3.00552
860 340 0.00748133 1.1162 2.79101 3.00095
860 360 0.00787103 1.12018 2.78988 3.0024
860 380 0.0067523 1.15138 2.78596 3.03117
860 400 0.00825282 1.14422 2.78726 3.02278
860 420 0.00775382 1.12109 2.79028 3.00276
860 440 0.00873411 1.12947 2.79154 3.00744
860 460 0.00794578 1.12999 2.79212 3.0089
860 480 0.00723006 1.14863 2.77895 3.02675
860 500 0.0081148 1.1406 2.78018 3.01819
860 520 0.00663325 1.11191 2.78928 2.99642
860 540 0.00640549 1.14436 2.78716 3.02258
860 560 0.00537919 1.13248 2.79475 3.0145
860 580 0.00636656 1.14807 2.77806 3.02598
860 600 0.0064488 1.17587 2.78154 3.05443
860 620 0.00546059 1.18537 2.77725 3.06368
860 640 0.00468556 1.12729 2.79192 3.00597
880 140 0.00661159 1.15419 2.77681 3.03149
880 160 0.00801924 1.13525 2.79355 3.01696
880 180 0.00800509 1.14884 2.779 3.02707
880 200 0.00784938 1.16211 2.77198 3.03698
880 220 0.00807983 1.15267 2.78504 3.03086
880 240 0.00686201 1.14493 2.78646 3.02343
880 260 0.00768658 1.13209 2.79404 3.01379
880 280 0.00723756 1.14149 2.77876 3.01968
880 300 0.00686909 1.13817 2.78832 3.01647
880 320 0.00767951 1.13987 2.7806 3.0177
880 340 0.00927203 1.13988 2.78052 3.01765
880 360 0.00680893 1.18566 2.77641 3.06335
880 380 0.00703188 1.1453 2.78719 3.02462
880 400 0.00676646 1.12643 2.79157 3.00478
880 420 0.00807941 1.17331 2.77594 3.05233
880 440 0.00739285 1.12935 2.7913 3.00744
880 460 0.00553491 1.15522 2.77515 3.03247
880 480 0.00751671 1.11499 2.79161 2.99997
880 500 0.00659659 1.10709 2.79021 2.99481
880 520 0.00712743 1.14255 2.78592 3.02107
880 540 0.00725129 1.14011 2.78064 3.01824
880 560 0.00669922 1.14639 2.78634 3.02367
880 580 0.00560922 1.12847 2.79119 3.00685
880 600 0.00768658 1.16504 2.77246 3.04082
880 620 0.00610199 1.14663 2.78696 3.02371
880 640 0.00606575 1.1028 2.79188 2.99196
880 660 0.00479881 1.12537 2.79169 3.00603
900 140 0.00560965 1.14965 2.77931 3.02893
900 160 0.00784315 1.18604 2.77571 3.06351
900 180 0.0073862 1.14546 2.78708 3.02434
900 200 0.00706019 1.15247 2.78532 3.03156
900 220 0.00652227 1.15348 2.78406 3.03195
900 240 0.00607283 1.13575 2.79321 3.01723
900 260 0.00569104 1.13344 2.79463 3.01534
900 280 0.00676646 1.12044 2.78935 3.00245
900 300 0.00648731 1.12984 2.79251 3.00934
900 320 0.00761312 1.14465 2.78674 3.02355
900 340 0.00782814 1.13622 2.7924 3.01582
900 360 0.00580741 1.13666 2.79187 3.01618
900 380 0.0091234 1.13742 2.78972 3.01688
900 400 0.00622854 1.1392 2.78064 3.01796
900 420 0.00773259 1.12953 2.79163 3.00757
900 440 0.00786396 1.11712 2.78945 3.00075
900 460 0.00599143 1.1208 2.78937 3.00265
900 480 0.00899953 1.13388 2.79352 3.01533
900 500 0.00832006 1.12278 2.78876 3.00231
900 520 0.00708185 1.14326 2.7867 3.02247
900 540 0.00724422 1.12301 2.78935 3.00374
900 560 0.00635283 1.13759 2.78951 3.01674
900 580 0.00586049 1.1846 2.77777 3.06469
900 600 0.00778921 1.14538 2.78725 3.02447
900 620 0.00606575 1.14013 2.78082 3.01834
900 640 0.00714909 1.15153 2.78556 3.03138
900 660 0.00490144 1.11175 2.78906 2.99664
900 680 0.00572601 1.13752 2.78959 3.01693
920 140 0.0064338 1.15285 2.78498 3.03115
920 160 0.00739993 1.12379 2.79074 3.00477
920 180 0.00685536 1.16088 2.77284 3.03521
920 200 0.00679477 1.19572 2.7729 3.07297
920 220 0.00836606 1.13096 2.79278 3.01075
920 240 0.00731231 1.17023 2.77615 3.04933
920 260 0.00686909 1.15074 2.78672 3.03
920 280 0.00808648 1.14938 2.77957 3.02891
920 300 0.00703896 1.12681 2.7917 3.00492
920 320 0.00748133 1.14462 2.78679 3.02326
920 340 0.00725172 1.13412 2.79324 3.01504
920 360 0.00829882 1.12385 2.79065 3.00493
920 380 0.00445199 1.14046 2.78032 3.01842
920 400 0.00775382 1.14711 2.77897 3.02461
920 420 0.00799844 1.12107 2.79035 3.0029
920 440 0.00794535 1.12376 2.79051 3.00458
920 460 0.00801924 1.13538 2.79344 3.01735
920 480 0.00794535 1.11616 2.791 3.0011
920 500 0.00768743 1.13875 2.78095 3.01745
920 520 0.00686909 1.11273 2.79008 2.99694
920 540 0.00616172 1.12631 2.79135 3.00528
920 560 0.00650104 1.13863 2.78107 3.01724
920 580 0.00618253 1.14509 2.7866 3.02389
920 600 0.00696464 1.13276 2.79499 3.01471
920 620 0.00741409 1.13388 2.79352 3.01533
920 640 0.00624977 1.15761 2.77394 3.03325
920 660 0.00706727 1.11488 2.79144 2.99963
920 680 0.00572601 1.16299 2.77312 3.0388
920 700 0.00607283 1.10169 2.79187 2.9908
940 140 0.00785645 1.14938 2.77957 3.02891
940 160 0.00704604 1.14023 2.78052 3.01839
940 180 0.00773302 1.14938 2.77957 3.02891
940 200 0.00731896 1.15559 2.77442 3.03261
940 220 0.00730438 1.15077 2.78679 3.03012
940 240 0.00644795 1.14008 2.78086 3.01811
940 260 0.00795908 1.14043 2.78032 3.01826
940 280 0.00822493 1.17962 2.77801 3.05825
940 300 0.00719467 1.13245 2.79465 3.01429
940 320 0.00838899 1.13252 2.79448 3.01433
940 340 0.00644173 1.12676 2.79146 3.00489
940 360 0.0064488 1.13927 2.78081 3.01808
940 380 0.007952 1.15344 2.78412 3.03173
940 400 0.0072159 1.15279 2.7847 3.03098
940 420 0.00812895 1.14622 2.78614 3.02384
940 440 0.00838772 1.1302 2.79243 3.00999
940 460 0.00749633 1.11636 2.79088 3.00106
940 480 0.00686909 1.12333 2.78995 3.00394
940 500 0.00750964 1.14834 2.77923 3.02661
940 520 0.00810772 1.16682 2.77327 3.04389
940 540 0.00889733 1.12423 2.79067 3.00542
940 560 0.00768036 1.14562 2.78669 3.02439
940 580 0.00760561 1.13999 2.7809 3.01803
940 600 0.00624977 1.1595 2.77313 3.03355
940 620 0.00734769 1.15593 2.77375 3.03224
940 640 0.00819619 1.14378 2.78653 3.02258
940 660 0.00773967 1.16258 2.77256 3.03807
940 680 0.00680227 1.09531 2.79287 2.98631
940 700 0.00552783 1.15586 2.77406 3.03267
940 720 0.00650854 1.12746 2.79189 3.00602
960 140 0.00787769 1.17251 2.77509 3.05169
960 160 0.00661782 1.15744 2.77329 3.03313
960 180 0.00784938 1.14991 2.77935 3.02907
960 200 0.00641256 1.15192 2.78504 3.03154
960 220 0.00667799 1.13122 2.79326 3.01096
960 240 0.00785645 1.14855 2.77937 3.02702
960 260 0.00711328 1.1401 2.78065 3.01834
960 280 0.00658951 1.1722 2.77448 3.05121
960 300 0.00722298 1.16867 2.77481 3.04686
960 320 0.00806879 1.13724 2.79047 3.0176
960 340 0.00754149 1.14218 2.78638 3.0213
960 360 0.00752464 1.13481 2.79309 3.0161
960 380 0.00821743 1.12316 2.7897 3.00363
960 400 0.00660367 1.13624 2.79241 3.01596
960 420 0.00668549 1.13578 2.79316 3.01709
960 440 0.00599186 1.12089 2.78942 3.00254
960 460 0.00874162 1.11791 2.78977 3.00164
960 480 0.00935343 1.12064 2.78935 3.00251
960 500 0.00829882 1.1291 2.791 3.00727
960 520 0.00720175 1.11227 2.79032 2.9966
960 540 0.00695048 1.13409 2.79335 3.01504
960 560 0.0093605 1.14207 2.77996 3.02144
960 580 0.00722298 1.15564 2.77429 3.03267
960 600 0.00651519 1.10806 2.78977 2.99504
960 620 0.00812895 1.13312 2.79474 3.01491
960 640 0.00722341 1.11832 2.79011 3.00213
960 660 0.00607283 1.10888 2.78936 2.99483
960 680 0.00720175 1.13309 2.79463 3.0149
960 700 0.00615422 1.12661 2.79115 3.00471
960 720 0.00714159 1.13575 2.79321 3.01723
960 740 0.00543228 1.19759 2.77608 3.07482
980 140 0.00684785 1.16114 2.77231 3.03502
980 160 0.00586757 1.16504 2.77246 3.04082
980 180 0.0105536 1.13886 2.7805 3.01812
980 200 0.00733269 1.13467 2.7932 3.01609
980 220 0.00667841 1.14416 2.78745 3.02301
980 240 0.00705311 1.15536 2.77468 3.03227
980 260 0.00552783 1.14942 2.77963 3.02904
980 280 0.00651519 1.1239 2.7908 3.00499
980 300 0.00857174 1.14211 2.77987 3.02148
980 320 0.00796616 1.14383 2.78663 3.02262
980 340 0.00836649 1.20014 2.77576 3.07745
980 360 0.00758395 1.13847 2.78078 3.01649
980 380 0.00752379 1.13875 2.78095 3.01745
980 400 0.00871996 1.12297 2.78926 3.0035
980 420 0.0063524 1.16167 2.77282 3.03575
980 440 0.00625728 1.13798 2.78895 3.0168
980 460 0.00864606 1.14401 2.78688 3.02246
980 480 0.00894772 1.15763 2.77382 3.03332
980 500 0.0085784 1.11136 2.7888 2.99597
980 520 0.00678769 1.14855 2.77937 3.02702
980 540 0.00833421 1.13229 2.79427 3.01356
980 560 0.00711328 1.17095 2.77529 3.04973
980 580 0.00732561 1.13322 2.79462 3.0147
980 600 0.00782814 1.11466 2.79102 2.99959
980 620 0.00686909 1.12247 2.78891 3.00255
980 640 0.0076587 1.1254 2.79193 3.00634
980 660 0.00696464 1.10895 2.7892 2.99476
980 680 0.00767243 1.11319 2.79051 2.99886
980 700 0.00688324 1.12962 2.79189 3.00795
980 720 0.00605202 1.18568 2.77665 3.06351
980 740 0.00635948 1.12237 2.78902 3.0031
980 760 0.00570478 1.20702 2.78181 3.08685
